user_pseudo_id,revenue_sum,ad_impression_count,max_time_in_game,max_session_number,max_world,max_level
00fbe7a816680f620609cbf9d1b4019c,0.18263620138168335,4,252213.0,7,,
030071bb8de647fbe54773d482517f3f,0.042576699517667294,4,7332845.0,2,,
033e714ab3187ba06ddd37e9cce7ee6a,0.2821323871612549,2,3503819.0,2,,
061268032165cd9ca961b573c294aa1f,0.5975757390260696,3,518940.0,2,,
078dcea5fa839cafb2f346778f6a262c,0.5135857462882996,1,1887720.0,1,,
113f5cef813c93684e87b1d89a1ae01d,0.07468008995056152,1,1790501.0,2,,
17884cac7cbe0bddfbd44b1910aa2cec,0.12886203825473785,1,528.0,1,,
18d81cc2f66ba0cbd47d0caba6bb75e4,0.04037233744747937,8,249073.0,1,,
190061b53a852db501e220389602aadc,0.07760423421859741,2,341.0,1,,
1d35d3c7fc3bc88513ae5aa224fe9a67,0.02443828620016575,1,23553684.0,1,,
1fc51596f816ae975374599662c627f0,2.22348815202713,15,10532200.0,1,,
1fe72387abda412be4f494624db74f2e,0.010147719352971762,11,9680385.0,1,,
2057c1eebd76d64704c84cfc4e0f870d,5.444054625928402,31,21598615.0,7,,
21d9cdb14951af7ce51b1999c61e9f81,0.22579999268054962,1,172.0,1,,
25adab6f4233fe405652aa2c874d91fb,0.110901840031147,2,440.0,1,,
299bfbae391236945fd862123b112f07,0.38910679519176483,4,28530971.0,1,,
2dcdba29dac1c721b8776e1650d8139b,0.006786392070353031,1,392.0,3,,
2e498fa5a7c5c0fdd1e9be88a1799634,0.12402819469571114,2,536.0,2,,
327aa49897d6b98c65993db641b8380e,0.008988671004772186,1,,1,,
3348c1a901a5b7f84635517eda7dedd7,0.04075983911752701,1,458.0,1,,
36fe50b161ed968ce666bee715bf21a3,0.0048590179067105055,2,323.0,2,,
37312e6201cf6ad657865b1c390f13d9,0.11420474946498871,1,190.0,1,,
385ed3e2de6c13bba905ce707c18ed6f,0.013204942224547267,4,1499.0,1,,
3884847113ec7a89e027ca50971cc075,0.021945095038972795,6,1114.0,1,,
396ed92496804ea47e846dfb3d184f8a,0.0026499999221414328,1,20598269.0,1,,
3f9cd6fd25095877e7fcbb787ee1b326,0.08146702498197556,1,20707292.0,1,,
4166552340eaf28c24ec8e0735390337,0.012016009539365768,1,209717.0,3,,
4255c394669aac4e83b4ea0a056d1a65,0.0017509175231680274,1,380.0,1,,
439b81f7f24be8df173aff2bf452288c,0.11213316023349762,8,454479.0,7,,
4a717140b9e12b5980f0e9c4d36a428d,0.0052999998442828655,1,1251.0,2,,
4c84de680c57828529d3b65dac1021f4,0.17732266709208488,5,,4,,
4cc4dc48e5365d96d4ce27bd04852ffb,0.0910869836807251,1,22212347.0,1,,
4da3fbfc15a44832456ff719f6ded8a9,0.05006007105112076,2,20757656.0,8,,
54bd81e6f034b607e15d2aff46974fba,0.0016420800238847733,2,2710.0,1,,
55482551d7063955ab8e43238dbdf100,0.10094329714775085,1,18917759.0,1,,
558810825d7e87f875069e91bd92a4cb,0.029894843231886625,8,33917196.0,1,,
5ecf3361e185a64906d4f65ebdb7a826,0.6364614963531494,1,18619248.0,2,,
5ee1a45b27bf2ad60efa74b5e26db3ad,0.05739999935030937,1,17390921.0,1,,
6077f976ab6986496b73dd6bf6794cfb,0.3352312855422497,13,922.0,2,,
61a2c8c7940eb1273f26280c90633e53,0.016109999269247055,1,20472215.0,1,,
6300882e261f6fa1bda52ba8fd0ab26f,0.03684670105576515,1,235.0,1,,
65dda450bc4c3ac8b48e96f5cbaa6f55,0.01810474693775177,1,209.0,1,,
697c694642638f6ad64e0905c951d949,0.07178720424417406,5,4040613.0,12,,
6a1207ff13e3202f2669778da18ccd5b,0.03558129817247391,1,21793072.0,1,,
6b1720299565b9e5c50d999c2b971d7d,0.07196660339832306,1,10007455.0,1,,
6f211a0c3a57fa37ea6fb127e824a375,0.1554287530016154,31,1307880.0,5,,
779F56A3E5844104BB65D64E2B9E3FCB,0.1,1,189.0,1,,
787eca21d1ad614e40e7c6c5470119b0,0.04725132929161191,6,2457892.0,67,,
79e456d9e4f20442654a2bfcc0728e91,0.009576757875038311,13,11342129.0,3,,
7bc3c5d81ef661c8d9a457b0eaa69752,0.02371176891028881,1,520.0,1,,
7e9b4bb2ae09caf6d4d2524e9fae4f58,0.040857430547475815,1,20217284.0,1,,
806d5c167ffafcf6a9fe77226abd090e,0.001783299958333373,1,3108612.0,1,,
80a43632e4f276dd75fd0ba1992882cb,0.08398773800581694,4,25047730.0,1,,
85e5db284a13001a2126cea3a7c0841c,0.011382336728274822,1,443.0,3,,
85ee3e1fbff944ce3cf611b790c1eadf,0.016808373853564262,1,18352367.0,4,,
89348d7b2d07b559ab6d561936993935,0.05575952306389809,1,248.0,1,,
893e8970422cfb59dba58bc34c4af9fe,0.014935298822820187,1,250.0,1,,
8abd506bd1e48bd696a198373594f545,0.3372599333524704,3,392061.0,1,,
8c199678d45eb686c1e5e80074a4935d,0.037953421007841825,8,1516497.0,1,,
8c3e7cf479f6b45e8c80ceb6feecc302,1.1027496540918946,61,14466515.0,2,,
8d8d2860bca10e56b31f74806634e9b4,0.2974657565355301,3,824395.0,1,,
8dca7cdba35665ebb7c2bbd3ae926f5c,0.00474278349429369,1,1292.0,10,,
8e0f6a8b9905cb425bf73a5dac48bd55,0.43289831280708313,1,10080757.0,2,,
8fbbeb1dac697c8e6d4c64f5490fc7ff,0.005059999879449606,1,425.0,1,,
9299841e51a66ffa3545da70ac5c9053,0.0018959844019263983,1,311.0,1,,
95223b7b0c0df58a77bc5a9611003867,0.3863454293459654,18,14921053.0,21,,
95703ab3fd8296695fc08216f2ba14a4,0.02860593982040882,1,266.0,1,,
9767be309368fe555fb19da227341282,0.1100000012665987,2,67790.0,1,,
98eab7491125f815aa7bef7fa014b1df,0.013123299926519394,1,261.0,1,,
9d7b4ccecf236345af376d51e5f2fd0d,0.011794241610914469,2,67090.0,2,,
9e574660cfff9ea2cbae8f0fb3d31540,0.001217129174619913,1,391.0,1,,
9e81356bbcdda6e03877bd24351ec119,0.03669195622205734,1,353.0,1,,
B72288408B1646158A89E78D58CD4304,0.01646259880065918,1,283.0,1,,
B9D81D5344A9471DBA77FA70EF4BF19B,0.01379160022735595,1,214.0,1,,
C1F3CAFDF7A24CCEAAD578E34E0EF1DD,0.11872009658813479,3,399.0,1,,
a77d911862553c7fe7e39a58a937dcad,0.5567572712898254,2,28657683.0,1,,
a86cc1ff7bac2737644be6835f3bdb7e,0.21072307974100113,3,3261732.0,8,,
aa79266c4fe8d6390c5ef799c24dc814,0.8615332841873169,1,469.0,1,,
ac77a7ab9a364a93886d2e95e79486bc,0.0031483001075685024,1,222.0,1,,
ae3b9be903af382984ba98be34ed8ed8,0.14293446019291878,3,46350.0,2,,
aeb5649bbce989c39baa06d97a2f3bc4,0.036713240668177605,3,1167.0,1,,
af0c4f45ae44205099a13a56ba97224e,0.006756647024303675,1,214.0,1,,
b124f4f6a003ad6071f599d5038b214a,0.04177623614668846,1,20551817.0,2,,
b5b10e77bdcf0c2af257ec4c4e8be0da,4.1548789739608765,7,1951.0,2,,
b70f0fd7160ca0e118fc53e4e9a13d5a,2.873528651893139,21,18833869.0,1,,
b96af8db4bd72ce1d4cd211ea80bc2b6,0.0681478652113583,95,6096225.0,91,,
bccc04c1c65c7416950178507e4cc976,0.11116558685898781,2,20038817.0,1,,
c09b91535bc28a6f8288b56e414815f1,0.0609578900039196,2,288591.0,1,,
c7b4b363335661df7d52db94db839ace,0.02205627504736185,2,15218934.0,1,,
c81008207c282791bfe3d7c464a7d1ce,0.028385909274220467,1,349.0,1,,
c8636cd93c93c3670cbc6c358a4d0574,0.012285369739402086,11,2119045.0,1,,
c8725608e5c4a94bc00c0a989169b754,0.023659810423851013,2,2530333.0,5,,
c9d19ce7edeb5e4424ebb27976ca1391,0.005879194708541036,2,20491509.0,4,,
cd629ec06b89b13d66297fe8e7b2dbbc,0.0005292138084769249,2,1129.0,6,,
cd791e9f53856698f58f2d18e9e8f5a4,0.008743420243263245,4,2749468.0,12,,
d290c8866bb87d640f273971275ba4a0,0.18548986315727234,1,1669718.0,11,,
d4f47991b7b1d76682b224a69c314c12,0.03612819314002991,1,532.0,1,,
d873ef5a41e55c9f9c8183cfe0b87879,0.16457800567150116,1,4446648.0,1,,
da7ab69cd96012ad5a8143392aa08bdd,0.09228802938014269,6,21105669.0,3,,
e1bb29070b1c5dd8accfda08ffcd63fb,0.10350308567285538,3,18729398.0,1,,
e36da2d493ed8ef1c5d6b77f51089abe,0.031157827004790306,1,178.0,1,,
e4e37453d337afad842c8fe025ec3b42,0.04563531652092934,1,276.0,1,,
e7a4ca4965ba2943df4e5621d8c33ff9,1.8563182502985,26,22182833.0,1,,
e8c000e86c32fb9d51d85db0fc263875,0.01600254327058792,1,24088540.0,1,,
ee7ee422e8a9b4e69219f32c57a3466f,0.08740069437772036,6,21473946.0,3,,
eeb19bf4caddb9e381cf285f25954b99,0.020087774842977524,1,346.0,2,,
f3d4ae4828f69e74210ba82bf39975d3,0.07190986163914204,2,350.0,1,,
f4eed8f4c670be77af1ffba8c35f3c68,0.11258000135421753,1,250.0,1,,
f613809171fb894bc36033cf6cfeae4d,0.07225638628005981,2,27509516.0,1,,
f723df2ec6270e2ec6bb3ba776aec679,0.012370503973215818,2,17298676.0,1,,
fd7b1bf19cd17a464cca05de1d29ebbd,0.052506595849990845,2,8404873.0,2,,
fee0691eab1da1f8b9b520376be7347e,0.004645444918423891,2,21632780.0,1,,
ffe2c8549b48a685c20d33b9b27a1556,0.19033020734786987,24,18857428.0,1,,
0147bf88840c11f0217492334c4c69a7,0.28962457180023193,2,446.0,1,,
13ba9b8925880eacefae752f2ed1af54,0.005508383736014366,1,6704905.0,1,,
3D48001A92D442638E64B760B9062703,0.14051603698730475,3,435.0,1,,
57B2B00D0A29444285D9FF7ED3FC7383,0.007242300510406493,1,210.0,1,,
61ac9d196fb55fd029aeea76da03570b,0.09691169112920761,3,504.0,1,,
77a8e64d22b6512e6607d280d7991b14,0.11655259132385254,3,695.0,1,,
7f314fbe1e512afea110e23b700a445b,0.023646153509616852,2,18728285.0,1,,
8c86340f7ad02d52ec6dd756b846a3a0,0.008799911476671696,1,488.0,1,,
998ea183ae0c3157c1ae3c7c79b95eb1,0.022406065836548805,1,261.0,1,,
9AE63EF878F24FB3A273237F67FBBFEA,0.01181247879300799,1,196.0,1,,
AF924267DB5D444DA782C70D983C4C4C,0.0842613220214844,2,9315.0,17,,
d4c698612685531a8efe2cf19fa3e220,0.05563940014690161,4,5206376.0,1,,
d9aebaa2d6fac18d331c2575e23140c7,0.10000000149011612,1,1095217.0,20,,
da388f4e2239c0fedd1c0e18c6b607fd,3.2571531534194946,2,671.0,1,,
ea5c9ff8fd907ae8067768fdacba0adc,0.06779482960700989,2,8695367.0,3,,
ed3079d79b605bd263a8a8821c5fa23b,0.2234400063753128,1,14017459.0,2,,
eddf9ca573bd7ab97c339726d51d1aef,0.04225125163793564,1,401.0,1,,
069b8147d99f0c6b220dd4db6bd50a64,,0,,4,,
11da9bf355f487ec14bade711932147a,0.3041536770761013,2,19731583.0,2,,
5adf6806462a718b45e4d1c7bf19948c,,0,,1,,
dbf04e761c3f5d7aa1ec25c13014f6b9,,0,,1,,
f3b84a3cdad3a7a76bf14dd0bdf0c2d9,,0,,1,,
001d2dd6063357174ae7a8e8d153f701,,0,,1,,
0047a484cba1e5e516a099d71392c6e5,,0,,1,,
02e9c21d9282834a38d7769de9bcfae0,,0,,1,,
0300f0d486906b82751ffa25ba4dd1eb,,0,,2,,
034618045faa87319c2a2a0f86d6d088,,0,,1,,
05e107505c8f966ee7e0e931cc88b321,,0,,1,,
073be2c983c5d6114b994df8a9708786,,0,,1,,
07a1f7be75a806008a48c50c9ed7f52f,,0,,2,,
083d48316f3550fba95ae893b85bb965,,0,,12,,
08960EC35C8D4F759F47AC3405B25B3C,,0,,1,,
0b7c28ed9bb5affdb2f0a1749e8347f6,,0,,1,,
0be70790f0b8af0f8def63d6b9acf059,,0,,1,,
0c4f3a74105bec297c8ee9c5bd733ee6,,0,,1,,
0c86ea872f3bd7100b46b354a1b47a22,,0,,1,,
0caf514c0254d3cf63bf5668ad9d052c,,0,,1,,
0d4c0d844c66922efacb2758f90af0c5,,0,,1,,
0fdf23efb04debd230e0102c122149fb,,0,,1,,
112fd0210b637944bf6a9027550a4fcd,,0,,2,,
124e41467ba80cef0f9f9893228b52bc,,0,,1,,
15541f1d51745a44bb5035af0e6c1337,,0,,1,,
165404b1bc4e1dd0fd0115a2d0d942c7,0.020618556067347527,1,236.0,1,,
167188412C344A9486FAD4390E375910,,0,,1,,
16e277f061f5e70319b211ed646dd77f,,0,,1,,
177d06052fa508a757f9164ce8af432b,,0,,1,,
1ceb1a6204ab4397df849eac7a5a1ced,,0,,1,,
1d84afdc8b69e7624d71d898bcba8fc3,,0,,1,,
2016d5979946cadc49be548652a14734,,0,,1,,
20a8d4e1fccbb974cf13071365a39d72,,0,,1,,
20f34348580a5e6ccf9197bb1071840f,,0,,1,,
23141545d00cab6d411db11ec176e846,,0,,1,,
2357c59b0b273fe097e60d640656ac0a,,0,,1,,
23bc6a43b70eed0e5915747341d3e10a,,0,,1,,
24ed9380bff47edfa852e97bd8e7da41,,0,,1,,
25ea0ca10efb9af185cf9bfdb50e12a9,,0,,1,,
26b0a0ad5e5f18426a654b1e7dd60d13,,0,,1,,
2722dc45be2111c3415d9551c91c9577,,0,,1,,
274aa9199cf6ec6b4d9b40de668bde7b,,0,,1,,
2ba315d0ee009487d93bfb4ba96011ec,,0,,1,,
2c9f5bef049997c8519c0d4fe8c4791f,,0,,1,,
2cb90e0ea29831153ca7a5a8263a1222,,0,,1,,
2d26033d81c98064db4e8ace09d98abc,,0,,1,,
2d8677234ec0e9f704c697080ba5e50f,,0,,1,,
30cc8c18d68b68beefa4d25b2fb573ea,,0,,1,,
31682B4743FE4263B6BA00F5B4E5DCD8,,0,,1,,
32062631b49fa3e841d0b0b30cf8eceb,,0,,1,,
337504a0a4ebdd350b41c616cb925cd1,,0,,1,,
3404d654f740468f39392418504dce23,,0,,1,,
34ad493af3d1b5b3206592078b20b9f9,,0,,1,,
34e98fb27e2fd3c29aeaf12765471bc1,,0,,1,,
379c6e620acd81b5a3aee2a8c127f860,,0,,1,,
382df4ba7dfde22c8324a3804db91cfe,,0,,1,,
38a60dd2c58633e981dbff33b91b7391,,0,,1,,
39C47A8C609744FD856FDB19BC186F19,,0,,1,,
3a7d1d5c3051a117889037abdc3e4273,,0,,1,,
3b1fea8a4b2f535f3161515a85143f00,,0,,1,,
3c989322ecd739ca3852e34c44894f75,,0,,1,,
3d56dbd31e104ffc81736388c44eaf9e,,0,,1,,
3d8376269728b534ea5b982f895ce771,,0,,1,,
3e5b3391f763b2a8068a5863088ffd18,,0,,1,,
3edb5e6f7f5e1fe6001b33a1c3466ce5,,0,,1,,
405c9e0b12162aa503923c923f97e710,,0,,1,,
42050312c45353deff4c99d3723826d8,,0,,1,,
42FF694E18F846E0859A3CE795D3D361,,0,,2,,
43478B6D1C994F4A9526318DC01C7A38,,0,,1,,
44be5f50921a6a26238bea3ef31746de,,0,,1,,
44f52bfda980f29db6443ed6dab73b41,,0,,1,,
45130f711897634b31e79ec4b23bb417,,0,,117,,
4544cb086b5f111d7deb3940a7015d82,,0,,1,,
466fb60dd80c2c47956d89212e0a27c1,,0,,1,,
46CB306D22874EDF91D7B70777663535,,0,,1,,
46b0688302a0ecc6e787769f3e432ae2,,0,,1,,
47b5f0358dc00e49d6d787332737704e,,0,,1,,
485fddb1e68798de3aa12c63e13555f9,,0,,1,,
493e198978e4a09df52fc34521a3a383,,0,,1,,
4a607c52ef507b791baa854bc9180e22,,0,,1,,
4aa111a306b61c9e658968f8186f1c1c,,0,,1,,
4ab971c385d94a22bbdcbef19c142e3e,,0,,1,,
4d5c15dfd72f4f5b1e35e9e1333f8942,,0,,1,,
4dbae928a03a9699ec9e0e3fae674e33,,0,,1,,
4dd431070b6a1d1e442ed23e3807a550,,0,,1,,
4e05c84e331d00d0456d8a534937d953,,0,,1,,
4e6ee6d8f5d9d67b71b72bad3b16796b,,0,,1,,
50351d1dad2116dd966a14c148af4e11,,0,,1,,
5059fe8bff42ad205ac96ded3998a5bc,,0,,1,,
508d4b5adb7cfe40011bb245eb6f1d68,,0,,1,,
51655e30d3fb86e82c0d2ef146c49bbb,0.10039670020341873,1,366.0,1,,
516aa3237cf26fbd7e7ca67210c832ff,,0,,1,,
524BFED127A64406AE3D2B593B6B5489,,0,,1,,
52af2deae4f1af74fcbe1bdb0e0f60c2,,0,,1,,
548fb973e52b3d7e493d535a72437eaf,,0,,1,,
564b14c3e762d3bb8f1ae65746138113,,0,,1,,
5672df9727d79d2501a8ff8616767b21,,0,,1,,
57A0631A42384E80976AC387B08F8E36,0.09057918548583985,1,520.0,1,,
592c8f14337d949521b334a01722e096,,0,,1,,
5981c1ff64024d4391979b5c3c639c39,,0,,1,,
5b0fd62b263c0ea220eacfc46f9532eb,0.20156486332416534,1,175.0,1,,
5b9114d9bda481365f18f05727e90e11,,0,,1,,
5be94bf4f41ad23ff5b28a4c0d7b6b6e,,0,,1,,
5c9b0f8c20c5f3a19dc5d79688a2605b,,0,,1,,
5ca5d051ecc0a879b0a6aa82c99b79ef,,0,,1,,
5e8672694ee4aecd7e9240ec560ba987,,0,,1,,
5f294b11532280be5fd0467a9901e195,,0,,1,,
5f2b921030b1f7b13f4d41117fb18146,,0,,1,,
5f76074db7e8740adf3464521c6889b4,,0,,1,,
602ab2cbc3ce578c629aef09f6a51e8d,,0,,1,,
60bbd986604b10f1807f5a1842009e6d,,0,,1,,
61499395443e3c1db03485eb9ff0f434,,0,,1,,
61aa4a1d65d57d51c78bdab1c25a0df5,0.008085574023425579,1,250.0,1,,
63b5148ceefde074efa1b965f7edae07,,0,,1,,
6467b4c5e8bf00f3944aa6fbf25b5af7,,0,,1,,
6561809392a1d2ea92102143c9e0b5e1,,0,,2,,
679658a3deee73ea0531cb5a2ff461c7,,0,,1,,
67bec8432ad55dc5b1a7057c44d0a7cc,,0,,1,,
6d11e4d17d801349f4d52266e993beb6,,0,,2,,
6dcca97bb16222a02cecb945b19ec8b5,,0,,2,,
6e1fbd13c623b3b5e7b55a5487dd3a30,,0,,1,,
6e4061741e9467babb6d17ed49e33b73,,0,,1,,
6e96108939542fdef82dbe86447f9b0e,,0,,1,,
6ea5ab2081e0795b0c24de245202b7b1,,0,,1,,
6ea9ca06378dc6157f1340cc30eede9c,,0,,1,,
70011982b373637a58aed9bca597e36b,,0,,1,,
70c236943baeb9cf72c80902fc18879c,,0,,1,,
71ad13d0f64d5e8d2a2fb4c40e23e516,,0,,1,,
72aa2425fb10e921c32b24d4092ca4b9,,0,,1,,
73b791e8bba94adb2ddc8b1cbe9cc3e3,,0,,1,,
750074c68bdd0e2cd988a793e1eb35aa,,0,,1,,
752fd10cb908bc710900a4cefda5a8a7,,0,,1,,
77e6d4edda679448f1477c3b9bfc3817,,0,,1,,
7833ec666808a54cc6462dbb2fa873a5,,0,,1,,
783d2cf5e77ef0d88a8ea8fd01148f5d,,0,,1,,
79159fe96a32d753b1ef56fe51673c57,,0,,1,,
7a19e195cee03701e20aef6e5c938f41,,0,,2,,
7b6c14ad8fb0fca2adf3eb0b0c3ff18e,,0,,1,,
7cdcfd615353e455c1dcdb3822a367f0,,0,,1,,
7d1db2949a9a181ce400291ace6e6bc4,,0,,1,,
7e5fc48d17aa93028d845f68b074b0b9,,0,,2,,
7f6db1f6ca31e19ae222893130ba6e6c,,0,,2,,
7fe928daea56b00e38cf74dbcae1d69b,,0,,1,,
80ed263661ef065aa4960eb9501176af,,0,,1,,
8167ebabaab21c70bb2e8902218d9520,,0,,1,,
8424ad3b2b35040cf8c9a8d279ef5017,,0,,1,,
85d8d3691424155e9f39acc4054d0bd5,,0,,1,,
86498fb6a8771ab7cf97075e4718057e,,0,,1,,
87e5ca96183f3ef1a0b67f80e2d54af5,,0,,1,,
8840773dba9bd29ff15a5f0707a6dcdd,,0,,1,,
885df46277976057ec1a1a085be90fa6,,0,,1,,
89351d04bc7260d2934f8bf20cc15c57,,0,,1,,
8b2113e36d32227f4bf5192dc95626a3,0.007573000621050596,1,454.0,1,,
8b2e99745ab3b602b3bdb2e6f818bcd9,,0,,1,,
8b8d3a17f1731ac12089c9113f334a47,,0,,3,,
8c7bf63d15e00bfbd3fafc07e6e1427f,,0,,1,,
8fa3406baa706e54214fe5fef9434213,,0,,1,,
8ff6b3c4e164d9cbcc2b26c64a185200,,0,,1,,
9007cb00cbdb4ff3246a695e5fe8f2bf,,0,,1,,
901250784530647cab869d81cf3362f9,,0,,4,,
901dc74cf5c50806bbed7f98c975e543,,0,,1,,
93559a9d1cad8d5bc3cd05cc23ce4788,,0,,3,,
93e4362b4cc518bd02e35dc3d54a3549,,0,,1,,
9599535c2e0ff4cb41e6e3e36c2514b7,,0,,1,,
96cbf441563c745224aaddbad2f4691f,,0,,1,,
9776660570cd8a76488564859aae9708,,0,,1,,
99d94e35da2cd7532371c7af679b2dc4,,0,,1,,
99fe5190ace1e8f8d2fde063696c1d2d,,0,,3,,
9AABF3A2CF1B4573B301C06B7B2D18C9,,0,,1,,
9F1BCF2753C54ED08444FFF95C54635B,,0,,1,,
9a20edca757ff7bad5ec80908faf814a,,0,,1,,
9a8107c77a2a56e6e399696022f01e1d,,0,,4,,
9aff9cafefa184e9dd8766e93af16be2,,0,,3,,
9b301c51c41a0fc3cb4319692ac91171,,0,,2,,
9d210ab6b772bdc9bfd2c4ad8d0c2c18,,0,,1,,
9d9b474821032968398f23634b1eff47,,0,,1,,
9d9eb8d31d561281e50194f3fa9317a4,,0,,1,,
9dc21eb6cc9a02eba98e1d69808cf80f,,0,,1,,
9f4f8341961bbee5142a763238c814e3,,0,,1,,
A0099DFD9B7549A18569BF37D2A637BB,,0,,1,,
A1BE417315FD4CB69CDC0AAD0DFA56EB,,0,,2,,
A881224094DC4D4F97BD7F25D1B9C433,,0,,1,,
BB35F7FD9A354B0984CC5057C907B847,,0,,2,,
D02B5006BBD74657A0C5D34B73E4B5FD,,0,,1,,
D03F8089DB2E4212A6CF6D55D5A50904,,0,,1,,
DCA4AFFBBB724054BD8CDE829C4CF46E,,0,,1,,
E7C93597DA9F41B1ACB5005752803995,,0,,1,,
EDEF88E88CA24345A808104F82E26144,,0,,1,,
a196a49d9564b3a5ee222193f466ee6f,,0,,1,,
a2ce2fee81525c281dee5385c1cbf516,,0,,1,,
a46b77590acd7c32f8ead8f113f887cb,,0,,1,,
a51c64c818b84e00542f72509c25c3af,,0,,1,,
a8478e006d7797a843fcab292a35a71e,,0,,1,,
a9f8135848df93f53bd45a9eeca86f42,,0,,1,,
aabd0bda65c0262b3392d5bb1aaa5573,,0,,1,,
aaf399e204d8fe654f44e2376bef20f9,,0,,3,,
ab003c6908b15960453fc510906ee88f,,0,,2,,
ac109092ff9cd2d43d4ec7d76a1cae48,,0,,1,,
ac6f4305d8d08d218c8313559ebbd9af,,0,,1,,
ac78c51b3aaa6f6ee2530a56ae6189d0,,0,,1,,
ac7c1370bf771b3a4a445217c430058b,,0,,1,,
ae9933998d0603b862b46244e5de4493,,0,,1,,
af2df778cfedb5f5b2a28cdf6acbdc33,,0,,1,,
af72bc862c1d87d1ddd849906b93b477,,0,,1,,
af8646a0027d089f862984e5769610b3,,0,,1,,
afc48d6431b4b49e90c13db5eac15a83,,0,,1,,
b014110812d1b19a6409c7f33dc0a6e8,,0,,1,,
b11f69c12be8122a7fa285976805df4e,,0,,1,,
b163c7cb43e2db15efcb4283557181b1,,0,,1,,
b1bf797a88ef528765a72187cd99fc34,,0,,2,,
b3682c75af411436cc73ede811e6be32,,0,,1,,
b39d8cdd69c6410a254060e87f9c1e80,,0,,1,,
b598f8b9436b0c226a9fc72542fc8659,,0,,1,,
b72d419589b853e01b50fc1cc2e6de10,,0,,1,,
b79f573e1c0fe1fe3702cdbbc7828d53,,0,,2,,
b879b79e1477780cc1eb4d2b83f432da,,0,,657,,
b91c58656b0b7fec0306a44a3e845638,,0,,1,,
b99830f6d201ce5bac4dc301abac4131,,0,,1,,
b99fd56e036914c47c2a8cd25f79123e,,0,,1,,
ba7811089f87e4bf2aa62252263175fa,,0,,1,,
bd0ffa18840f2ed8b78ebbc6f6c1a80a,,0,,1,,
bd49f8e0f2589f5505b457b726fcd93f,,0,,1,,
bee4630ca1aecf2cb1613c3e6985e9e2,,0,,1,,
bf243b4655395df8d70a464fc54bc286,,0,,1,,
bf5f17ff7115217bfaa8f60391e596dd,,0,,1,,
c19ec582a91f8a809daf0c646e1e7cd6,,0,,2,,
c2046030388073070752510114fecee3,,0,,1,,
c2478ff7415945be1227855b884663e1,,0,,2,,
c290dea50ad115da123996df1c2cc8f5,,0,,1,,
c2f7dab33f123dcd922c07da86932ba8,,0,,220,,
c3aff5fcefa03813859cfaaad1da3cfa,0.019790861755609512,1,471.0,3,,
c78f7479c5e9233015adea253c9a9b9f,,0,,2,,
c9080216090aff656009503c17e09533,,0,,2,,
c9ddd2889f5aa18e7cdab8f652de696f,,0,,2,,
c9e6d075064c3953e953590e2f5f2712,,0,,1,,
ca2f7f067da11e117cffbd5f55b57f14,,0,,1,,
ca514eeb386562509554cb1c316b540f,,0,,1,,
ccf1ec9e8f9f5ee9f6b502c7831bcf28,,0,,1,,
cd13c24caccfa64c52dbe24a3bf0034e,,0,,2,,
cd3cb9ad998831843b290ce2ab1d3cbb,,0,,1,,
ce5344273de4f7d895c1e0d7b00cd65d,,0,,150,,
cff323dfb7a3b2ca345b28803ef28427,,0,,1,,
cff8e578f6dccfbece5eeea87b7058cc,,0,,1,,
d1f953c2defd764a51c1db86fcf6c8d6,,0,,1,,
d21cdbb4a9bf07ad81665b0cd26fbfed,,0,,1,,
d435ce3aaa2c292b4dbaa329ea287023,,0,,1,,
d56171343f66c81259c299dd0c703d63,,0,,1,,
d694a982a66a4efe8ed7b3a5239e26f8,,0,,3,,
d9c8d601df6d8336653d8a49c3205f12,,0,,1,,
dab197c773c42f44a444b5cd1cdc021f,,0,,2,,
dad06eab06362ddc9e09837dbbfe874b,,0,,1,,
db73253fd6abad56b429edb697282fd5,,0,,2,,
dbf31d575653948f778af8492a9df466,,0,,1,,
de19ea3df909ab1d7cf07106e7c5bcfa,,0,,1,,
de25ecff5ad5be547546eb659bcbcfe0,,0,,1,,
de5527875d9219848327c510b5546d83,,0,,1,,
e022f15ed205508050e9298f833521d6,,0,,3,,
e04c4101c55451270d976245662b0909,0.009547981433570385,1,1915.0,1,,
e062c821cff5c6ce023f5e4597bd7b01,,0,,4,,
e1e1d3018b37774b54ea208d24e8f8af,,0,,1,,
e2c9bb391019f07bff1a321b02ba0961,,0,,1,,
e31bad34f7134c99f7d2860978129fdb,3.367500066757202,1,175.0,1,,
e31da61431609f67b0928f6abb38d68a,,0,,1,,
e37c86014f0af850f42574cea4e0406f,,0,,1,,
e3ec146525abb23aae8e9eafbc86f5aa,,0,,1,,
e64db5976fc40c707b13dfd5abe8772e,,0,,1,,
e6a28da8fe54af21572246eb48dde228,,0,,1,,
e72aa2314d6d4e9ca67d7ef6e52d4dbb,,0,,1,,
e8f00d620cfe6a7151a7754faa39cf75,,0,,1,,
eb3267223429b8d431c5325ceea42b4b,,0,,1,,
eb4892351ccf601ac9014c29d221c239,,0,,1,,
ec558effe6522668a94633f13de393da,,0,,1,,
ec80f26a039a6ac78bf2d737665c05ee,,0,,1,,
ed4b76a17ffb7904752461f59bda04f6,,0,,1,,
eef76dc323c15af99f7307c3f9c5610b,,0,,1,,
efe31e42d82d60c4a217211c000e9505,,0,,10,,
f1e8e2d0f79805b6775b2931ad5c6d06,,0,,1,,
f1ed026ad0db9dd31053f3a8096f0361,,0,,1,,
f34d0ce1d2833bd40437949b16e13989,,0,,1,,
f3d20efe7a22cd5e1b16ecce64a9246b,,0,,1,,
f4319a261adf585a7440e524c926f4cb,,0,,1,,
f46efc13b2076a385155ef45c09009d4,0.014045542106032372,1,382.0,1,,
f5a52022c608e5619f9ff9d92cf44faa,,0,,1,,
f762c6ccd91f9e819788323c61f83d55,,0,,1,,
f80a69430b9419b6b4fbba2856659638,,0,,1,,
f8af4a8d9bbc346a3855d9556ff57d63,,0,,1,,
f96d373527cc8042d32c3904fb386c61,,0,,1,,
fa8572580437c6f15468b6bbb2d51865,,0,,1,,
faa159cd7eeb2e8c7098248b80bf2178,,0,,1,,
fc32053e0476ff240dc99c6e533708eb,,0,,2,,
fc4d2a5e1be4b8c208d846d05c41ba79,,0,,1,,
fef608dd289ae16691ac517b4b243c34,0.004149999935179949,1,399.0,1,,
ff420890bfe0e22cf18252bda5943d02,,0,,1,,
fff8099018b7f03e497df2eff80d261a,,0,,1,,
06f3817c72a6eb3bc1fa962d77eb6e0b,1.257672131061554,2,946.0,4,,
2b6f2187d183f7541adfd3790e0797f2,0.0010000000474974513,1,350.0,1,,
32d183013815d54b96da8ea6f5a7455a,0.007394162006676197,1,198.0,1,,
3576d7ae9c21195651c440892b517612,0.04177623614668846,1,22464789.0,1,,
3b0974ffcbd66e5d1972c15a8f2d354b,0.12072669714689255,1,503.0,1,,
3e6a5f6f7957799d55aa76be18190e17,0.4150733947753906,1,327.0,2,,
43c732d5f6366e8f8d57b50d4d90f7d5,0.010103818029165268,1,1569287.0,48,,
452ffb837431d8bc6e57c660616ffe38,0.005448930896818638,1,25915521.0,1,,
4e5955aaa64119e61c6d6c6d2be4cee3,0.16207288205623627,1,26456597.0,2,,
505543cce85e2d60fd3bdb7503ae5230,0.0035155080258846283,1,47361.0,1,,
55A7618E3F33455CB1FC28336A80311A,1.15060693359375,1,13761096304.0,1,,
569320AD7239493B966F8C8748D79BF5,0.03600811888940002,1,18975858378.0,1,,
6fbdeeb9b2db92088d5ce735484c448c,0.02572878636419773,1,693.0,2,,
76b21194429265e7fc18fafa621817a7,0.050631970167160034,1,184.0,1,,
8616273eb31530616ac820cb9f028666,0.018343811854720116,2,13553636.0,1,,
981b2e515b3144b6c52692717879a34a,0.0005134030361659825,1,251.0,1,,
a0d0a048eda4e8e4cdf9503fe68d4911,0.030220000073313713,1,13513591.0,1,,
a4e001d05b69a7b54d80ea59128b8938,0.022018756717443466,1,23251870.0,1,,
a71340b9a5f3ce73dc7b5ab1aa92bc8b,0.0023966513108462095,1,332.0,1,,
aaff1c73f13d5a964a1935e53a78d79c,0.021921873092651367,1,18305834.0,2,,
b401570a9268307e5abea603d8cab7eb,0.004516863729804754,1,570.0,1,,
b9fb082830e2b412867b8edbe807dd78,0.30000001192092896,1,211.0,1,,
c2e2fd1957e5e674756e227785a1eccc,0.0038010908756405115,1,310.0,1,,
cd5b10a6c8ffc685635d7a0a2df4bccf,0.0406314991414547,1,105219.0,1,,
e25ef1da61036a7d7188f49935902a20,0.0006950399256311357,1,19776230.0,2,,
ecabb2b312334609d5b3ca25d99460e9,0.002713274909183383,1,13225942.0,1,,
effec8bf3d73cf0efe764e964ef8c4ab,0.027046699076890945,1,231.0,1,,
f5bdaefe6ec5f6d70067561599a2b129,0.16019147634506226,1,1554918.0,1,,
5c8aaee7799645fcc9a1a891c2a5fe4a,,0,,1,,
005f02e2a0fa4191078d91e626544364,,0,,1,,
028683228273dc7fcfd73b807e5cc44f,,0,,1,,
033504c93052812bd5a6b6154f21a58f,,0,,1,,
039349417213426EBAA97FD8E6E9A3A6,,0,,1,,
0486a0e87d7a2b9c3e4cc5042727f2e5,,0,,1,,
05cdbb459e4bcd609d5c5a65d53fc37b,,0,,1,,
064734db5ee2ef365ad9191c09b3ecb4,,0,,1,,
064f92b4eb0dcc2915b1e5b3b4b48677,,0,,1,,
0654047a1f05b7dd080b0594ed67828d,,0,,1,,
06744edbe3e61bf421c6962ed70db279,,0,,1,,
06d62d6d0434478773e5d58f86747ac9,,0,,1,,
0802cc50e8929a1293566a3d9c493565,,0,,3,,
081703e92126d904ce227462824cb28a,,0,,1,,
08947a51b14f192656a5d969bf3aae4a,,0,,1,,
08da9f0092fd0e2370acdb26a9d87472,,0,,1,,
095955d2da45fb182d1003878b0b8669,,0,,1,,
0afd13097f55f0074947a0d7b24cdf48,,0,,1,,
0b53e2f69e765fcecc2ea70f368d84a4,,0,,2,,
0b567e57d829f83beb955bd174db7ed5,,0,,1,,
0b77c2104e01d561ab72ac20b49e1d33,,0,,1,,
0bd9c64775a4a605b30c2d935829d72d,,0,,1,,
0be427a2590ae2c64d03304a658ae3a8,,0,,1,,
0c6135563aa572513a4e9b5717a358c1,,0,,1,,
0cc6511c7956c5b8e0ccff91b2b0be51,,0,,2,,
0e2b51d5091bb4876fc473dd550fef4c,,0,,1,,
0e668900fd03d9647ffe8a25bb4a7331,,0,,1,,
12b667dc6e67419f58fa02715937f120,,0,,1,,
139d83b993577b11acbc5b3b9b9dc131,,0,,1,,
13bfaea8a8a9150dbc7cabc81901d310,,0,,1,,
150ae07d1903b9955c503025dab24579,,0,,1,,
1620201b2b8a7c68052adcc147dbdd61,,0,,3,,
1748ae805e546479023303d283ca9d45,,0,,1,,
17a5cae570a46ff2168c0ecc58d38b29,,0,,1,,
1CDA7923422B43FF894BEB7BB429FAD6,,0,,1,,
1b10bf9e763af11db9f2464508ee4510,,0,,1,,
1bfed9932965b385262031597b048d03,,0,,1,,
1dcf079826fbbe7d834b9de84cbca102,,0,,2,,
1dd1267af9ec37a5e601d0a1f10b2a3f,,0,,1,,
1fac2ac38628bb9e5d36db22f6b231fe,,0,,1,,
211541d19d11b262747e5a8b460c5dfe,,0,,1,,
25b73b51f4712ca00000e00366b7a136,,0,,1,,
25ca75ea481751727a24f6872f89d924,,0,,1,,
263dfbaf34b9c2b72384086449177859,,0,,1,,
26e626a37937c3e00ead3b8220c0254e,,0,,1,,
2746b12eee66d337ccb511e9712f4818,,0,,2,,
27979b565df10748220361a9fcec5721,,0,,1,,
2be5c759e4913cd06658ce710b6850a9,,0,,1,,
302c2dd29b260d2b6d8ec2351d071510,,0,,1,,
31f6725dea6847bff30ad3a9d46a9fc8,,0,,1,,
321f8a368be9fec45e26721b3c43d58b,,0,,1,,
34091e482b807365a8b5839d9d9f0db0,,0,,1,,
354828e78f05883165bd8b770ed8ae12,,0,,1,,
356ea1826d2fd8e3d9edba019c2e5899,,0,,1,,
35d3a08cb081b6015c86e8f289f11800,,0,,1,,
360CAA7B312C486B9B0337D4A833AA8E,,0,,1,,
36a182e5319414a5bb145395b88cf135,,0,,2,,
37171199a97307742297afe9a2385512,,0,,2,,
3808b0222428b236f2490b3aed7bd7fb,,0,,1,,
381b12c475e5462eba1b7776897821f4,,0,,1,,
38907a13ab8c90e943d1d8680b85bff5,,0,,1,,
38a2e828f2fb06dbea2805d4b7a8d8f0,,0,,1,,
3a3c9b137c90ebdf7b3a521d89d2f438,,0,,1,,
3a777de2db80fcaf3e93ebf90c9d51a7,,0,,1,,
3afb67e883b86caea842b89da59d0182,,0,,1,,
3b816af9dbc7b24d3969fc25d33a22e7,,0,,1,,
3dadc1ad13de551f8f93e0db861625f8,,0,,1,,
3fa95f747534cca73d510ab2a2464aae,,0,,1,,
3ffd517fd9b1c8ce19793e029cdb8d17,,0,,1,,
40934763eea25aafb8a60e4f3691a3a3,,0,,1,,
411bbbe0b4c1f43b117cb121db2b20fc,,0,,1,,
4163e7ccdd749d1806a8cc85813f7049,,0,,1,,
41f7ec1ca72eed4a97e9c68c9398cf8d,,0,,1,,
4214df1b52af2a6ac2dc6d71e56dc688,,0,,1,,
429390703a8162071ffd26533a63d7d5,,0,,1,,
44adce9e6af404374f8048b269a6293e,,0,,1,,
46d98f63aacb56fd46c9c2e4edc2ffd8,,0,,1,,
4a61c9fd1203685558ab1b0369ad3d57,,0,,1,,
4b993bc936ca825e332e629baaca71ea,,0,,1,,
4bb73c11842eaa60c9a0d131c9c854c0,,0,,1,,
4c36180d782fc86f487c27eb3fcfccaa,,0,,1,,
4d6d16e79f39a6c7d3b973754a1b6c26,,0,,1,,
4dcd500539998951bf138f0ff8e7f9e4,,0,,1,,
4e0c7ed3d78ae51c470977668da4dddc,,0,,1,,
4e361cde43f864a9f60dfc8c0ac4a558,,0,,1,,
4f8edd589a489637d5cd409a20f9507d,,0,,1,,
4fcf7413c25fa3931b18b2b23bed15bf,,0,,1,,
5088daf8a51e908e720dfe1d104be2aa,,0,,1,,
50efff1d6ce8d9b31e889d1d2c3ed769,,0,,1,,
5167195bdb96b71ad5495a4779ef916a,,0,,1,,
5197d733869ccdf8cc6628fe695bbc5a,,0,,1,,
54E33E526B3944CD91AE8DDA2285F02D,,0,,1,,
54ad54330d81e48e0b14ebb9dae43b30,,0,,1,,
5a7ed0113fa1ff8343b7cfd4cf29c7f9,,0,,1,,
5ace3c1f66e97df002ea046eae90fbfe,,0,,1,,
5c5bafc6d5ec3246b2a48dc97bf482a8,,0,,1,,
5c7bfd64e239a48f3b74af8f81e9f29d,,0,,1,,
5cc74358a5ed9d842fa3109d6606a975,,0,,1,,
5ea33be4124708df9b7994747f1ef4de,,0,,1,,
5fc1ed8aa72350543b0c0d62f7b0b49a,,0,,1,,
6236243747a4b6351acfefbe358e254e,,0,,1,,
6317afe067b109ac9a1654f0e1688574,,0,,1,,
6329be92a34ad721a5f14bbb281ef7d4,,0,,1,,
63e83f02798492218a2dfa15dac833ff,,0,,1,,
6409490d3081e6c0f9bc6a88eaf26a7e,,0,,1,,
6478abc098ed6552afd515f39d29a383,,0,,1,,
652845ea0bd25f3c7fa5592a34abc0fd,,0,,1,,
66900770352a3fa8287c9ed68341dd77,,0,,1,,
675a06b7e4dbec05250e4177701e9780,,0,,1,,
680863cb638f28aedefcb26e02c151d3,,0,,1,,
68B989CB8EE040BC8ACBBD654EE3B60D,,0,,1,,
6986e2c8b45f9f929f92c98d3204c4ad,,0,,1,,
6a68e7c308016912179ef5299649e231,,0,,1,,
6b591e6ef2c5902b312d4f1ea33fdd99,,0,,1,,
6bbf9131799cc0119d68b2e5bcbdb47b,,0,,1,,
6bd69fbd36e979efc41f4b6bd407ca6f,,0,,1,,
6bda4bfab909e80a9c2e682bca18ef06,,0,,1,,
6bea7d6dd27c8cd88f34335a14de8347,,0,,1,,
6bff062ef0fbb7783a6a780c8548e399,,0,,2,,
6c1fd7a1f29e4933df090221377fc0b1,,0,,1,,
6cfffcc622f62a833fb01a8fa0e57434,,0,,1,,
6d500476b2dcf20e2e0e53b85ac52f28,,0,,2,,
6dc7d0105c8a951456aa5df1d6b6ef5c,,0,,1,,
6dcaff2a2ae6c2b38553d10625d787f1,,0,,1,,
6e03366bd3c9cbc1c81c317bc147a2ab,,0,,1,,
6e93d162d3c85867c72dedafebc1984c,,0,,1,,
75bf8ad92639f6fb84a316a13a3bee9a,,0,,1,,
76032c8d9cb1aadd58924488fbf498ac,,0,,1,,
765acf4aaab37618182c8a9600ca478a,,0,,1,,
767c3ae1553d21a8b57ed24542236079,,0,,1,,
77ad522a3df9ba1133acb72c1499f445,,0,,1,,
77e473eeba623cbc178374be9e8bbb18,,0,,3,,
79204a9f9155424daa4d3cc814b3811f,,0,,1,,
79423ae206528cb293ab870984ac643d,,0,,1,,
79aed4e3851866e2cc7a343eeb0bdbc2,,0,,1,,
79b485d1d6eed315a685a86a58b982f6,,0,,1,,
7c3d76d45f5f86c0420d0f52e8248a46,,0,,4,,
7cf890afe5a4453ed1e1a78357665bd2,,0,,1,,
7f6e39813e4234058e7b7e22c8c6599b,,0,,1,,
7fe82c6965313436e7333b8b34d43373,,0,,1,,
7ff156383fc3ed83355abc38ac371faa,,0,,5,,
80447acf929da570b0c718099ede976f,,0,,1,,
8094084d861b1e40f6d3e8db3195b8f1,,0,,1,,
82a782c979be9bbfe36ee59a02e3db69,,0,,1,,
8331011ab0e772dbd5bfe90c1e0ec4b4,,0,,1,,
88e9af99ae609165d28a482789575dae,,0,,1,,
8a7275f216e77ce51d5b904445cf6ee9,,0,,1,,
8aa64a46922fda0445f40884d800f094,,0,,1,,
8b5c6fe0c5eca64ec571135d40e7f36b,,0,,3,,
8b87aa8fc20455151a1c92ea15076012,,0,,1,,
8bf6a04e6772f783319fb2292252e3f2,,0,,1,,
8c6cd843ab75b7bdebab7ce02a237753,,0,,1,,
8d2930a491600d6e4a345e319d9be248,,0,,1,,
8deb1242d87ecada522595763e051002,,0,,1,,
8fdcb3b5440b08659398c247af37c32b,,0,,1,,
903a07c2f67c4598d0e0510b1b2e19c8,,0,,2,,
905860f863c9e10d4c2cbe521d68f903,,0,,1,,
9114d92d20e80cc4d9628a0a4e6dee15,,0,,1,,
91ecc5c44ea436aeb9a8c59a5a0741d8,,0,,1,,
94b0b15cf7b83ead05f99573b3da2180,,0,,1,,
95bc9129356aaff29dd9ff922581b8fb,,0,,2,,
9632c27127781d800b99ae071ba35b25,,0,,1,,
9661328259bb362b07cf5cd3041c6477,,0,,1,,
98f8432c3ffa68b25f9db888be163e65,,0,,3,,
9FD5BAEFB7424A32A5F060523D1CC9CB,,0,,1,,
9a560015cb4dcb737be648eeb98101fe,,0,,1,,
9a8f1bb0839774464db480d2d4839d4d,,0,,1,,
9be1cba91cd35404c52a70dd14487072,,0,,1,,
9d132fc485ad6e23b93ad34c61d242a0,,0,,1,,
9dd58df079e4bcd5d286c8e8448d3905,,0,,1,,
9e2ff1566a238694712dbe0639eb46d7,,0,,1,,
9e647975b92cde495c2f20068edfeb1d,,0,,1,,
9f50a66cd8753a2473ac04fa02015c6e,,0,,1,,
9f6d7cb7047c22e3d6a5457e9da219d1,,0,,1,,
A26D46B37DF54E4D966C6DF62D65AF8A,,0,,1,,
BF2454BAAA5848EBA2E28E18E64E8127,,0,,1,,
CE42A730C23A47D8B2F352DC1B64821E,,0,,1,,
DFAAE3BCF45645BEA49162D149E41D68,,0,,1,,
EA62E3D0830D409A8DAD54672B2C393A,,0,,1,,
EB260585389D47639A151F179EF9C325,,0,,1,,
F84EC6863FFD419FBD772DE5A480C484,,0,,1,,
a0101a7ca3d77caff79a4212b9d37ccb,,0,,1,,
a02e32af253ab16515c49076cf673337,,0,,1,,
a04fa8a91f284e2dd7cbd798167e39ca,,0,,1,,
a09f7e62d42935743acbef340751356e,,0,,1,,
a0c97386f85b12c659f5d6eaa559fcbd,,0,,1,,
a14a86b17067171671e9e4cb647e85a4,,0,,2,,
a240dc7cdd47f421528f9a03c7a33adc,,0,,1,,
a33d0a90aab5e33d842342ef4135bed0,,0,,1,,
a3b704811102ab544ac37a396137a5f9,,0,,1,,
a43a85b2d06baad50bdb98975d9b310c,,0,,1,,
a50f367296cc5e37928def05f50921f5,,0,,1,,
a57c3b6e7cfa1a95aa6ed7d7c77ca787,,0,,1,,
a5eb2fdf6679c70fa968de64bdd6e644,,0,,1,,
a9ecfcd850488056b71bcb81e2b5f513,,0,,1,,
abe0495d2999a9034bd5eade22062de1,,0,,1,,
ad074ded25f8b7ec74d15e8a46a07a3f,,0,,1,,
adc0776ee18112a6923f2a2686083627,,0,,1,,
ae5e974754f11b976463c0a551576178,,0,,1,,
ae63780b1f37019506603e6ec557923b,,0,,1,,
ae637c91e3413ca991a85ca33261ebba,,0,,1,,
aeb53dfbc09a4145476b06c90ec9e937,,0,,1,,
af03b22004966778bdfdb68eaa88baa5,,0,,1,,
b00ee97ff5ddd13420110a4ba053a359,,0,,1,,
b0d7a7e8e9d3e379f9dcc12b6226fc33,,0,,1,,
b0ddf6066015d00abfda0776bddf6dc3,,0,,1,,
b18b9db2d3a091ec6ada03efe587068c,,0,,1,,
b38f2a8ab8c4adfd571734d0d12a4ccc,,0,,1,,
b5fc1eb13fff33fea9f86160c6c6358d,,0,,1,,
b626b9f89fabf44219c9ca4b4a5c5641,,0,,1,,
b6bcc2ea1afbc292da655784f936cde4,,0,,1,,
b9416a7dad3042c064f8f9ad4953848e,,0,,1,,
b95d12cd95deb4eae7100c1952d3402c,,0,,1,,
ba2b80f3207036b93224d9a61d1132a9,,0,,1,,
bba40d6b0a2e026ca002e0859cf20acd,,0,,1,,
bc6501c90a9ca6d7bf93ff02ae53f9f9,,0,,1,,
bd3cb117b5e0d55e0983fee7c8770146,,0,,1,,
be0e618580952c96e7d791decb0ac619,,0,,1,,
becc60e629983ec8633fbc6182441e77,,0,,1,,
bf4d82e73fd55b0c12c69c0c7a387cc9,,0,,2,,
bf4ecb167609246a239d45fa8116cb15,,0,,1,,
c011a8cca95b40520a2291b0fb2b84f6,,0,,1,,
c117f47e6bc68d33f8f30edaeba894fd,,0,,1,,
c160799b08c1d0ccdaac7c8a1655ffcc,,0,,1,,
c1f49d4ba5f8214118cea7ef51f98283,,0,,1,,
c3821c23d0169cca28fb5525c29a5450,,0,,1,,
c4f60490c10f4c3243a8f2e0c28d1e4f,,0,,1,,
c7f135311184bf9004aee3d44615e4e5,,0,,1,,
c856d94b44bd28509bd497577bfb71c6,,0,,1,,
c93dbe0d7d4fd2ef5b94e01ce86bc198,,0,,1,,
cad05830e07070423cda58d1ef526810,,0,,1,,
ccab1a027f528b09273756b0c3283f02,,0,,1,,
ccd85f6a0a1d989c4270e5bbf68fe414,,0,,1,,
cd4b583e5f0991bf55b63f92b8948745,,0,,1,,
cdea637fddcaebc0981f52131df15fbd,,0,,1,,
cdfc6b412609d783ae94ef5c96dc178f,,0,,1,,
ce1796b5034b888a9419cc3d3de910ae,,0,,1,,
d024af01cbebe6bc8979df8c4789f959,,0,,1,,
d09607f952a06079432e62889ac6b550,,0,,1,,
d0ad856d85a2584783fa1c93be4de8df,,0,,1,,
d0dd781e09b62929ad56a4e0c1525c94,,0,,1,,
d2bf79149fc9c912140134b37695052d,,0,,1,,
d450623a37ca448b79481d08d5eae072,,0,,1,,
d553a55792382315b3cce19e21c35617,,0,,1,,
d588198b3e3695960ccfbcb6b919857c,,0,,1,,
d7a74f762a707dcda79d69c053401173,,0,,1,,
d874d74cce1c87f7124fc9c94803fee7,,0,,1,,
d8bb02d1b95bac6b598db8fff1878303,,0,,1,,
d8ce12688349b820b62a0bc53bf8de74,,0,,1,,
d9d2bc3388de6a1180e4370896612514,,0,,1,,
da3999530e863fd0284f1211f02b9963,,0,,2,,
da485340be93ee59b963f6c6242a5530,,0,,2,,
dac136b508276ed6eff18e1b656734c2,,0,,1,,
daf6e40207be9fb9a96b440ad48f420a,,0,,1,,
db6676811a6750295accf5874fa14e2b,,0,,2,,
db87a966daf721d278c5b33b852e3b66,,0,,1,,
dcec6083798728470ffcd20a9d608c51,,0,,1,,
dd8b867364ddf17019e55386d6f20774,,0,,1,,
dea6db3da979a06fe24fa08ade35aee2,,0,,1,,
df463e49612e9521bf5ebeb44c41fba6,,0,,1,,
dfad779fe77c8c815a918acd914709f3,,0,,1,,
e05c6aefd702534cefeb9b83c6758180,,0,,1,,
e1224bf0f78df1bdaabbab5b9925145d,,0,,1,,
e28beaa9c5602673e98e711baafc1e87,,0,,1,,
e41a37b5ea9531ff56ff6f7cb1fe804f,,0,,1,,
e4a8c11063cd01f346a3053a9911577b,,0,,1,,
e60fe3dca22fb7c198bee1e835378917,,0,,1,,
e62f0def1c90aa34a81c552e8bbad7ea,,0,,1,,
e6569ff081f5a22be41519d7f3b54e08,,0,,1,,
e8ddb7fbe3ee08fe369b09e766377472,,0,,1,,
e93f7460bf2819cc109eb48a41e9e0d0,,0,,1,,
e963f9fa9c41f5cf2e8eb4962b161610,,0,,2,,
e967a8b63900a02b0edfa1639d043ef2,,0,,1,,
eac2fa1aa03780875bb1403cdc1a542a,,0,,1,,
eb47176895f53a8e768cf7ee88163504,,0,,1,,
eb72d5f6eedc93659e54bb594c7aeb5c,,0,,1,,
eb9e7452ef009c20e6a8d0758e09d10f,,0,,1,,
ebe9fa7c6eb7ea5adf6d0ecdab0315ee,,0,,4,,
edfbd161027ce6b169f03d5cc3cff119,,0,,1,,
ee4a17b6bedf402bad19ac66669bc86b,,0,,1,,
eed06f5b65a004cc0eba8fcb2027e306,,0,,1,,
ef0c5a2b50f8176d8ba322823d49c388,,0,,1,,
efa64b0a2b8dfced1d68ae2fcc7c0393,,0,,1,,
f18ab24ba108b8053416841a4eb1f2b9,,0,,1,,
f1f35f29edc1a45c77319ecb9731db17,,0,,1,,
f22a98bbe054d3c7ed89d4873af16a73,,0,,1,,
f269e9d10b164f573ec309c730c0a48c,,0,,1,,
f38a801af95b8ee98b403aa498a18848,,0,,3,,
f42feaf27fba6acbf23fb47864be850f,,0,,1,,
f5360374ee9b6e757aae28754434d78d,,0,,1,,
f567b8e1c00d7d33adc9f677bba32a45,,0,,1,,
f643341e1d049409440c5f875420f398,,0,,1,,
f6a96d6e06215dc22c9f7262000d53ac,,0,,1,,
f702a8678d7598626ed5d557762c3981,,0,,1,,
f71e69e3ff6ec27a3315d61d65381fe2,,0,,1,,
f73cb5166fc8bc09fcfb6dbb5ebcfca9,,0,,1,,
f777bc9b4622e2feeb474f8c34c4fc8c,,0,,5,,
f852a9becd2187e0ff5f21ee4c7fd968,,0,,1,,
f8fb4e5833ac666a879b5457ec15cb3a,,0,,2,,
f96cd1e1f6d38181bb936c90c4384512,,0,,1,,
f9b32e9aebfa717d71383dc025c074b4,,0,,1,,
fa49712b98e578752a822d744dd3e809,,0,,1,,
fc441e7e9f7400b4695b88da085c1b86,,0,,1,,
fd97fc8b5a6a5363d22fa834367ac883,,0,,1,,
fe341ada010c3e00a0d356922b032738,,0,,1,,
fee7c05452045ed0ad22f11bd54b3c40,,0,,1,,
ff43c4d6545141a1145087ee690e98e0,,0,,1,,
ffe4f9da3d78d0e4ee47f327ccfe9da0,,0,,1,,
0016d9ad119c29315391a78cc6a798bf,0.5375854519661516,7,3896832.0,531,22,0
002BC6EBE270415C958B42E8733567E2,0.03484293587871626,45,1733288034.0,241,7,0
0037f82363b8f02c72d1570029adb734,0.09211804484948516,17,80306.0,26,2,0
00d2c4182f6cb145295fa00f38728b50,0.10283946408890188,85,,66,28,0
01a39dd3e0ade1e2b71da3a284e3d5dc,0.02917370165232569,16,2122559.0,399,13,0
01a61a5ed4cfcf2c0280dfdbb2dec66b,0.03139322099741548,19,272319.0,163,6,0
01c39b677accb675568f00bc7bdb4756,0.017047499772161245,3,3964323.0,247,19,0
0351a6aa45de8afc21a7727bc1f700d8,0.8487892933189869,15,1204186.0,158,10,0
0365125158770dcea2e566b2bbfdf7c7,0.0021881370339542627,1,6508.0,2,2,0
043bcfb429a9b48cb08ef1fe9b8751ac,0.022547708824276924,5,30013677.0,18,2,0
04b64a96dbaa426a0e2ba30600d01882,0.07563063339330256,43,225637.0,28,4,0
04b88604b9f056dca380535b63cd2295,0.026865590654779226,30,440837.0,79,6,0
055ac466f0cd43b044b5ea21b6d844b1,0.05251835341914557,86,285114.0,77,5,0
056443cfaa2010abde3f55f9bf167668,0.06308231689035892,5,92410.0,10,2,0
05e15507a2838f5b1e7ec2b488dd0749,0.21072741597890854,19,5330226.0,659,17,0
05fb0466dce17c363ec2ad2e07bbd05e,0.19872075133025646,6,419122.0,491,5,0
06e1f069d389c0ce75209ab6034a9758,0.1465560244396329,16,20029330.0,44,3,0
088bba7377cef3c781b4a61dcb763c0f,0.0517340824007988,2,111944.0,30,10,0
08f819fdb2a1b980f4dc606fea80ab1d,0.03348346886923537,23,1651171.0,39,14,0
0b137f908f7b69ef4a5d35072c296909,0.0048055744264274836,2,393034.0,188,8,0
0bbfe82a7d4df02bcb714309f743319e,0.06618038844317198,7,23606.0,6,2,0
0bc01509d6e4d99c4aa73fb047338185,0.04562813322991133,2,66897.0,9,2,0
0c43ee99bcf95762d3708cc041ab56dc,0.24816278635989875,105,1275067.0,196,15,0
0eefd467fa9595e6448c2781d7425d22,0.04944678721949458,9,2438146.0,864,19,0
0f5be26a8061f96e19f15878167ce0dc,0.012097571649064776,35,206415.0,42,3,0
0f6accf42dc07637407a59af525e8b70,0.006833494175225496,1,6618056.0,1451,15,0
0ff619cc502c51bf2570e9feac08715a,0.49983590841293335,50,1141478.0,421,8,0
10237f6202f81d7e8e3c5c8d90ab9912,0.03383221849799156,1,4262740.0,418,11,0
113b19250020994ff1ad65d35e0b930c,0.09523670049384236,12,7691070.0,2375,5,0
11c98b3282214ae3032d1b95fd611bee,0.02259597962256521,11,86820.0,25,2,0
11cc2a5a23ea4c13e262e5942dc2f3ff,0.671650618314743,33,365831.0,71,4,0
123a7e4c95dc5542d2d3c7585f6ee8fb,0.019198797643184662,1,1686495.0,77,14,0
12592D376B914B63A951017AFB5BF5D7,0.1512701185276395,28,10394744249.0,108,5,0
129071a87f9208575c4c8ada29fd78f6,0.008048641117056832,11,1879145.0,346,9,0
1298b040b3346bd7ce3ac71a713c2a7a,0.22597465477883816,8,4052961.0,188,11,0
1320e7f681f229d932c169604c823c34,0.014271360356360674,2,954688.0,151,9,0
132b16a4cbee9ac40af6e0c27fa8bcff,0.06962442153599113,26,22592119.0,29,5,0
1334ad716786e640b9c5a9e622688e7e,0.05735337920486927,8,21571.0,12,2,0
13f2c387f25d5236185fbbbc858ce084,0.08655771115991229,96,3389301.0,620,28,0
14610d2df8f54a28e90ac3ee12e1ca76,0.004677450000599492,26,3600472.0,257,17,0
14c7ceb7b2e18fc97963c0ab5f313e6d,0.06041596760042012,34,522422.0,90,3,0
162fd8bfd1471d3a6fb7d30baa3004f7,0.014642267509771045,30,220026.0,43,3,0
1652d9dbad17dc2f84f0adec94a3c652,0.09635211603017524,99,625498.0,59,4,0
169c86d6a33888d3d424a8f935b57a14,0.03782473411411047,3,3812446.0,272,7,0
16e841d3f5a055617779267fd81daaea,0.033145926892757416,2,5195864.0,445,25,0
174d9f68101058691d59b24b64b7c6f8,0.6215990697965026,26,561187.0,93,6,0
17ceba1cef1f75b49054eaed9f6aad3e,0.015180227812379599,3,,1466,14,0
181403a487fb162498a9514963f6c596,0.06517657823860645,47,88176.0,33,4,0
1837073c44d1dabb2eb419c8e93bf178,0.07571068874676712,14,4631019.0,484,22,0
185b4f23ec4fbefc2d2f781d294a4b34,0.0061048706993460655,3,1276107.0,117,7,0
199ba9eb8fd46476594178640e5c6e4d,0.0778325479477644,24,1768662.0,396,9,0
1a4813f3343a7c5c3e43d49e5abaec48,0.47497301548719406,6,15716.0,7,2,0
1c9c5182a5d7e8cceba7417b1e75ae65,0.007526502013206482,2,5436970.0,537,17,0
1ce153d741dc1a14d9b20f2f00881b79,0.20844457834027708,50,3741232.0,212,13,0
1d05a2e8a9606ff1b0765f4dd0280cde,0.045996921544428915,41,3741560.0,1209,18,0
1d67519f7f4373da94fc68fe7ec30324,0.11074465233832598,7,3078319.0,76,3,0
1d8683383564c41ad2db9d7fa6891393,0.007974885404109955,1,1691757.0,206,6,0
1d9d96dde823b19833f75c8a84e4fafb,3.811787724494934,26,3020861.0,210,16,0
1da1c5656f602eacb1b678e958be3c5b,0.5409658467397094,101,3357047.0,1149,21,0
1db76d6541ca7a589fac0b6a7e309fcc,0.1761470828205347,25,162511.0,8,2,0
1e101807a476f4267abe4bcb5f4197cb,0.11802777275443077,3,8381059.0,4,30,0
1fe0f0dc7289bd43aac8174ba3f7cd27,1.2974774279282428,283,1114302.0,146,11,0
205f2c2f630d9446286fd89a376b7ca8,0.6348660588264465,2,1914625.0,205,11,0
209cc0ca1c386041b485cb1b17795e6c,0.1422779243439436,4,507218.0,198,7,0
20a33a64c2f5ed9094d1348ced9c634d,0.002255172817967832,2,2795084.0,430,18,0
210e7e5e72d5768ede5b45b7de1a9809,0.20286913868039846,14,73555.0,5,2,0
214134d8079795ecbabdaacbc55bb116,0.0011934239882975817,1,119111.0,215,3,0
21be1e0e83d785b1c12ba1333a2fabf2,0.5409000460058451,60,3485932.0,624,21,0
221d907785cf81a294fa9bd9ae82a934,0.04698498151265085,22,20747.0,5,2,0
22531986298a0d419603ad28d28dc994,0.027784903068095446,4,42638.0,37,2,0
2378d5209b41ab466ad513c04b6f3a1b,0.6274694241583347,11,555180.0,61,6,0
239031afd9672b9a9784517ccc96db3c,0.022679115063510835,14,419354.0,56,4,0
23cb3fccf70e6a4a72e3cd6a907f3167,0.022717736719641834,24,5166378.0,1063,29,0
245117c7d5b2a7889f24ee4b153335f9,0.8348044445738196,41,21151.0,6,2,0
251b0badf3447c4440b7755dca63bb01,0.16866445494815707,42,154617.0,26,2,0
2571165c72c04fe480769a43dcaeefe2,0.07251251745037735,29,79524.0,11,2,0
25831abb5fb63d8929f36c8033584dfa,0.02445260272361338,7,3975310.0,193,12,0
25c35165adb8b5d394b69b3e433da221,0.3650940954685211,6,971240.0,223,13,0
274f35bd0bedd5ccb848979f8b8eface,0.03603593056323007,40,9916132.0,762,22,0
27a0ca204085f752714cf666214df252,1.9503410160541534,34,365280.0,15,3,0
27d3f33568dba839ce55987efea9721b,1.1596318073570728,4,16226.0,9,2,0
29b195d85e86ea54b32a4306e21b1f23,0.02703143423423171,3,38095.0,8,2,0
2A57588D0EE6412CBFE0270E06F04FF5,0.05109355379351589,11,10425.0,2,2,0
2acc0e96b19d828b86f18787dc8509ea,0.2472156846197322,57,14664.0,2,2,0
2af8e60033e16c724b37ba13370af655,0.32115318067371845,14,353931.0,96,6,0
2c0ec42071afdb57cf60fdb57c0cfffc,0.6525449139880948,114,476020.0,264,8,0
2cdb52afb1c43e020ba40e893d339a3a,0.09293818101286888,3,17993552.0,255,9,0
2d6e495d733ea4ed2bb1e95bad8d86ad,0.17668441031128168,9,4285765.0,318,26,0
2e0a97c0c37b91578e19b8a6dd3924bd,0.03585723228752613,2,1130521.0,212,8,0
2e2f47750a9e42e1c71db58651d98529,0.03487812913954258,3,2879973.0,322,13,0
2e82a386dc13588b877bd4fb78d4cf4d,0.09601115281111561,200,1429028.0,257,7,0
2ea22efe2af716d2ba6597540ff9d5b3,0.1574103138409555,19,,63,4,0
2ea2bb43ee7365f1a3724a9962dbfaa2,0.0048639909364283085,1,14365557.0,256,7,0
2fe837cefda53690783dc1fab9f593d1,0.10532662027981132,43,13111449.0,261,13,0
2feee0a0b6c09e55adffc34113005605,0.15180720575153828,7,510966.0,16,3,0
300fdf77260e759fe14c8ddab9db082a,0.4146275036036968,24,984229.0,61,4,0
304744dfe3ad37b5485bfdae3019931d,0.14318753173574805,124,1087510.0,167,6,0
30bf193055b20964475d6a65be89d44b,0.019489279249683022,4,1726295.0,716,26,0
326D6A0B2C7D4A18BDE05C47A3E7878D,0.11586202144622804,6,24288516717.0,42,5,0
33e8c26e8b0ec114ac058cab2c81b932,3.147240448743105,40,11178.0,4,2,0
341f9746e0e15abc6033619001ae2016,0.2421003356575966,2,15856846.0,5,15,0
34f244a07101a7f4e0ab2a86037691fb,0.04233034350909293,13,1493786.0,216,7,0
36c3ca3141e45c69e2a6270950c37f04,0.09952188457828015,70,,19,4,0
36ca8ebf9e0d9c550c38d082dbf9ccbd,0.18410598719492555,35,77683.0,27,3,0
37936457a2d62d5aea080145d810d58a,0.010583491988654714,39,,79,23,0
37d033f196f014a214ff314a6e0d7aa0,0.3050751779228449,19,9393905.0,1082,19,0
3809cb6ba02940f908ad8827c94a1164,0.11379474122077227,11,823735.0,333,11,0
3a03e593a1a748abbe8f22f67541c45c,0.24420873750932515,23,2867529.0,685,21,0
3b96ad53c46650ff1a16617a16c81c87,0.014552241889759898,10,18886302.0,31,23,0
3c078e749323f33e11389b380516da3c,0.8830477297306061,2,5551.0,1,2,0
3c62e428893d162c9ed98a29e286d773,0.010214694077149034,3,4868189.0,478,36,0
3c823ba7db3fc804badeb41531645413,0.05580923706293106,1,3331083.0,510,17,0
3c9a4f11206624849804ebfc6f49d7cf,0.007178015570389107,15,4974226.0,1209,40,0
3cabf37951650567f055ea4c249c1e67,0.06692597642540932,14,5583933.0,1562,26,0
3d04f5e0bb2dc99f56e8549cd1d0216e,0.003488206180918496,15,,68,6,0
3d11f4d48289d1aac3737ca4e6bf42c1,0.012423933134414256,14,9076.0,3,2,0
3d7f993962e8f70b6516073a7f4df08c,0.0010000000474974513,1,2494721.0,667,17,0
3e79ca28c93e8482dc1140d4820d6ec1,0.2738546560285613,11,283135.0,70,6,0
3f07b4ae5b947f8f9a4e358126a51d9a,0.026453957601916045,18,27751.0,6,2,0
3f77498b7f61d0fdfb175cb1f8a3846f,0.09618464205414057,14,218064.0,262,14,0
3f8a059c1639212f0e788acf3b80a9a0,0.28990156203508377,3,825778.0,146,8,0
3f9c5a48aa1a94261873b22dd6f731a6,0.0655965858604759,19,,334,11,0
3fcdc4dbeddeec17df9d062b0094c6ae,0.056240742560476065,7,4210421.0,496,10,0
4031873B77CB43E6969DD61592ED21D9,0.3042692211975313,32,5205925778.0,19,2,0
409b2b54bf63a614cf8b9a7a720275b1,0.06448029773309827,9,7719494.0,1629,17,0
41692d83674d0bfeddf00f734ed623cd,0.30811451748013496,9,554725.0,34,3,0
41c5414177ed9cde280fa2590496cc2c,0.06950424239039421,2,1961041.0,762,26,0
41d47a6293aa52b471435d8252f2a6c1,0.23811782896518707,1,,622,10,0
41f5095197601161482b4c3301117e70,0.2230760008096695,3,62041.0,8,2,0
4206695a7c02eb22674e3faaaee02acd,0.025743579404661432,65,55416.0,38,4,0
420eb671219f54f1cfc55492c8919419,0.026118047535419464,6,10613988.0,391,13,0
4248d74d55272afb4cba6c97909bc697,0.7420136630535126,54,454820.0,58,4,0
42d5de5c85f0eab392d94613cf369af2,0.014878083136864007,8,570868.0,124,6,0
441e71614d6b62c8f16c9441e5bb164a,0.0005337800248526037,1,,155,13,0
4453609ee4503b5c231b6d67b210e730,0.005694234045222402,2,917599.0,36,3,0
4481c72c5bf1bee553d7d0b1be6b181a,0.5432320768013597,73,20191.0,4,2,0
4561a9704d8a302193431a0051247ce0,0.051925020292401314,5,325763.0,18,3,0
4562d22f4f966e22eaa109f8c51623f2,0.013797351799439639,13,6560283.0,844,37,0
45979bd594df2ae44edb5a439da77cfc,0.20694005442783237,23,1405857.0,365,15,0
461F3F014C104B1BAA83B85B30A3977F,0.28645666637592937,80,442163789108.0,125,6,0
4699d46cd70adcc13945ec4ce77f2fff,1.925234168767929,5,879633.0,105,9,0
46eb896d295eeeb2d2eca11724955420,0.0028091020649299026,2,1164108.0,93,5,0
47f01411dbc1365c2761329115c8367a,0.017300718987826258,9,2973773.0,140,9,0
482daffdcc0d6509bd62adb335199454,0.039495332166552544,3,4168030.0,89,21,0
48a5edef3ca2bd81f05a671c96a8485a,0.007052421860862523,5,63101.0,13,2,0
49ae36912ea89d83876423edb4d1eef1,0.009999999776482582,1,1783294.0,534,8,0
4a4540146c94d39113953e41b4785c3d,0.017009272356517613,15,,52,5,0
4ad0d8e53fb20186cfaac57144806aad,0.07121657952666283,12,1695090.0,90,5,0
4adeedebf002cf8e6eeee5a91b7767a3,0.02039512270130217,13,2969198.0,151,5,0
4b36263b07a4bf7c23dd207d2e4c343b,0.010793202556669712,1,42690.0,7,2,0
4b9f22f0c45be5eef3bd259b2e62beca,0.5835810750722885,62,1277516.0,216,4,0
4bbd3312b26be756e13949497285941a,0.026788443967234343,14,701536.0,78,6,0
4bc3a3ce912bb94238f29c2d8ca19b9a,0.13043104112148285,1,6978163.0,14,2,0
4c5c93f9953729f246a00e0eee7292b9,0.1972865778952837,23,18660.0,4,2,0
4cc094d2a61de20def12cb919e9737aa,0.053537532687187195,2,1995716.0,39,8,0
4d68601491067532704a8667ae624212,0.016305100405588746,5,2098568.0,455,9,0
4d6ffbf6a09f2ae22b27c21e0183d419,0.1514996662735939,14,44077.0,10,2,0
4dad5cb119c4e699d80f6a8499a81ca8,0.28340244269929826,61,5593872.0,2081,26,0
4e63512ffb3cf44aeea9c7011a05d5ec,0.020670580212026834,10,9735693.0,78,9,0
4e6bc19f90045b45048a5169d6bfdbf1,0.009999999776482582,1,225.0,1,2,0
4e7d3eb976029492f2425ec505dcaa00,0.031833023531362414,15,641345.0,43,7,0
4ee6796e6253419a38525c09717e883c,0.039712969213724136,1,1591905.0,77,6,0
4efe8e965d7a1c749c24721cb22aad8a,0.031089484284166247,29,895508.0,90,8,0
4f6eff3c36811eab587f7260ed61376d,0.10466681641992182,57,1350866.0,190,8,0
512d15190952095b07c5d013bd4274d3,0.0007878000033088028,8,1104238.0,1080,5,0
525FA1072E6C493D9D5EF3EAFFBD3E94,0.03591096751832199,17,3433374289.0,738,17,0
5313a6be9a3150dbc453d28df7c66103,0.012288237921893597,5,1217560.0,197,5,0
535e9c21a3f7080439736a585e4b80bd,0.18604993874032516,45,5043225.0,141,25,0
5543866674a5bda5890c4dd5e0d8c8e3,0.17660827632062137,31,2926807.0,510,4,0
555053cdb84b65a0f8e9b28561ffa1d5,0.17763901129364967,3,2135613.0,678,20,0
555ba0e282b6d292dcdadb70ed83adb2,0.050403435714542866,5,221107.0,6,2,0
56370b501cca791746603a33d0c863d6,0.022490614093840122,5,1910674.0,184,7,0
570502fcee5c539008e0c421017574ef,0.49200769793242216,32,2325590.0,284,7,0
5707b67b458245f333068ee6030f24c6,0.02816796163097024,4,736210.0,244,12,0
597295c425afa725f0df2ab48ff6dd81,0.3417631071060896,11,644647.0,111,4,0
5AD36860700E4B9F90885CA486F53E8F,0.06696018218994138,1,72987.0,15,2,0
5AE8876873304A14ACAB0A98834B08C7,0.011548546357696537,5,31129021668.0,352,13,0
5F000BA8884D47D19CB4B96FBBBACECB,0.030335630041042172,50,20817730844.0,44,6,0
5b0ec2900126c0f32b90bc0f8a9e27eb,0.02557344175875187,4,682169.0,71,2,0
5cc6b125e1005c7848c8e1e68f9768aa,0.13369742408394814,2,8123.0,4,2,0
5cfd509956d2c92e0cbb4e1ca09ee813,0.00976262241601944,1,770871.0,55,3,0
5da58165668246675dbc924c60850617,0.02819287171587348,137,590205.0,102,8,0
5e59b3046182f035b125a2f23a6d82ec,0.018557260395027697,9,1275353.0,175,8,0
5e99a667a2ce765d2ddca4865dc67a6c,0.8410366820171475,20,15314.0,3,2,0
5f295f2e563851c6b546d66adab07fdb,0.2358679555254639,98,6687721.0,1263,30,0
5f5e374f6179b67d214893d0748b2dd8,0.9933887086808681,22,82311.0,14,2,0
60006d12ebfbf604d68c84e15eff881d,0.05067985819187015,12,897577.0,126,6,0
606cb29bab480c228c1d74ff41d08396,1.1878631471190602,33,23151361.0,17,2,0
6134D6ADDEB743539E838441A4A513F8,0.36726814785542294,33,5199033656.0,391,12,0
615377a3183762ef370fc4f2d5a8367a,0.030805045505985618,5,5249649.0,491,17,0
616f82f83d71a1bc48f9d6d17c3f351c,0.006549998186528683,4,532643.0,413,5,0
6202f2e37bbb86ff5d8ce4f85690cdc2,0.012376714497804642,1,1805061.0,106,15,0
63900cd339fa7ee12696e1b6ca651e12,0.12076458288356662,52,2690089.0,12,6,0
63ca190096a36a87ecaaf1f322440e43,0.001580504816956818,1,8242056.0,35,2,0
6442cb763b6f9df24619fbed42a9f6d6,0.014773812843486667,4,261103.0,38,4,0
64fe523caaa2196e3748146c7c54e344,0.23595196288079023,8,3723863.0,870,30,0
651fa1e2e9a9c7da9d1f273e6bc208f2,0.029908926924690604,11,19027.0,4,2,0
680029718617c6018c54b28ed0d85a43,0.4786286912858486,15,394614.0,37,3,0
686be1b48d7fc6f90ed65026b620719f,0.061522042378783226,6,1132285.0,326,7,0
688da7a89284b34513e82dc567fae9c1,0.04616893036291003,8,62427.0,10,2,0
6b1a627f99c586349acaeb4458f33038,0.004969712812453508,1,20112234.0,461,12,0
6b890d8f41d80b44338f4e53a2ea2073,0.02320726402103901,2,653452.0,159,7,0
6c9379b69e77e9791fcc98fc0cb0e03d,0.8673670291900635,25,1429610.0,26,4,0
6cce93bcc8cd242a0505c8b673bb3919,0.07128097582608461,62,154570.0,47,3,0
6d0db861eb43967460fc64431443c174,0.014828368555754423,10,27240.0,2,2,0
6d11c65980fe24e7fdf5431fabd2ab92,0.16246027109446004,154,7843368.0,568,27,0
6de3ff13086f055b9b1b001e9865a2be,0.10677728988230228,7,4270789.0,477,18,0
6eab9728419d788619aca24a1af32769,0.012463016668334603,11,3008692.0,183,6,0
6f4a07f3491c7d7148fd0292e476c62e,0.008718731347471476,7,5811413.0,657,31,0
6f582d4147c2ba6761140489eb50a460,0.2224105503410101,14,53395.0,6,2,0
6f6b56232fef9c1d3cb4bb8dfde07e45,0.014667495619505644,10,6296303.0,296,23,0
6fb502494c0e1464de6662544a1de943,0.3300803063903004,129,757310.0,153,11,0
705a8a1f5397bd6c9694744c1d0dc320,0.0034289173781871796,1,2727487.0,436,13,0
707cbd874e723dfee2943cbd6c9f1656,0.00815615989267826,1,14295.0,7,2,0
70E5D9176C254E59A094DA68103FFB05,0.07695482838099635,19,5200493368.0,312,6,0
70ec8bb6cc7f18c62a0b1aa9c2aee429,0.06024037371389568,18,30916.0,8,2,0
717bb2c5d5fda02b316bc1437b9aa026,0.003112525912001729,1,611676.0,184,5,0
720bfee59b0257d3391d52cca5f76b35,0.004829210229218006,4,2050060.0,1656,5,0
72DAC1A15BFE41FD9004D4133F2D3C10,0.006666299529075622,1,34211383526.0,1292,29,0
750d948b4929ec19e9a88e61551165a4,0.4214188780169934,83,57381.0,10,3,0
7695071dc5a1918d56a11357e6d75f87,0.060646457597613335,17,2237566.0,1433,8,0
777824caac06bd4c5626904569d93ffc,0.6605522446334362,6,4135513.0,536,20,0
77c288c33dad472ed6b601c8d15b710f,0.6315632234909572,206,99842.0,28,2,0
77ee6455cc192d480c530c4ed03859d5,0.03918548463843763,6,168042.0,45,3,0
77f863b7e15526baf01f58bfa536359d,0.016681952634826303,4,6603033.0,256,28,0
783ca4613a665e57bf92a96d80287311,0.0016586976271355525,8,587899.0,78,4,0
792acb0ab1c4f18c80282eb9f6489a6b,0.03715144610032439,4,1785609.0,198,6,0
7EA4287B2EF047E4BF25C72957B3C5A0,0.08249454498291016,1,20737051198.0,694,30,0
7ae0b5c43c4216ce1b157720c22675f2,0.04962638230063021,36,243322.0,42,4,0
7c551e5e77b73494c1b183da511cd3c1,0.04865656793117523,4,418247.0,80,6,0
7cde9fabd7cb08b9fcda7f47ba609759,0.00724644202273339,4,670507.0,49,4,0
7d84729a9efa81178b4a0fec38285a3e,0.00942769821267575,9,1206422.0,125,9,0
7e029c880e1c71c24ce6029b780c4d06,0.12359612714499235,20,235175.0,24,4,0
7e62f11e577cb8a29c78eadea75eb93c,0.10145824961364269,11,140117.0,30,2,0
7e90d682ff1a8d1516931ea329eef7cb,0.024125808849930763,1,2824336.0,814,20,0
7e9703af3d1ee69a079f3edff1fbb6d9,0.12649560067802668,13,20044.0,7,2,0
7ea458eecc2b499a33302fa5e7f5d4ea,0.07913356926292181,10,1604385.0,95,7,0
7eabd45d4c2c53b896ea2697606dcbf8,0.04167557065375149,17,1037769.0,279,7,0
7ed305c0f9f751f7c0d3bedf732441e8,0.029588476922072005,36,3069945.0,16,17,0
7ef76661a25641e3fe7cf82c5a3bcc25,0.03665139700751752,19,2815846.0,696,30,0
7f04226236c4910de561c1ba5483fa65,0.02356372238136828,17,143323.0,20,3,0
7f46a8fbcade14cf71c09fffc1be9dd2,0.07490007556043565,55,191555.0,29,3,0
7f5a0a745785e3c08d62ff7012d7a211,0.043185625108890235,36,12495119.0,23,3,0
7fd233b307349e189dba1d900f4b5a9c,0.01879711472429335,7,3391576.0,888,22,0
800de03e715c7e3a0e3a89a6095a5830,0.04134923545643687,6,2721004.0,455,12,0
803f216cdc1dad34571ebc25404824f3,0.009510195814073086,3,320581.0,22,4,0
825f2c16dbc9f9d69ed8bf8319943f22,0.025341857690364122,3,1375568.0,226,5,0
82b5bcc407d53914f948cdeff57f81a3,0.8780093491077423,3,2069012.0,383,16,0
833dcd4154d9fe85e8c63181be74daf7,0.002394692739471793,1,436347.0,56,6,0
84e6a317ea2f99c5ed03cc5b9148d5e8,7.185397535562515,43,255223.0,17,5,0
854cd2130af3dce8da8e48abd5ea933a,0.07398369538714178,60,1605324.0,306,7,0
86780979F20341B888112644342EE885,0.051475484848022474,2,25987698356.0,219,6,0
86b8a4650e4745fbd292ba755da14430,0.052195917814970016,1,5977587.0,451,6,0
874816f04d9457035225fc759804f3a8,0.07423090364318341,22,1762450.0,140,4,0
875def6f050fec3aadf9c0be60699ca0,0.0805310532450676,4,257225.0,24,3,0
88d6830f1beea4b010edde87a9d49528,0.06786993285641074,8,1238967.0,732,9,0
8914B7A8518743ECB4C66ACB2DEC14EA,0.09357769648259248,21,3458929907.0,136,4,0
893d0d78fc76842cc0299db4b3ab97a7,0.013659583404660225,1,11896040.0,4,4,0
894069de0b450be357607e551d37dd9e,0.5347892232239246,19,624024.0,248,11,0
89453a730f2b2df7df7c791fda450728,1.4174999967217445,11,329197.0,47,5,0
89705d862eb206e0e64d288cd7be24ca,0.07064861949766055,63,151971.0,27,4,0
8a2e99042c6dd627efa494943d9aad88,0.0005653830012306571,1,1506560.0,206,7,0
8b301ba8d4f423d275d2d82ea1caf5e8,0.033810137771070004,18,131429.0,26,4,0
8bafcd7e1a0269e1ebf080b68b7f52e9,0.0,4,6955.0,2,5,0
8bcdfc4fdc7ce88d6f853b21da668f3a,0.030827423557639122,3,1433072.0,183,8,0
8c0d8ffa898c7673494eda119815ea66,0.009264539461582899,5,5117507.0,131,8,0
8c5e9ac13eb40bf47f2af70c6d03514f,0.1010036839870736,42,312349.0,89,6,0
8e6cb6816b056e4086fca9d2809c8794,0.05729618249461055,15,23714.0,8,2,0
8edc54c35df100590e74638b3af8bd88,0.22002779692411423,3,8106.0,8,2,0
8fd6b6564f967563e14b95872bd4e743,0.06331808224786073,68,57673.0,17,3,0
8ff225666cce09fff45931d0de424814,0.08604730060324073,31,479224.0,41,3,0
8ff9d27242400bbb562b0040c36b4249,0.06918885186314583,4,5862560.0,1212,26,0
90f50efb328fef588fd1fb84a0f83f6e,0.015567320107948035,15,221910.0,66,3,0
9142ab019d87a111a7ee1de4949d7a7b,0.08358746487647295,9,1778193.0,135,13,0
917f80fcb6a5d99e83f5c078808fc5bd,0.30750712007284164,7,1111857.0,91,5,0
92103c98c7d69065fadae132246aa074,0.05798876070184633,18,3680721.0,313,17,0
9280c63a2582c33513200f14313b6eae,0.040696400217711926,12,543153.0,317,5,0
940e2b4d28f3553bcbc61c04edb019f8,0.012622173875570297,1,1160897.0,226,5,0
95B34C8A20BA4EB992733F54E5EFFE07,0.13127398786238573,13,500661.0,38,2,0
962ddce487b52315b7041f829352e51a,0.051632298389449716,8,398030.0,66,3,0
978d43ae09018ff7c9578e661fa18de7,0.02035326510667801,5,2955061.0,468,14,0
980bf80104bd7f149583da3efc06361f,0.04691936285234988,45,1280229.0,150,17,0
99b0ffbbadd5083c508147d9cad59628,0.008927779272198677,1,19435.0,15,2,0
99d157a3426d386163935df426fb621d,0.022865827224450186,69,6443054.0,1111,19,0
9afd37040b1ceab6aca84c844084697d,0.014618600253015757,6,531925.0,25,3,0
9b2489237810210001a3f8c0486d83b6,0.027497760951519012,1,762323.0,149,4,0
9b8bcbf0395ab0b65b6bd33e29955307,0.0013344928156584501,1,1160085.0,215,10,0
9c666a92847e784872294f88458ebf2d,0.13981390674598515,35,628215.0,67,4,0
9c99eda5cba7028dc49c40ad20ccfbc6,0.017271807068027556,16,1843014.0,128,6,0
9cc324b75035f3df039b91dc2418c1af,0.04505687952041626,1,174061.0,16,2,0
9cf4cddecf64afc4bcf464be7179091e,1.7177079617977142,4,692538.0,72,6,0
9cf78d879b5821e38ac02ffb996b7f2f,0.0296856677159667,2,387294.0,35,4,0
9d09f9ca0e1380df7c3825c1a45ca17b,0.030857361271046102,16,306524.0,63,4,0
9e32293ec952786bb0b8c131df4bf9ae,0.07725215749815106,7,3215756.0,926,26,0
9e546aaff38db29aafa7be155236f446,0.028697583940811455,19,31860.0,11,2,0
9e95400b50ebf35f14134f377b30c7b1,0.021389191038906574,17,3764945.0,302,14,0
9ed8f4e09f38beeeab2e81c2fdef7116,0.00559184281155467,2,554314.0,188,8,0
9f09ae4332ced7a4acdf30f5655788fe,0.5265308916568756,6,22208.0,11,2,0
9f25e7e4435ca1226f5640bd9978b007,0.03892688010819256,38,763056.0,48,6,0
9f596f286f21e190d3a16d320670a747,0.009219732601195574,2,22225113.0,17,11,0
9fed3422958f3fe85cb645541c3563ca,0.0647243931889534,1,1045.0,1,2,0
9ffdebf8f2b246995fe9ef079e1092e6,0.003108511446043849,4,2392237.0,324,11,0
A87754BD73814769A8A23318D59B4EB3,0.01251122680090332,6,5173910223.0,312,10,0
A9B73F1A3A984B9AA50A4A28CCB30634,0.13046322999238968,14,1735393006.0,10,2,0
AB76F58AA19D49418C9D0B800DAB489D,0.14817099761962893,3,5203353200.0,43,3,0
AC5CD74E36824CBB84BA4DB85F0B3F41,0.011534388969055176,4,101973417317.0,437,19,0
B23315B201494394B95FD1C02C65319E,0.17338418882446288,6,13882630808.0,6,2,0
B2C5606AE63341568912C70CD7FC82A3,0.8765321993353882,53,19083.0,5,2,0
B2E47101B9644E65A5E974A0BFAECCD2,0.23114041708044436,13,6941390353.0,5,2,0
C3482328DFF14AE49B5CDE1FB1972713,0.10124277496337888,2,2562800.0,14,6,0
C520CDBF91474B1783AB2EFE840063D5,0.19972832174210325,14,13875736654.0,61,3,0
CA6FAC4F3BFB41C185FC13D73EC90483,0.045449830236343386,9,52041872789.0,45,3,0
CB9C59BCCC134F0BA74C4409DD792908,0.0541945428449767,9,8672142981.0,93,6,0
E23AD5640DD44FD9A5F8537EB36EA07C,0.10296596437073888,15,229446103400.0,1101,28,0
E9847F446E3E4A49A437F07EF1128D02,0.06590760753070521,15,3440090182.0,896,30,0
EF46513FCE9B4B4E92E73C7B2147463F,0.1759655647277832,4,6936445161.0,110,5,0
FE4B761B624C47A7A4E2D07406A5631D,0.07189669990539552,2,50160311966.0,355,8,0
a04022ca29081b45f0f62908f0361f76,0.009583680192008615,4,28046.0,10,2,0
a0771e3f9e943d6cf43e174dc19338f9,0.6843413719907403,64,803485.0,58,7,0
a08a551674fe70acb2c3887c1457503b,0.021510089747607708,4,187040.0,3,2,0
a1274831e603c9c58497093a771407e9,0.04446393909165636,41,192298.0,47,6,0
a14f2260d8c74a37d536d37977c9d45b,0.4506312264711596,136,,29,26,0
a1782c7c43a84d5875c1694f88ec91f6,0.015791601967066526,2,499980.0,39,3,0
a19a2ef5164aa4d4536e3de591c5cc64,0.0010712229850469157,5,8467212.0,1101,30,0
a29a7038aed8d486eb52655e1cffc452,0.08502811744983774,69,1405549.0,132,7,0
a2c45b65832b0e2671ed5951d437d71b,0.07995138457044959,9,1902133.0,332,13,0
a56ae6f94b37048b9ff7c2963116b132,0.8202000260353088,1,97871.0,35,4,0
a5c1e6c36828d7a21a98b91fa08422d6,0.013070713030174375,3,5979037.0,749,30,0
a642e74bf8cd36133b7df255b3d50c2b,0.08435665833530948,85,7995936.0,330,11,0
a6b2ebba4fdcc851269be766b5165e4c,0.16261999309062958,2,29852.0,12,5,0
a6e639247b2e21515b5af9039679eb74,0.1770161003805697,22,131319.0,36,3,0
a84f9def2644cf32e92c9ef39737d052,0.07223707222146913,75,3079192.0,461,17,0
a8aaa04057fd11f270d755c5fe50c392,0.06482478859834373,17,1381738.0,605,4,0
a98c5e64c1847238923a87a9af517c3a,0.0611957935616374,3,10992287.0,50,8,0
a996e3a2a4e6c2d9080b706986198d16,0.06440061051398516,3,61943.0,18,2,0
a9e6cb04d85ecc930604af05fe10ebc9,0.18427747231908143,33,775505.0,423,7,0
aa34a9fd2df81cfed0e6c22364a39d73,0.38712216541171074,9,6882574.0,421,26,0
aa5c9a71b5f1f8b14a16193c95ceb733,0.14451277256011963,4,13277.0,9,2,0
abdfe82dd1f986e51c9a3b2d61f5dab3,0.024587122490629554,15,1028186.0,164,11,0
ac5f912aa0d48838eaaf3c3537c6913d,0.013155190914403647,13,518652.0,106,5,0
ad228a4fba5f5df7d1ed55d7e48bbb40,0.006893339508678764,14,1983362.0,706,12,0
ad22a72fffb922ab9aeaa23849384aad,0.06968994624912739,6,648399.0,205,3,0
addd20e51612e38703ecacfabd51e19d,0.00549935270100832,1,17033764.0,3,2,0
ae4fd8c2a792936ea201a8b631893871,0.05360144283622503,6,1880584.0,162,8,0
b0279d390c0ca32befcd31229c011e9b,0.061422309023328125,48,658866.0,266,2,0
b028edb0f9133e66a8a9fe142a3194fa,0.011092939006630331,7,1685668.0,149,9,0
b0bb462d6550426662c9f529a214269b,0.052539498545229435,15,1027793.0,220,8,0
b12a6db6f87e63015abaebdb67dc1811,0.16050317883491516,4,1688493.0,215,11,0
b160bf163ae4fcadd672e065a9fb0cc5,0.16692255157977343,10,5392708.0,196,10,0
b176559b5d08dea5f2d9fe063ddd37d6,0.04069427726790309,7,17791.0,10,2,0
b277ef37f59c46421313295f13166344,0.1294487863779068,2,1611948.0,45,4,0
b34b53c0dbab5e2c7122a3870a7f85db,0.051954763708636165,11,568824.0,31,3,0
b379792cdcbcd2f45eced08141fcefbc,0.36136670620180666,63,430869.0,66,6,0
b3f5fc8de095f4c6d4aa7fcf07041436,0.007138507440686226,1,1058686.0,173,8,0
b40d7925acb5679faf62beb9ffdf1a09,0.004627252870704979,4,2073129.0,394,8,0
b42838c7cd3b9c6ad8f4a385fb752195,0.19425705657340586,16,437134.0,30,4,0
b477d2c3d9de8666d157c4108f2462da,0.89046257478185,80,3084877.0,185,7,0
b4f1e41809a0b3844f2f8c3120142b7a,0.11731508921366185,61,1170131.0,203,11,0
b593c740638703142e3a7eadb0a4962c,0.4430681187659502,24,34949.0,15,2,0
b67741182123721832add82898d708a2,0.15278290212154388,11,346585.0,53,4,0
b891cb44a8277f21e9fce90ff28a9e2f,0.014967490686103702,5,15166795.0,28,8,0
bcd7005d8883928754ef5f5b4d983bd7,0.18916014532442205,205,765336.0,180,8,0
bd43f201c27f4f0580a660e4f36b636b,0.04139655380276963,35,331384.0,43,4,0
bdb65c700d765dc34d3d031fff8b2a29,0.02161476411856711,18,1105219.0,1246,5,0
bde212b5b500831c97eb1c8237f024c8,1.3602855205535889,4,8875730.0,229,17,0
be7a179b74583bc87d19a246ff7a54be,0.251127814874053,16,95067.0,50,3,0
bee4febe6295081a962b6acd071ff58b,0.002881213520595338,16,1000379.0,322,10,0
bfcd55dbe0e43e7f83ff3fdbb8669a81,3.660409789532423,20,129147.0,13,2,0
bffef74f9e2dc19d82989379e9277c6d,0.012713210191577673,2,8800838.0,422,13,0
c0086a7107b4e2f96ff561398fbb6dfd,0.04657755367225036,13,442098.0,31,3,0
c015328e35b87bddb2a63aeac2133164,0.2244417630136013,9,5667902.0,891,27,0
c019df98810e3cc4f7a7d135b56f17fb,0.01846927055157721,3,989224.0,215,7,0
c0a63993ee29922ab81ee7b82e250975,0.010722689796239138,3,524821.0,116,6,0
c2b18f3c87e73572ed974af5e6500e68,0.014982315711677074,2,5721908.0,1239,23,0
c43ee7190bfde5b4dc176dad06c12f78,0.005439333734102547,12,342255.0,35,2,0
c5388beeb3ae40510eb68b35ba2fa1b0,0.009999999776482582,1,49171.0,11,2,0
c74a1b93c54108c9b67a8a5e70625ff2,0.0,8,758180.0,529,5,0
c7e3c171e00caeed3f71430a4c55471d,0.044124840293079615,8,1453404.0,316,3,0
ca8b3fccb1e1d19441bf0b39588a28f2,0.028003616258502007,1,9499849.0,79,6,0
cafd06fb31b1303611b60f33c25669ec,0.12194677302613854,32,5338390.0,260,15,0
cb200ff25dd21dc05f86bbf1b246b1fd,0.0039000000106170774,6,184749.0,134,5,0
cc1bfdae01be5b4898fdb3787aea8efe,0.05497444071806967,50,3844201.0,61,18,0
ce53f297bc6a32fef72c9598951a6672,2.208997702691704,95,378995.0,162,6,0
cf6885375840878656d8896e7078f566,0.0445743512827903,15,2504779.0,739,16,0
cfa0340f41b37334c701b6213bdbd744,0.0665825717151165,5,77065.0,13,3,0
d090ce1c2f3fafd7731675af3a9e0a90,0.0144576879683882,4,1677232.0,252,7,0
d151ca5cb9d4396c52369c6f07a6bf23,0.15909280255436897,19,139716.0,33,3,0
d1eccbe79e84f1a7d7d258b81e11bdc5,0.45460992492735386,26,3897934.0,185,15,0
d1f8229bc5c82dc67f3fe20d7b7b03b3,0.06211327016353607,10,18113.0,8,2,0
d38716ed4f9b10fa7d30b9866dd9f4f6,0.033336544220219366,128,329664.0,55,4,0
d3fd36bb9251b4860eadcc89ca14db1b,0.0126497158780694,2,634279.0,130,7,0
d448c58dae82a3effa5cfc06402b0aac,0.006097682344261557,2,3618196.0,363,26,0
d4be6ef5fa941ccfcadf419b54fbc156,1.1792365461587906,7,2165560.0,231,12,0
d50c657a27f5a524f2dac506e3d8a912,0.4725342474412173,68,1149638.0,198,8,0
d57bddf995a2fa4b572cab84373af081,0.015710141975432634,3,11863.0,9,2,0
d5bb6f9ce7d974d7fb3726ee1dc1d520,0.6846711486577988,25,69019.0,26,2,0
d67b194a2141100fcb3e659c5004e0b7,0.0864809681661427,14,3401294.0,912,26,0
d77a7bee91d9c892fe9033585ee03146,0.08707094006240368,4,2943570.0,44,5,0
d89c24abc76de9616a0198d901b07660,0.010000702925026417,3,16866.0,6,2,0
d91003c70d58b66b9a1fdda3cc9267d5,0.04070094543567393,137,231981.0,67,6,0
d9163b98ea6143e54bae470ff8109aba,0.006217903923243284,1,1931051.0,210,7,0
d92d83f52f3ebd74a8650c45bef7ca1a,0.02137617487460375,4,7570499.0,2042,31,0
d98a4f8d741c6f3a72042c06f51cd6ef,0.04870685003697872,10,342028.0,35,3,0
d9b222cddfb2b89997b405b976b1c6ea,0.1782081623096019,160,53712.0,5,2,0
daba2abd581dd4b27f79d6924334a772,0.019846473820507526,5,17276407.0,378,9,0
db09b0ee45d928d05c19974dbe6b1089,0.07085088291205466,14,,556,9,0
db80f833d01d6a07bad7e7394cffce2f,0.02564116846770048,2,144584.0,19,2,0
dc711302157c29f94e33e5ba6f2b08a1,0.005237136327195913,4,2522709.0,268,11,0
dcf941eaf6639202d8a3f9061f0f4d80,0.00534364371560514,2,255216.0,83,3,0
dd6612ece971b24ca29e3f4e061ce5bb,0.07471706811338663,3,530949.0,60,5,0
de0c493f2e6abb76025c36f534255b99,0.0331878662109375,5,341096.0,226,7,0
e0c6cc45f0dcae930712ec6ff37880ff,0.017416356597095728,4,880352.0,193,6,0
e18a4be9e03a89c8e5a68b2ac2dc108c,0.9175459733232856,39,1021346.0,261,8,0
e20256cdf4eaccb0193396f5f05e2f96,0.6077623963356018,1,1223839.0,79,11,0
e27ad0b74ec83e4c4650c29da4c3097e,0.011584242573007941,4,1178358.0,121,8,0
e2f0b941d67674f5733dfd3babc74224,0.09074054833035916,47,600736.0,191,7,0
e31e959e4a707721cb68ffc31b0a24dd,0.05706902360543609,10,1478170.0,269,11,0
e3ee753ea1dea67a26d497de381f160e,0.036305963061749935,4,3739164.0,459,11,0
e4988cb28ac1160d49da28787f447265,0.30969908367842436,35,424381.0,102,6,0
e660b38cab47c8f0307b39a204b565cd,0.03979789838194847,2,3447388.0,1017,26,0
e73896ee245fe1470303608801c3dfee,0.00792095554061234,2,4852242.0,133,37,0
e7634bcbf9073c2146caabc468423a32,0.025199503637850285,4,477349.0,133,18,0
e80387f160cf8f8ea2ce75afb759c45b,0.04493653052486479,15,52725.0,19,3,0
e882dbe558de1cbe431dedceb240fb6a,0.27191937528550625,13,19904778.0,2,2,0
e893898c1b7105386245dab44fdb5561,0.16242016199976206,12,470725.0,414,5,0
e8b2f94e6abfe4e02642d85dc81f97a5,0.3952917903661728,8,14054769.0,1,2,0
e8f68f80bfa34fb00603dd13089c0136,0.23479048442095518,34,348563.0,54,4,0
e9516f25e060012b4820d71678dad771,0.06374961172696203,36,471763.0,48,4,0
e96c7075add292bd2340bc5583565763,0.038752994034439325,6,6379052.0,1111,30,0
ead935be8146fe03a4818968a79df745,0.011889718705788255,4,7377193.0,988,16,0
ecf76f6feab9dcb53c7046bba3b13e72,0.007967804849613458,8,875606.0,124,6,0
ed9087f4b8415fa9da55df8c325587f0,0.23762978753075004,27,107685.0,6,2,0
edbdd03b1cf5fec75867cd618115b6ed,0.13227906730026007,16,671300.0,51,4,0
edc5841a5a0579ec6bb02052ee80b87e,0.018845749436877668,8,1380189.0,111,7,0
ee9e840f36d44791851771cd43ab55cc,0.7254751063883305,3,22991934.0,4,7,0
f01e0df40209febff735c7b58ade72e6,0.06203668564558029,1,1479842.0,256,10,0
f2729acf2d15d4bbc2eaabcfc1feab80,0.0028718629573631915,57,1950350.0,276,4,0
f29f49800323efe593e6187f9a4e9b7f,0.04773036763072014,35,935042.0,86,5,0
f2e611a1b8afddc7358623237c03d079,0.21786159346811473,48,16150085.0,216,15,0
f349f15655298119958b2a3efe5348bd,0.31340623390860856,52,257597.0,83,5,0
f369d0600c241e072e93121b61b98034,0.9248284650966525,36,2032512.0,91,11,0
f3b0ad9ad6512d7d1858dc6bc797aafb,0.06213598744943738,21,1429012.0,495,11,0
f3d036340bf69736fd7458e4b03e547f,0.0904543912038207,59,600558.0,153,7,0
f4190c6bd811404092b5b39c70ebed11,0.07907025841996074,11,468492.0,74,4,0
f43afc3407a155f53ae65f6163040c76,0.06803548237076029,20,5455842.0,664,26,0
f47d6142fa8be9a5f17219d9c133ec6d,0.1444192766211927,22,32202.0,8,2,0
f4854b8fbc10ecaa82ad3f2e3feece31,0.15881985984742641,11,8227530.0,145,32,0
f4ad3a81f4660645904a506707bc5f08,0.46623624581843615,41,157294.0,34,4,0
f62799480c1ed9d0200e83f31b111237,0.006748091662302613,5,513904.0,106,3,0
f8c0bdf2d0f9c4294c19c32e8392d17b,0.1619677022099495,3,95910.0,16,2,0
f9425ab5950b91b49c9f2615ec5f9058,0.044775231974199414,10,2990531.0,386,9,0
fa02885f86e9c60ffee60b1c4c0ab70f,5.316294353455305,75,25241.0,3,2,0
fa8ceb75972fe246c72810708a764430,0.009999999776482582,1,27293301.0,45,9,0
fab51dde1f8eb89b42394862bac33a62,0.04004413599614054,15,7735574.0,2096,30,0
fc6c491f0f28ea2cf1dc8c8adfb6e181,1.1079178592190146,64,19751.0,6,2,0
fc88b3ed7c10a843c40481adc031a08c,0.03368559153750539,14,25631.0,11,2,0
fcfa6fce057ba913ba67bbd9cfd0c136,0.010255652628984535,100,600615.0,274,2,0
fcfc55bf0ad61a31b1de3724a1d287af,0.05858962726779282,9,1467241.0,132,12,0
fdde31e21218f9c26972ebf8a0824faa,0.1884259874932468,23,4141456.0,501,17,0
fe3c513f11fd6ef7e446a7c8e127217e,0.0233803391456604,5,249726.0,53,4,0
fecc21f410cd0be6eb1fa8e35baaaa56,1.2820933777838945,35,81576.0,23,3,0
fedb7851c849b201913934c566404da6,0.042198257229756564,37,4825107.0,499,33,0
ff2a5829f699ee586090b5cd6693a547,0.009597696596756577,5,142211.0,47,2,0
ff6cb4259e99199e4a21ec9f40b68fae,0.053807709366083145,2,85931.0,12,2,0
ff81e79441cfd60997fb1da8d8991064,0.7059066221117973,6,17986457.0,3,4,0
00d26cd45833eafb6387646439f0a584,0.09055670350790024,1,22279375.0,11,7,0
066132aef51bca5f83d23fac9dd220f1,0.13272173702716827,2,264670.0,99,3,0
06d4e29eb44eebe6529530bf481eafe9,0.006867683958262205,1,21170.0,4,2,0
08acb8d54206c4099734e495511ae062,0.0047262972220778465,1,3262430.0,341,25,0
0f985582dded434a284433dc8f438ffc,0.12990399077534676,3,309008.0,71,4,0
11e30cbbf10591f8de4fdb7f07c789fd,0.05281468853354454,3,348104.0,5,2,0
2288a365fa67a8d637787d74f8421fc9,0.0767393559217453,1,2294672.0,235,26,0
2c064de52cfce9cded7e72437af95547,0.008740947931073606,4,3840314.0,986,36,0
31787151362322a085f5bde4ab821454,0.062083663418889046,2,823262.0,102,5,0
3b6b7bc6c9a9f95c97c5b79ee6fe6aea,0.00676888320595026,1,133549.0,8,2,0
3bf19f8cc39a71c8b30f2b707eb3fdbb,0.04403278976678848,1,3188136.0,306,9,0
3ce7d6f66099396ce294e7193210b401,0.11521508544683456,4,298043.0,90,11,0
4e123eee3222d0dc106109e12923e3c3,0.012571566738188267,1,2487211.0,63,3,0
64e860a107c1c657ee507e0c1df61b3a,0.020453667268157005,1,2325330.0,326,9,0
6d9449607ff9276fe0b6347303d3aa2b,0.009999999776482582,1,57754.0,18,2,0
729c876edab23718406188c49ea0b769,0.02658655308187008,2,72035.0,18,2,0
772355324198adf64a117d32ba9691e2,0.019927944988012314,2,254253.0,106,4,0
79975cc415f22a4795e0b14cbe90cf9e,0.04609261080622673,1,7544687.0,183,5,0
860094386f01a0ecaa9965b2164b4a20,0.008059999905526638,1,339836.0,104,8,0
8691bb49a0dfaae99365de0eea4c2574,0.01619907096028328,1,312388.0,24,2,0
86beff255d1e48795162843015245b66,0.0055984382051974535,3,62190.0,31,2,0
922bd3f501d098fb978aa0f5b2b6ecf4,0.0032776488224044442,2,3191814.0,1309,38,0
948522d0120a3ac1a775c954cf8bcb93,0.08620480448007584,1,344108.0,5,2,0
9d18f2171aa194899e94ef83f3a2a54d,0.01922758249565959,4,6188883.0,662,23,0
C431784213B64A67BD386CE30A18BC5D,0.006540000000000002,1,619465200921.0,377,12,0
a0e3982b7817dc07d85de43e3afb2f25,0.009999999776482582,1,4117694.0,359,12,0
a25e1272560193007fcf10862a24dcf1,0.12880276143550873,1,1336594.0,42,4,0
b1538b8716c5a35ecdb74bd3f7b2869c,0.00795334717258811,2,6124394.0,362,19,0
ba740086531811f226fd4a027532c087,0.12453516572713852,2,441.0,1,3,0
d4ef38e044c2f089a69edfcd0a09a178,0.6180729866027832,1,127910.0,30,3,0
de3b73d7d3c1cae99c569a70c3d11d0f,0.0895843654870987,1,3739426.0,1621,31,0
de9a4b78ede77f379763966186ae5e56,0.014378738589584827,3,139034.0,12,2,0
e4081303999a6e33ac7b0476b59fee0f,0.0024872063659131527,1,1083518.0,241,7,0
ead449f6759cf9c245beced496701679,0.004144709557294846,3,834728.0,97,3,0
edf6dbb8a840f4893d9c66f24f5dd888,0.7421804219484329,3,127800.0,32,4,0
eecac4b0178dac00a22248ccea1d30a7,0.006349822971969843,1,279577.0,4,2,0
f5b42f9325301fcb028492ee6899ea4d,0.050083981826901436,3,197231.0,6,2,0
124d3ee6cfd130918bc233d5cbe1b4b5,,0,,20,2,0
12693e000152081c360b2cfabd0da2c6,,0,,37,4,0
3dc32622f1f5cf5c086aea3dd420bd6d,,0,,33,3,0
57A1838D416E4275806BCD89E3286E2E,,0,,105,3,0
68bdc560fc7a40c5d4d5d8f73e30abdb,,0,,679,37,0
7194517b7c574f991e7bc5967f22e7d6,,0,,846,16,0
789fe5c40bc54586074a826863c66a3f,0.11400222033262253,1,4897.0,3,2,0
7ffbffbfd68ae4f4e1c0427b8efa4570,,0,,115,18,0
8d457d0001cd8282943e4b0fd2364e39,,0,,8,2,0
9499365fe829cf7a4872156a4500c414,,0,,47,4,0
b4bd3ac7e6d0c6a076fdd58a0b1d9eb4,,0,,113,13,0
b78dc3863fcf8bea832e0865ddbbe02c,,0,,8,2,0
b9c9febd2c23001813a88ceaced32a12,,0,,119,7,0
d8acc21db0952063cbbbb1320eb7f0f2,,0,,14,2,0
e992894f06758a5a362c2c8870e872eb,,0,,22,3,0
fd1c7a64747a63221ee4574dd081b24c,,0,,2,2,0
0161fc48194fb431aa47c91b6c10cab8,,0,,245,7,0
0377daa70dbdc301a8882d5ca6044e13,,0,,154,4,0
09D51BA2EA094420B30DA848975AF007,,0,,91,5,0
0a9b88d952b720dd9187facb5afb09dc,,0,,203,4,0
1193942198bb571f6c5d9cccec108008,,0,,55,7,0
1477e5760b1b837baa908dd0196578ba,,0,,3,2,0
15edd54dbf81df8e956c3d8df6532e25,,0,,674,13,0
181e42c435a7fa4ebf1914a04dee8e85,,0,,537,5,0
18756facf8cbac86cefa2be5b9280566,,0,,28,2,0
198f7cfaf382f36937a40a2094b10152,,0,,119,4,0
1FAE1977A057435FAD4870FA4C4AC55F,,0,,425,16,0
1bb485e2255652a636e25e87109b9c54,,0,,588,29,0
1f57a6c0c723ff4c3f1c95a6fdcf8c66,,0,,447,30,0
217550FF73A54C6D917E21DC09522930,,0,,9,2,0
220869f9eed8f2956035217be3839fe0,,0,,221,8,0
221fe29d1498c63244d424d32b7370b9,,0,,415,15,0
23b98ed642881ebbb6bdfbe7d49f2106,,0,,66,3,0
29ab91955f4f1b7106a6428d32f9abd5,0.015286740846931934,1,621547.0,387,10,0
2c290b1a319f2cf2c7b0ac0a44cee53e,,0,,34,3,0
2c9be39db1fae7e05964e41ea1ac6087,,0,,21,4,0
2ddb0e46a5ccf3daf49828d0fd913aac,,0,,20,25,0
2eabc6614e8353b8cc4fd08f90b48a72,,0,,1658,5,0
328b146585e75db8d9c3cadce0aa8b22,,0,,190,5,0
3373c3436e06068d7e76188e62ad482d,,0,,394,26,0
360f42445210894e5c2453ac7e2ea6f2,,0,,1430,5,0
39acf8c0326ab6f662633ccc486a80c5,,0,,203,5,0
438223d36d70ebfe34dce78fdf899e47,0.0014437166973948479,1,1447920.0,195,8,0
455ad57002eccb4126ea0d5a09981fb2,,0,,121,4,0
486801435ae97fd30fd52a0510006560,,0,,29,3,0
4f5605db982bf17a0f8808a5dce834ef,,0,,60,5,0
4fa16ae2f3aafba733cc587d85ecb44e,,0,,1161,5,0
54cf4848e7533cc34ae7d9088bcc0e6f,,0,,133,11,0
584CCA97827F4D3E946C0C27195F5B93,,0,,499,12,0
58f8457ac0b488613a008504b7340870,,0,,418,12,0
5bc8432e1faf91e07738209796f440ad,,0,,27,2,0
5d2f4f1e078ef3e31603bb5ae6ff8ebd,,0,,531,26,0
64a5d67f1d890509b029dbd9281b4caa,,0,,465,24,0
651b38dec82963451a33d55146a85821,,0,,30,3,0
65c37905aa6672cb160f754554fd4810,0.024685741402208805,2,53615.0,12,2,0
688e9b4aa9427329f4b19ff8f5425c6e,0.0024165119975805283,1,4242322.0,422,29,0
6a10f662663a92c01b3be30ee3119f21,,0,,138,12,0
6a5c26be1b0b0815d309d9ddea478448,0.025560718029737473,1,15257.0,5,2,0
6f2c5752926c0c87b063353b320120cf,,0,,1301,31,0
6f5a2806c66654224cbf10037139933a,,0,,272,9,0
6fab9c22d208de17a4c2eb348930ac93,,0,,264,26,0
70209d4f1a292aa07c39a99aceffd739,,0,,145,5,0
7351f7c80ec524620bb185c53df4332b,,0,,13,2,0
79103c44161e9bfcabe6eef5a7095149,,0,,320,24,0
7E7B90E4BCB047ADB2FD5318AC4F365A,,0,,32,2,0
7a445135b4fb69e979f73f0dc5ca30a9,,0,,12,3,0
7cf5bca33253495fe8e60cb8db3bffa5,,0,,202,7,0
84b39ea75f2720fdfe2132833723f655,,0,,1189,26,0
89207ad5cab55ca1ef3884b2000ff1ff,,0,,891,17,0
8964fa097170565bbeabf595e0bb8d58,0.0008182571327779442,3,799423.0,207,8,0
8bedceeb0609ce2047ac0d88e6e4fe0b,,0,,137,5,0
8fb88785c62f672691c6166b5adcfff9,0.002090062713250518,1,16026685.0,45,25,0
92b3d3ac086f75c093b068049112bf77,0.008382843807339668,1,1566126.0,226,7,0
938d80996aa87bee208261f3d6c150a1,,0,,139,8,0
C83386EAFC974A1E9E49AD17772E0015,,0,,66,5,0
a4253085e1e96f1a629c32f19777d8fe,,0,,22,5,0
a5a3c5e80613143856236b102dff0250,,0,,12,2,0
a6fa6ddfcfd8955a31fce7492f381a96,0.013034219853579998,2,447436.0,107,5,0
a9aea618f8f027218db57e0ec8d84a74,0.0016630738973617554,1,18597442.0,239,9,0
af0b6f5e563145bf22bb0f2368e8918d,0.01520826993510127,2,865520.0,72,6,0
afd53402faea3a4d1192d08b2c68d6f5,,0,,73,4,0
b358ca7c4e6fb136639a78be715256b0,,0,,542,5,0
b594902928974bd7c412ede57e44710b,,0,,1255,9,0
bead6974c7bf9f53d6741e619f8db45d,,0,,143,7,0
c21c1413653e31f988333fb809c354fb,,0,,19,2,0
c3e87030e525fc7aca321053fec85ffb,0.019139692187309265,1,3061031.0,815,24,0
cc590cdd8b4ec0ee37d8c7d6f697ff0e,,0,,1256,18,0
cd4dd29b7462102f5abbdecabcefad11,,0,,445,20,0
ce7ed2634d8aed05fd789740cf16ab6f,,0,,83,3,0
d074ec2322b271e678c3730ffe7b1a20,,0,,528,11,0
d196fb354b1538bd36899ff06de0961a,,0,,204,8,0
d1bec3bf8cab16692cdb946bf2fb37b2,,0,,218,6,0
d5efe6ddfa75e87594b1c03e535e66ea,,0,,201,5,0
dd48c21fd55b44aa6710a39001c539e3,0.016808228567242622,1,577901.0,130,5,0
e233fd7e76c933a800ecc4178de1e5fa,,0,,30,4,0
e28b6a7eb8c1860dc31c704c597184c2,,0,,626,28,0
e57828b6889704c2ebb1faf9e3b67c34,,0,,2146,31,0
e9b24b849ccdfc57126c2f862464a423,,0,,91,4,0
f8b333291fde44c98c3d1b510233f987,0.03609253652393818,2,47762.0,18,2,0
fafc221f2a8b5065ab108b2e05f2786a,0.0010289389174431562,1,593942.0,184,7,0
fb0c053c9a5ade73ce50fe41058e2f50,,0,,8,2,0
fee9be42cb68877409f7bce1b67a26c6,,0,,3,2,0
297673e824d3c7be7109ac33375aee68,0.013537666760385036,1,313451.0,22,2,0
2ac0e8010d14cb6a56fb61d5e5208f06,0.005340186879038811,1,4472598.0,303,17,0
6884aec690bbab7cea68e8012231ddc4,0.028698449954390526,1,627307.0,11,2,0
69a474c1b20ceba5b7dca889a3963289,0.02121969684958458,1,2711465.0,527,11,0
81f2fd0b035d895e760e025830f085e2,0.00703834742307663,1,5272418.0,786,22,0
8A4B74523C1E48C09CDBA4E724433ACD,0.03162802505493164,1,6894154641.0,2,4,0
9498d1a9f528686f3e57c4714b069618,0.04215400293469429,1,2910012.0,30,5,0
EE30D6BEFFCC4FFBA70E93FB0C2A8B08,0.06400385284423825,1,12134119974.0,99,6,0
aaf36232dc656da58fe079b333303cc3,0.0014059999957680702,1,391530.0,20,3,0
b917b6d28dd73d86d3ec432342e111b1,0.010161817539483309,2,,914,16,0
c06170b4dad32e13bbc996b391f96db4,0.8439965844154358,1,195170.0,28,4,0
f0b167e63bf490c4b8f1e5b081daecc1,0.004672725219279528,1,8623281.0,130,28,0
d994270a04e779af428cd3c4b34b97c1,,0,,10,2,0
df4ff09b7dec3671c3a430f21f3d5490,,0,,32,2,0
1184d18d47c13587a90a206add00e2bc,,0,,84,6,0
146241ccbd6cdb561a719fdf33bb4b38,,0,,616,10,0
192e26792e759a1d06d48344fb0c51cf,,0,,7,2,0
1e11cf4e5f45960a102ad9d855ad6660,,0,,35,13,0
213a16508086dbba3bfe407f2f1d8298,,0,,51,8,0
23d67f10b717145a890bab9df989a597,,0,,113,5,0
2c8fc7c4263fd57b486e222c3b25ca4a,,0,,164,8,0
2ea675195d8033dd1dec6b117c303a43,,0,,69,5,0
30433c69ee4ca374cbdc853858bdd7f3,,0,,1583,30,0
389db92050b04decdbe75d8538f126b2,,0,,270,8,0
3be13d2c90a89766010ef7f6d12bfdbb,,0,,455,9,0
3c9c0f8632c3007b68886baf7a0edfab,,0,,34,3,0
49d35174f123731ae9ad251f9f50c11c,,0,,199,14,0
5050089D0AC64C57B9F66733B24D4284,,0,,145,10,0
655A9ED624AA497585C2FDC18254F02D,,0,,28,2,0
7807e7220d1816c6fc5351f444794bbe,,0,,712,11,0
C16BE2DDBA8F4B0989D0BDEED3D24974,,0,,616,8,0
C21A7952A79E4918A19FFC30804ADA1F,,0,,40,4,0
a052d8b52dae3edd614e5dd8aec0a298,,0,,51,4,0
a2475685596cc2dd2d346047f525871b,,0,,113,7,0
b894485e206649bad0677a99dc8a9b18,,0,,30,16,0
b8dfadde9e644d24ee2edeeaa2ff3ea7,,0,,18,2,0
b98ec4151caefc35793aa6299c3cfbb2,,0,,1330,26,0
b9eb52e73350a00786a6c8df554642ce,,0,,11,2,0
c6f6658d084a086bea0bd33235ffd465,,0,,147,5,0
cdffb4a101f61be2ff6bc9741116b30d,,0,,324,9,0
ce322c248a95ab7fd2ab33a93874702c,,0,,154,8,0
d5ee7059796a666572b7afc6ae6a7af4,,0,,230,9,0
e6bf60a2d4ad621417babd40c59b6387,,0,,342,5,0
e6d4be7646b6f6e9b8ac1698a1282a60,,0,,3,26,0
efd3e9483d96051f7b1af6ecbc8670af,,0,,26,2,0
000fd3cdef995a81d10726e61489642b,0.024299699813127518,8,945.0,1,1,1
008c04c89c0be6233eeb6d603ffca54d,0.05435843102168292,42,89900.0,18,3,1
010bdac6103bf27c2ecb59702cbf91a3,0.3798741747159511,64,343849.0,10,3,1
0212470eb693a13a3581d633621c3a41,0.22709459252655506,44,342130.0,37,6,1
0260d87da2acb1213526da34bcef5c32,0.07706272415816784,3,922244.0,124,6,1
0279c10c8e183b1d94368ffd98e9f930,1.471421241760254,3,1027.0,3,1,1
03835edce1c22056778db0c63828b1a3,0.2618825826793909,16,168612.0,46,8,1
03d8a56388c02225c86034fe0c5260f8,0.04319783323444426,11,106881.0,21,2,1
0400df9bc969c298253d57bcb9e95cb8,0.03869956359267235,2,443002.0,275,7,1
04499B21A8F443F7BC7F930B1762557E,0.09457567024230959,3,598.0,1,1,1
04FDA62A68754C0AAA6542C22927DC53,0.09945368712992761,28,1734683269.0,56,6,1
04c8d617e6fc3e3c74d9caff11b2b96f,0.001444761292077601,1,148213.0,44,3,1
0544822E92564495860363474BFCFF6F,0.04626625823974611,1,25998535.0,1,1,1
055013987787752783d08367efe6af4c,0.004115406598430127,4,20983.0,17,2,1
0555dd05eb77d14a4b99744f76fee0ae,0.05246651917695999,3,5382395.0,973,21,1
05F4CC1450C54C92A646D5DFB01614B8,0.1438497734069824,5,117300383755.0,813,21,1
06219409e430c5676c0dbb33a7279c04,0.10105008818209171,31,569377.0,158,6,1
0625783b1157b345c6bb4ad3952d5256,0.0015413613873533905,2,80918.0,20,3,1
062d128b1256890abd0642d53ef7f9f9,0.2266192575916648,11,143933.0,22,2,1
0637b79d277fd72227a78c6a4a28c2f4,0.09368356456980109,6,514789.0,78,6,1
0658BB2AFC944B639782D3FB0B9A2110,0.031595278,2,158888570158.0,509,6,1
06af17a888bae375a25f82b8272f53de,0.1118296564090997,18,2677592.0,1531,23,1
06b3902d6e2cd013b7ac3d60f7d0f3fd,0.008107477267913055,55,1312962.0,203,11,1
0805cf9ddc22af771c52642aedf3db7f,0.1887374222278595,15,2197079.0,227,10,1
0852d4c911c4a14801c1bff70ada88cc,0.018836519215255976,4,1089.0,1,1,1
0896397e9769cdc26408fd49d944121c,0.3853977955877781,13,802382.0,104,6,1
08bad25d89d4cc962b0eab3dc60d47ab,0.1866174021270126,58,427269.0,97,10,1
08f54ff5e97c48f8d994ebd6cc8f1015,0.03647684771567583,4,22071.0,4,2,1
09c1f88fe3c5721fb4801048a2b33691,0.4980007894337177,15,3208739.0,377,15,1
09c3c5673be188ab7dba86c90a35fff6,0.40646231453865767,24,22325000.0,122,6,1
0a3e8fa656c74e635317ea146c8059a9,0.0555930407717824,6,711.0,2,1,1
0ad81edd96307aef5da69c1635ff4389,0.2428234142716974,55,14207950.0,965,18,1
0b37c0ae382d5b0563bbcd2255a04dcb,0.01709592604311183,15,556446.0,630,10,1
0b4028ccfbd48f3e0fa9406c073119fe,0.042538676236290485,33,1743202.0,234,4,1
0baa3c35ea13c872d2717b2e07de4abc,0.014910416066413745,29,328411.0,132,4,1
0c1ced95d68b26e14663fc0a57af7079,0.02429684577509761,3,22826.0,4,2,1
0c5bf08d296ef6704056c83fc4acc21e,0.014015805907547474,1,1199932.0,154,8,1
0ccc4677439d606e2f610272fd8f7a2b,0.005805433262139559,1,6778.0,5,1,1
0cfbf498102909c2124cec31d7537e27,0.01085571013391018,1,760.0,1,1,1
0d16e86a73f9b9d32faac37241712120,0.12614034116268158,1,20889428.0,5,6,1
0e3f1551f69bc740bf4d990e20b7144c,0.041198792634531856,11,3496960.0,510,13,1
0e9f1e75bab76788885be3708340766f,0.09648185223340988,1,30365.0,25,2,1
0ebad128c77c201494a03d4e21586d79,0.0012499999720603228,1,7163573.0,166,10,1
0efcb0bf043cf0237fd8905cfebd61f9,0.2382718026638031,8,30476.0,11,2,1
0f7236ca4e62e7601771200abe3c3b65,0.29394078627228737,7,538554.0,30,4,1
10e187aae38880893b80b1ddee670d67,0.05771386215928942,45,4642453.0,2967,35,1
10e2d65110773d4225fd1fd9d6a088d5,0.10303401947021484,5,1914.0,1,1,1
115088404d7f0d8e4a12ae82674c8cb4,0.029061300214380026,8,66729.0,50,2,1
11577b37a98b0e7ba2ee1497abf94283,0.023447060957551003,1,1116362.0,1,1,1
118eed60572565520ff966f87bf44fea,0.007511332631111145,3,541788.0,105,6,1
11aee57e219aeb9c24e2b4776f7d4f25,1.0844655856490135,8,2738633.0,459,15,1
11baf06bc5c7b8e06159a69879c86336,0.013845764100551605,1,9906845.0,368,12,1
11d8c9c6999e2f3e3f788b7b61c9bb93,0.04756416752934456,2,276.0,2,1,1
126c3103c65043bcfb374da963041144,0.07931324513629079,19,4483457.0,281,20,1
142d8e22a153c21e92d0bc4b6d9e4994,0.04581288812914863,43,420731.0,54,4,1
14C182B5FE28440CA40DE4573420083E,0.03301999999999999,1,235671313724.0,186,7,1
14fcf4a465dde2cb2d2780dab3e62fab,0.20664437115192413,3,652.0,1,1,1
15c5dd79e5bcbda1380c4b60f79e4342,0.046314306440763175,19,1505938.0,168,6,1
1620bcdbabe4197f1e4efabced5b9375,0.07554146426264197,20,3911998.0,259,8,1
16B1A37A11F042C781EFCE33ABAFFB84,0.13757729418984238,73,1867828.0,220,13,1
16f36185dc63b2ea438d0037d2840125,0.003394109895452857,1,309.0,1,1,1
178eb8b73a90a0cd60b663f15f1616b2,0.16600457153981552,96,768301.0,157,7,1
17b633e39e5ad198d63b9e520b2dc65b,0.030279428930953145,8,2552763.0,202,7,1
17c5d0f35bc1fa56c035985a651fb46f,0.028873439761810005,13,4162158.0,692,25,1
18bf3f5e74baf7dbaaccb0ab42b1a402,0.044318587984889746,11,3669574.0,638,22,1
19057eacf7a4446d330bf4ea590d0f94,0.06561874208273366,56,498684.0,120,6,1
1FC43B389D104D6EAF8D0CC5014635D3,0.04594497680664061,1,466.0,1,1,1
1a40b013a9cdddee95fb2b6ee8a3d6c8,0.06567230762448162,39,218103.0,34,3,1
1a9d9366cb629e7304d7e01509b7fefa,0.3075408786535263,2,1535.0,2,1,1
1aa82630b0513681e42b74fe9b2b9164,0.08972816914319992,1,440.0,1,1,1
1ac3fa4f311f0c7dc1b28e3c0147f3ee,0.11214600107632577,30,84376.0,24,3,1
1bd7f6b215329b8c8a93ee4907882967,0.012316362233832479,6,2595222.0,2843,5,1
1c1c4006aee7dd7a0dca0dea1381ef01,0.2927950192242861,27,2100224.0,66,6,1
1c8b4da7f9fcfb2d8caa4910d97ee0b0,0.09439773485064507,10,75729.0,9,2,1
1d16769da47ed6a89b5d96d35e15a721,0.04868061258457601,11,448966.0,100,4,1
1dc20b4d3f3e378362177870d33544ac,0.12439918518066406,3,1106634.0,62,6,1
1dd294a1120946c4f868927e615a0244,0.22899392247200012,1,283.0,1,1,1
1ef8060684ce2392ce25457906e8ae68,0.020536609925329685,2,4317397.0,595,16,1
1f1e7883f7bf5870155f4adc46c61e4c,0.12486725253984332,38,1077039.0,180,5,1
1f340d3e06c32ff8333b0db7c11bb1c7,0.004351711133494973,2,20214.0,11,2,1
1f53ca319d839f1db2a8964a371490cb,0.04101896705105901,20,7591987.0,914,37,1
1f5af5682c8f23e1a603154cd5e69673,0.1978934700600803,22,3401892.0,507,17,1
1fe1698bff410039ae12959501c48fe6,0.1802508574910462,17,11770636.0,84,19,1
203c527596bd0a25225617b2dafd7945,0.14833173714578152,29,24829515.0,114,12,1
20fc92c36e524b68b6261e68e353290e,0.023115049116313457,2,107251.0,8,2,1
210588181aa8d3d9fd5cc2b740e88c54,0.06548010715050623,65,604047.0,265,8,1
215803B77A5745CC934812FE2BFFE20D,0.3239562804974366,15,52509.0,11,2,1
21bdd52c68de7f70ce5e089e147b4843,0.024531010072678328,5,4491321.0,403,13,1
22434926aaa95fc78c413c52e2289b27,0.04826509952545166,2,446.0,1,1,1
22e15e0248f5ec3101e4110d4553c5fe,0.03778392798267305,12,172546.0,100,6,1
23806a54dfca1288bf821cd110ea45bb,0.19368035718798637,15,140006.0,33,2,1
24abd1e1f6fbf70cb7c310ee51e81bc2,0.23813766241073608,2,436.0,1,1,1
24e68ddd742172980dc5886ce5a32b81,0.057829820550978184,7,23610.0,4,2,1
25338f7d684fbc524cf86523e3a15e65,0.2507097739726305,14,2583214.0,440,12,1
253524d8925fdefcfa53860edfa67c75,0.36934398859739304,33,1030019.0,129,6,1
27e6013126a2fe35b7800d3cf5f616e8,0.14955002814531326,2,423.0,1,1,1
2acae07cda8be5c6473c5c23e39f2e84,0.023591702803969383,13,1129186.0,77,6,1
2b7bb82d68254b86fa52e1a1507a2e7c,0.009721036767587066,6,1009195.0,145,3,1
2be1db1c1953af858444aaee6cef22d5,0.1222722940146923,6,960.0,1,1,1
2bff97653446d9692c1e53feab270bee,0.0135496148141101,5,1891681.0,276,4,1
2ccb5442eeda07f2c7a435ba4b4bee80,0.011234915349632502,3,205004.0,29,3,1
2cfc7fea5e7187564b564349717252ec,0.008791200700215995,7,834795.0,262,13,1
2def5ed73d079dae91ba29c6e67e12bb,0.021863350993953645,21,11752825.0,310,15,1
2e018065db25483c79b037300a031d95,0.013920502504333854,3,6248433.0,910,15,1
2eef668ae8da36caa4a7b1fa31e398e0,0.023298191837966442,5,278918.0,83,4,1
2f1cd3ccc76d0026328a7f3ecd4ddfb2,0.10880782082676888,4,273032.0,92,6,1
2f42acbb95c4c5556fea9858c76cb156,0.01604152307845652,4,357956.0,2,2,1
2f8c3b7c7a6ec1d9b9fce5b6ec1d505d,0.009651139582274482,22,84892.0,22,4,1
2fa0072829503732969089791d960c7e,0.011327458123560064,62,21311015.0,217,5,1
305843D35F344ABDA22E3946C82F9F1A,0.15045316012238344,17,31198719990.0,163,6,1
30757f257b6a9f939eb01ec96734a079,0.0366018844069913,8,1578050.0,739,11,1
307e493ff5072e02f6ca2a680c011188,0.3280442033428699,31,1652653.0,31,5,1
315c9e6eac42bd8393ec5765f1e85a0b,0.08105955459177494,11,22744.0,17,2,1
3161d151cdbea4d06a155fd47833b437,0.024160370230674744,1,235.0,1,1,1
31de25ddfed09460000d0302c8fb882d,0.050055807223543525,10,16163331.0,481,15,1
321d78fd4e16ee1b4fb63801a6a63704,0.042586701922118664,3,14313635.0,131,11,1
321ead6222a55d5dbf73f9925a3f298d,0.09837680228520185,73,464518.0,95,5,1
32cc8524cef2a4c92d48b364a7195f9c,0.06685695599298924,36,221258.0,52,3,1
333782f7345ffa49e8029aa86f1f03ea,0.059014452854171395,39,14426.0,3,2,1
33C1A9F1A4E941F2A1E75E832642601C,0.02856495761871338,2,43268350453.0,79,6,1
3437b3dfcf0d8f695d6e00408d384bf4,0.0031167000997811556,1,380.0,1,1,1
34a5b5758c4407e0012d5972f7584eda,0.0057762768265092745,22,4296052.0,1639,37,1
34b78941d7b70dcc21c95c44bc6ca9c8,0.019588397117331624,8,1467.0,1,1,1
34cc65097d312e5fdd5f552eb260b959,0.4944829195737839,2,2291244.0,58,4,1
34fcad169312aa15a862ecc470187452,0.020521993923466653,20,2900046.0,387,11,1
350A6FB2A53041EA9BFE9083F484C6AC,0.09154820251464846,2,10411863901.0,8,2,1
350f2c24ae3a13224a723aa25516dbd1,0.04548139660619199,9,894577.0,107,5,1
35356b9ba2d360a1ceda2effc71f7702,0.021823504008352757,2,3041714.0,380,13,1
3550a292a114d367f29a1475226beebf,0.23152301809750497,98,17482126.0,100,9,1
3574a7531f736e1a0434434206899f4e,0.00719080149428919,7,4682512.0,134,6,1
3587bd29fc90c79427497fe5cfa0983f,0.009257776197046041,3,315973.0,46,3,1
35c8780314810e634ddc80f795212bc1,0.011203343281522393,5,1675918.0,174,2,1
35d9a3ebb1405d94ab3cfa8937254b31,0.021269316668622196,4,205761.0,55,4,1
36317ca5e10fccfa71257aa8d40c109f,0.05060521839186549,7,6400189.0,791,22,1
3633099246802a4aaf968b22e7be7b92,0.006892410106956959,1,1597027.0,57,6,1
36c711139df32cb11361adb788045481,0.40889224992133677,164,647016.0,115,6,1
370faa8a2095405d82ae650f54188821,0.07240367564372718,21,903760.0,146,5,1
37227F2BB8364455B903F7CF67933657,0.06228586578369143,2,1155.0,2,1,1
3776395b01e67fc119db66fca51fe55b,0.0820345253450796,28,2687774.0,595,15,1
3778e140a6e595ac20027a4847d55295,0.0018101547611877322,1,364.0,1,1,1
38ca6d87e8011b964990db77b3c5d074,0.11318925581872463,11,87745.0,18,2,1
390d99bd0176c586f31621affd2caf06,0.04868088662624359,1,812.0,1,1,1
390eeeee6e36127e10b53ab460c896e8,0.05942238733405247,60,1646637.0,58,13,1
3912e8c7969262e58b6aaae9abe2743b,0.182258028537035,7,3352680.0,826,26,1
395b6501d62fd74a59197026cada2904,0.23361515253782272,4,5265522.0,137,10,1
396dbca9c538cb41c1e200c200b10ba9,0.02001063816715032,15,5246421.0,227,12,1
39797ae9d41c8eb67cf9fb42d96d7bfa,0.04205088363960385,9,4942788.0,89,6,1
397E9F74572C4AF09EE81CBCF2CFC66E,0.09458615970611571,11,1733447650.0,151,8,1
39e154949d75d5d825a91a8f86ebe608,0.048442247323691845,4,1305712.0,411,14,1
39ecb9c921fdde1aa50fcef7d038da22,0.050204425817355514,11,462.0,1,1,1
3AEE35D507E046D98347C34C708E05BD,0.04512389373779298,7,1716447597.0,810,19,1
3DA45745E77F4BB5A7750A20F95BA755,0.03438981674490356,4,678.0,1,1,1
3EBAC9E0E623446792E6A7CB54FF1E76,0.06955321127140922,6,113873593704.0,355,13,1
3a060a764c10dcc967234a81415ee2eb,0.06880699284374714,2,237190.0,53,6,1
3b35159f8e09412157d6e9509b3d7401,0.19452666118741035,12,1522350.0,330,10,1
3c1d41a6243abb4a002ccb5c9842d238,0.07479919353500009,11,1408.0,1,1,1
3d9945610f69eecfd4c07b0dfc733da7,1.3446663618087769,2,482.0,1,1,1
3deb0592480db785eca65615ad7861c8,0.03889789246022701,2,1185.0,3,1,1
3e88314ee2d7587d2dfd3fe5eac46e8d,0.13111973088234663,10,69431.0,9,2,1
3ebd21e318516aaa84fdffc8dfb4765f,0.17292714025825262,12,397186.0,22,2,1
3f03068fb675bc69c07fdbc158e16bfc,0.0032621275167912245,3,384176.0,34,6,1
4012fbb162f8cd6ac6bf99b0d85143ed,0.003823955194093287,2,1086742.0,159,6,1
4065E688457A4276A745FC020FCF7732,0.33325262641906744,16,67674672887.0,9,2,1
40E4B1DF5B6B47E49F3A365904F9197A,0.04901911447311402,12,5124615754.0,685,24,1
40d32494e41cc4366ac7f8227a630c81,0.11317123845219612,3,807.0,1,1,1
431c9ad065d7a5325d9036ffedab8ab7,0.1394740240648389,19,1363082.0,481,17,1
435946426fdb7cd960f732a5972d261f,0.0631366791203618,4,549815.0,32,6,1
4367e15270ec283fa72dfc7bce914aa1,0.0013965870020911098,1,725.0,1,1,1
439fe9402accf8807f1aa33eb356ada1,0.008272210310678929,8,110267.0,44,5,1
43e207f334f56c81c895634a12764426,0.01664716936647892,2,959.0,1,1,1
44aa1279d54ac911f1e12e01bfefaad9,0.03031329996883869,1,466.0,1,1,1
452ee3c28c40d768a912ab38c66a8ce4,0.006074846722185612,1,221.0,1,1,1
455a9c3914d9a8e5e2068277ea2c159b,0.09963911771774292,2,11653.0,7,2,1
4632a5b51d650ef87db08351922d7a79,0.06203668564558029,1,822.0,1,1,1
476d791908dc58176aea45986d0f05ca,0.013696549460291862,2,1143.0,1,1,1
4774bfd84d19775f7a9cc3b6414d7838,0.023960761725902557,1,725630.0,38,4,1
480a59a87ac675696ad80243211efbaf,0.22923976834863424,22,4043887.0,517,13,1
489748ee9fd5e81cba16de02535213f9,0.016446000547148287,15,3253937.0,1341,32,1
48c1fc2286f51e847970e34c5d86570f,0.2994028036482632,100,3868703.0,774,16,1
49141cc53fc25d53b3b0f8f20c8c1891,0.0651130173355341,2,737.0,1,1,1
49980b63fd2c3e6badd07fbed728872e,0.07437841966748238,26,1050497.0,6,6,1
49e709588d38103aba4e971000082890,0.017033062933478504,17,3473656.0,1037,15,1
4B83B0A40DCF4A89A2388F85F04F1F3A,1.219361353488309,14,308641579430.0,153,6,1
4b497bafffebb9d64f82b06b3a09db0b,0.17024125158786774,8,691.0,1,1,1
4cdea789d5a8c53bee3f27e6b8514614,0.2362124539213255,60,439375.0,243,6,1
4d2c1546de3c06357ec6ca5a47064748,0.12779142218641937,15,108633.0,47,3,1
4e33f549321c1fa06a5dc8479efb693b,0.028396365698426962,5,29450.0,6,2,1
4ed196666da7f21b110e67ac9294a2df,0.21817294243373908,104,319181.0,80,3,1
4f3c109d5942014e72fecd58d2091b04,0.6708226799964905,17,392935.0,60,6,1
4f71907853aa6a14686db2649b5879cc,0.04451193264685571,18,450598.0,72,2,1
4f833e55bf24845e61f73b77247251ea,0.004679999779909849,1,240.0,1,1,1
4fb1e6621cdc08619eb77b05e00da16c,0.1248188205063343,3,725739.0,116,6,1
4fc51da649a6e5f9812c38251231f0ae,0.03586939722299576,1,27922260.0,1,1,1
508a08819510c880c1862777e36cd4fd,0.08259648270905018,4,1860492.0,282,6,1
511e2ee950879996d744dfcd3fecc2d1,0.01741642609704286,26,4357287.0,808,18,1
512ac250f01afa3284fb27dd7d956f99,0.12721021473407745,1,1568523.0,55,20,1
5231ea0bcfdfaa96721d33aabd5a516a,0.8282865397632122,33,79004.0,20,2,1
544d3eccd2f6cc0ad05545ae96a79a9d,0.006206438411027193,1,394.0,1,1,1
54e573851f672045be93b6813a63cef6,0.044017698150128126,5,951.0,1,1,1
55512c51cd817ccc3ddb8d7b8d443f42,0.011013821233063936,2,1601649.0,205,10,1
55E0FD6C509149ADA5B6390AF95A00E8,0.044263666477041524,79,15625181692.0,232,11,1
55a8c482455fff903ae219780c64be9e,0.24903500825166702,6,66258.0,15,2,1
55c6fe78a5c400402edbd0ffe8391425,0.3007120732218027,10,17434665.0,24,5,1
56bcdd0cda128d35389c19f22026ea28,0.0777877583168447,15,4767.0,7,1,1
570BD44511254CBCBAEAA3F8536747EE,0.00987495231628418,1,366.0,1,1,1
571c6899610ff8c5072ae16ea718cbab,0.09771370579255745,39,614020.0,121,6,1
57e39e0c2834c51079329b16ee134d6e,0.7169077061116695,9,171357.0,33,3,1
58115b6f66af663b48171f95f0db4bca,0.1621692255139351,2,448.0,1,1,1
58a1b7fb53d4ce466f9026e035c76818,0.007793838740326464,5,21217604.0,263,15,1
58a5d87fb909bdbeaee3e6e5294a4711,0.01739917090162635,5,389549.0,74,4,1
58e9b5f4c90a76db4603a9d645c0fc6f,0.07105995900928974,9,1710.0,1,1,1
590e961f118efd9673b09042b60cc7db,0.14147698041051626,9,820230.0,137,6,1
5980c14d7c9a6783d9ce07ac41ea7853,0.06879782304167747,17,924106.0,149,6,1
5AA098CC672349D3830DA5B96E3F5D07,0.08636378097534181,3,1735389653.0,1,1,1
5cbe3baac24911707f26b678a0066fa2,0.20769438822753727,96,1611276.0,403,11,1
5cce25d98713b80d7114f497f28aad1a,0.0028017896693199873,1,2031138.0,215,6,1
5cd5651a6e4b94e3e960aaa6ffa9bddb,0.0025877216830849648,2,6150043.0,47,12,1
5cf85025835773ec7dd7a409447f11c6,0.006349286064505577,1,374.0,2,1,1
5e4d0e9cf1d29fe30956f59a4cdd481b,0.06709087081253529,3,2611277.0,607,28,1
5e5ae5a9dc0e19de32007ef2797ba9d0,0.02406928758136928,4,1043.0,1,1,1
6046658c218e22a2df9c1a2d4c76f2d1,0.0,10,6503.0,3,3,1
612912aa4e98394898c571841a73aab9,0.05884130735648796,105,1770510.0,308,15,1
615C57DEEB524CAF9AD4B7B65345F2FA,0.05984008482337953,26,48409889380.0,362,12,1
61909783fafc2de9559734b8e725f6da,0.047128522768616676,2,536.0,1,1,1
61ede1ef4fad37961b90c50bc9752fe9,0.010167803266085684,5,3558616.0,1854,20,1
6285822a3cb9f75feba6e4294b2db181,0.42303794133476913,40,1468640.0,376,10,1
6305214fa95fb336f9cb6df3d9ad5a0a,0.009914783295243979,2,2717503.0,847,18,1
634a09eb9829c009ba62a3f032df3312,0.13965846970677376,3,1369.0,2,1,1
63bb62d28b7ed29e2612f8c160da280f,0.01027360581792891,8,1094384.0,221,8,1
63c475841e2e0f282cf2ac69e4a645ee,0.03554564621299505,8,5872684.0,369,14,1
651C64F4CC9544BEA82CA1B37BB9ACE9,0.0352249412536621,2,170746073032.0,488,19,1
6529ab64b87eed5a80b0e639f3f0631d,0.0399270897032693,23,952354.0,166,2,1
65da90c7b40f0e305e2cb46a01e5ef4b,0.018428587820380926,2,419770.0,1,1,1
6689ce8137168da5b9d38fc18b24c3c0,0.009775070939213037,2,9593334.0,54,7,1
66ddac34d266ef2a0ea6a994efdb157d,0.009096192196011543,1,5192366.0,905,18,1
678cec6f04e09d24c18f097813851f56,0.13220190908759832,10,2281798.0,131,4,1
69ca9f94aab11f8393cede6829d7eb96,0.5012571513652802,3,1053.0,1,1,1
69dc60b45467ba59f43ca21717e9f588,0.40612734481692314,29,702606.0,107,6,1
6a2d2a0357a0f1bbec3b884e63f2ccd5,0.01946158055216074,3,8331153.0,82,6,1
6a4d0628a58728641c694ad1cc4669ea,0.047134969383478165,3,228.0,1,1,1
6a9f93a221241df193c64c4ab38a0136,0.14474385103676468,18,55867.0,29,3,1
6ae284315bc4ecc1ef072669ad2a4387,0.01709455088712275,4,143653.0,34,2,1
6b604ce8e28312e8ad0cc052811522de,0.009745879098773003,2,173078.0,35,3,1
6c2aeffbfeb2fd68dbde633d61fd7b45,0.017935723648406565,20,1383746.0,396,12,1
6e921f2616331a789a93cc5320536d88,0.010615132749080658,1,64075.0,28,2,1
6f024d14839766b6609b66d6e5d37e6f,0.2991570621961728,71,246606.0,57,3,1
6f1edca38f9c8fa898e1d5c523442e29,0.017292349424678832,10,474915.0,23,2,1
6fb37eb3e3a0495eb3302e081f069cb5,0.024709800258278847,3,598078.0,33,6,1
70b0a746ae8aded9b7d012e9eee1d438,2.674433482810855,95,202529.0,20,3,1
71f3f3d60b804d232c2d1387e9e0f8b2,0.044943603686988354,19,2890974.0,817,30,1
720f2c8f20aac4abb5d504a65a370331,0.06372737511992455,2,642.0,1,1,1
7315ac8b48d45c711fdfb022a674cfa5,0.3862000107765198,1,760.0,1,1,1
731820A254CF4D418241EB6F0848D60A,0.07555354981896602,9,1734636555.0,144,4,1
741b38bb2f5d933ccc97937506421b6e,0.10679695941507816,17,284532.0,41,4,1
74382fec534aba5df918dd6885dccd4d,0.009999999776482582,1,1282003.0,241,6,1
74c47bb9f52bcf7cda0853aa4fee3c8e,0.04500949615612626,11,171946.0,23,3,1
754e11c9da63f4f92a547e1163068af6,0.6778950914740562,12,6873197.0,80,5,1
77053982CAA94A32B5CC6E355A4AB38B,0.17663538329385575,11,23799.0,2,2,1
776f3df25b65e7eb4839c8b36506e2e4,0.10738221928477287,3,1694.0,4,1,1
77DF641AAC1E462080EC6FA8DFEA95A6,0.04014424037933351,3,12067432034.0,13,18,1
790e4951a2bdcafbaaa3055f5b690a3a,0.06078905693721026,23,2994860.0,190,9,1
791a911109f1a8d1d9ff22f3f66d5ef9,0.007826821936760098,7,29095.0,18,2,1
795e52526d8be24466f843f0691135a4,0.010333804413676262,1,19419.0,14,2,1
797695bbf96269b409bf6d892eebf0ef,0.0225521307438612,1,18073684.0,2,1,1
7a253121af676e4076649b5a0d3ed1be,0.00045686746307183057,2,271618.0,274,5,1
7aa1e037fdea4a047efd973bbb87544f,0.005668144440278411,3,22168827.0,268,7,1
7aca0140abbe9edc46b2fbcd999b741b,0.015958798117935658,4,274634.0,100,5,1
7ad4d2b80790e97bed508e80a94326b8,0.03198928106576204,3,531549.0,110,6,1
7b315994fe31ac409b4714e1d5d1d4b3,0.018424210837110877,15,561563.0,113,5,1
7b97fcf1e65b9ac6df832f700feb25e7,0.5800877725705504,27,105165.0,12,3,1
7c46c2a770c2be7a2d8f1494bbb1b3fa,0.015076504030730575,28,6643687.0,1340,30,1
7d08e0f82292fc4994c8389c9d5afe0f,0.08352520881453529,44,901113.0,281,7,1
7db83788da8a299e5716f064fb4fe301,0.06523163057863712,3,376.0,1,1,1
7df2ca128a50fecadf6ad53380a9778d,0.010255084838718176,2,98481.0,5,2,1
7e21f5ad7c398c69eb22876f167761e5,0.016693593002855778,2,3918571.0,190,8,1
7e8b7c8beb337cfc7732333169a7a86e,0.054807163774967194,1,317.0,1,1,1
80184B21593C43ABBAFFA6EACB53C57E,0.020491538088241577,8,13869075889.0,113,8,1
801c261b82543fd1923b65d1939e5683,0.33750127628445625,8,16785.0,22,2,1
805745957d25f236ff58d6d2353c453c,0.054734863340854645,1,265.0,1,1,1
80651a17dd86ccb780cefe57bde9349c,0.011474325554445386,6,413451.0,73,6,1
81affac5081f1f60a49f30dacc52edd2,0.012018793728202581,4,48558.0,7,2,1
81c4076040bf3f915b7660822400884a,0.15206000208854675,1,403.0,1,1,1
81c7a183d70e61c312b504f626bfcb59,0.005182064836844802,2,15104942.0,201,6,1
822de02479dc884ee113f8685bacd437,0.13067605230025947,7,1240.0,1,1,1
823d8bb41fb838e670b320a3f0adda3e,0.062481608300004154,45,880103.0,50,5,1
82539a1bb2c0602f65a9f7fd75beb9f8,0.2674271911382675,2,475.0,1,1,1
82a2a789051b8e35e42155f9747d7a1b,0.028775348095223308,10,358827.0,12,2,1
82a94c6f9496101a5bb3331fdaeccd25,0.10832619667053223,1,303253.0,623,2,1
8409d6773bcf8fcc5119f7ccd1c44a62,0.04962915927171707,8,1504.0,1,1,1
842e8a7903da2dfb92dbdce57b562b8e,0.009999999776482582,1,1147.0,3,1,1
848634AB019645029DE24CCB85699064,0.6472900955278321,8,1665.0,1,1,1
84afe2c01e8780f089bcaca9d8773561,0.02960456849541515,22,4484322.0,381,12,1
84d120ab18b28822c17f2286a758e8f2,0.07930629298789427,64,1847595.0,371,7,1
8575f4516ac5fc94c47a492bb1761e32,0.00836165260989219,5,242150.0,131,4,1
8591f69e19393e1accf2779e041cbd1e,1.4524657726287842,9,13387021.0,4,2,1
863e6f3c4c627da0596c5e958826865e,0.2075927541591227,11,1294930.0,301,6,1
86841258fda0e705767c3d2e298ea55e,0.02267353981733322,1,301440.0,3,1,1
86d15caa6ad5c83a3f0c1f5fd09cf5ff,0.007434946965076961,24,5759388.0,376,14,1
87568C51400445768324F1FBB2A9774B,11.890645050048827,14,169865077573.0,214,7,1
879e1a2515a3119e615beb961fd420b0,0.08651354350149632,10,16091170.0,43,3,1
87be3b3769ed1a35f756cd77d5344bf2,0.08040112722665071,6,106499.0,12,2,1
884e58e4bf7278e187133a8d07d82d6a,0.0206368105718866,8,130004.0,36,2,1
889acbab70b8ad937e7a879b316e49d6,0.13642004365101457,63,3950933.0,309,9,1
88f09713c00901d51e487012b27976bf,2.969493590295315,26,4973520.0,150,6,1
8BE9D2BC29BC4AC88F3F1F7DE24EA079,0.25442892837524417,12,2492.0,11,1,1
8E2FEE3E5E674F3987A8F9F495086C55,0.4706866320487529,24,6941382125.0,14,2,1
8a6ae1f861545b0d050fee8b2e934660,0.36102221347391605,19,883349.0,208,7,1
8aed32e6e0c94dcc6802f7793df3a42d,0.022020632401108742,1,386.0,1,1,1
8af340986f6c48608ed2b95267cf442f,0.018518497818149626,4,164888.0,42,3,1
8b104df09bc189f2eab94ac486d2bdba,0.020959438756108284,1,9432990.0,3,2,1
8c2d32e70b59d6bd9594aa04dd6f4eaa,0.05687816061981721,66,2961048.0,495,6,1
8c74c3168f5d5babd09a7bfbb260982e,0.04946823843056336,47,1015753.0,190,8,1
8e2d84ab2bb7e9701140bae6b32df70e,1.3090098090469837,41,488323.0,66,6,1
8ebfe644e174a362dfc379f2752cbebf,0.0922601098427549,43,486735.0,78,6,1
8fbfdb02c299d20f12153d98c0702df7,0.10343949869275093,2,334.0,1,1,1
900289fbd912ae6bceea0ca224e6ed9a,0.021743876859545708,1,458.0,1,1,1
90f14d42bbd11ed92a87dc779c0cb33e,0.0049493671976961195,5,530869.0,70,3,1
91dba5d295e97382853a9c52e499f2bc,0.005260000005364418,1,810810.0,85,3,1
9212CB1B241247E3BB052215F8B5FC2E,0.12685858483721768,3,1734980553.0,28,4,1
923db9e3eb086f5fe56d38720027c095,0.02443361101904884,14,287145.0,51,3,1
92a18e770cd92fb999cb8977b359319d,0.014060374349355698,1,4974111.0,1177,22,1
92a6fa3158d40ac9864fee7c4d506f47,2.329897880554199,4,26807.0,17,2,1
9346c7e5a3e7a9886e3cb6b76b479966,0.013702069991268218,10,1122293.0,290,11,1
93ca185cfbfaf9611055d797178c14a8,0.029566967859864235,1,397.0,1,1,1
95432ede9832652336a2f2cd61479880,0.031402711756527424,3,34710.0,18,2,1
95493254003c8213a6b8261b0c3794e5,0.013517496641725302,3,17633934.0,1,1,1
95f5df8020a4e4272f2a8349e6bf0509,0.05689210072159767,1,891.0,1,1,1
9824ca48dbc58687f90d86e9ca9be394,0.10001562256366014,6,24430.0,5,2,1
9842F8FB24104A3FB7618C1B8994B844,0.043550747895240785,14,50226072315.0,243,12,1
988b2a469b67a0f297d460a3adea97bd,0.1787621551193297,19,563219.0,200,8,1
98bd82ac8b63ded3c9c04c174b263540,0.006606793496757746,3,605723.0,58,5,1
99e07f989fc0c5fdea9673a60c76a5ac,0.0013452940620481968,1,914739.0,140,6,1
9b155fcbe2d3da7eeb7990e9551a63e0,0.031856092158704996,7,236319.0,26,2,1
9bc107be16972365a67a6601a45dfd3a,0.8148100972175598,2,1518.0,1,1,1
9c2ca772647037d8ba3948a08cf127c2,0.0450664646923542,2,56319.0,8,2,1
9d134985862df202da97f8102f8d556b,0.047036769799888134,3,4591714.0,217,21,1
9dd13a96fa1246046219d77a9443f8a0,0.043789057061076164,7,1084182.0,14,2,1
9e29977bfc43ad5bd9f2df86a0c0e123,0.03124365769326687,1,21222.0,21,2,1
9e29f3473afe2afda566baea1a0d2346,0.013086559483781457,4,628344.0,36,20,1
9e41f854fa61a68314fadda7f1ce8640,0.07827986381016672,11,313157.0,18,3,1
9e51331afb74f95e3b60f8f6b550b284,0.014188785571604967,3,5689660.0,1131,33,1
A5234D5A688145D3B0DB966451EE02D3,0.30512303231793214,17,1727720313.0,355,6,1
A9187E0126FB4CBF9B38946CE203A30A,0.11586879262804986,14,5205539286.0,39,6,1
AAC999A69E3046E2BFEBBFDF778F9CCC,0.05602389144897464,1,277.0,1,1,1
AECA3A6CF9F940299CAC636F5C565F96,0.3411338757227783,14,1735402063.0,6,2,1
B7AEDBA9311F4F06AF3623DD21A05503,0.008897457296370514,21,6935202775.0,226,11,1
C23BAD34C4C344658E378463616D7C1E,0.14189491825534056,17,51765.0,13,2,1
C29DB5DCDE67466BA51E72F2D81909ED,0.01,1,6935892011.0,163,4,1
C62636272A1E4F2B96E83643CB54A160,0.10240252241980555,17,173419656959.0,55,6,1
CD892AC306654705894CF16E184D8B28,0.044253265049194336,13,20809810571.0,136,6,1
D0B2ED5D03E347D3B81A079834742B54,0.36022462261840826,8,1018.0,2,1,1
D59EB1853E284280A94116ED019534D8,0.29037640838371526,95,10407097949.0,69,6,1
D76C2D2573654B5FB10171054AC1B02D,0.05606138610839843,1,1168169.0,95,2,1
DAE1851BEAE84D1396767F78B56FF4B4,0.08134993012648706,34,993323.0,306,9,1
DC450C6113EC43C88A8DE6A18659AC6F,0.08074862063301086,15,2033149.0,458,6,1
DFCF79BC62454AB4A68CD7806C76DA88,0.107428547881753,17,70962344057.0,436,5,1
E5FCC5A25C954F15A196BC1063830957,0.2744736843109131,8,1729675731.0,90,5,1
ED60C6AB67D3489D8675EB0B550DDC35,0.24432482598361077,25,35610.0,9,2,1
F13AA875A7644BDF8CD1E79046BDB426,0.15543546067293423,64,239183548902.0,1186,30,1
F60DAE86817A40D89C103B916B55BC63,0.16818592872509763,7,8283288908.0,1523,16,1
FB51F72D35524CD8B6642AD5543741BB,0.002502063,1,1735409026.0,2,1,1
FDA9FB7CE5D74B8A91A0BE0A9CBE9A9C,0.03466559874687876,23,53707892826.0,241,6,1
FFCFD97392954838BE53784AB6B40680,0.6620668070964214,59,374563.0,84,6,1
a061a3e134ac031946bcb7820ec267ad,0.021414553746581078,2,140191.0,57,3,1
a09cf14c83b38a79384f44fccebf0c76,0.4325080430135131,15,713080.0,173,6,1
a0a8c29df645effb371dd3cb290b8b83,0.17816052702255547,36,465994.0,65,6,1
a0e121fa3adab4b67f80bca640e12864,0.1199209513142705,6,,6,2,1
a118258672553803d5788348c9c320cb,2.618757516145706,10,17458.0,6,2,1
a18e8b785d2349f101b35e0c1966c1b1,0.007976099179359153,11,2774113.0,377,13,1
a24dc9f07bcafae8107dcb52aec7dcfd,0.014257153030484915,2,1862.0,1,1,1
a2bdedf8fe66277b05fcdba8b8efd81e,0.00747552840039134,1,226.0,1,1,1
a4f15bd3d566b1a894e6b1212ddc3166,0.07837225962430239,9,693183.0,44,4,1
a4f81e7cf3e26c50f603bff2c7ada93e,0.1096559779252857,35,495473.0,125,6,1
a56bbd4a500a0815d9d9555f93db8c00,0.09651988185942173,3,19706089.0,1,1,1
a57b26c1883eff9f63fbe36940e62d6f,0.04441794008016586,1,3260256.0,206,13,1
a5c85418bcfb40db0fc96e334520d189,0.1823084056377411,1,475.0,1,1,1
a5e9adfd8b444066efc31ec2d9c5eee9,0.8190727028995752,19,307199.0,56,6,1
a5f587eb2e5d635077acbdf5bbca0ba7,1.3001218438148499,12,620837.0,44,3,1
a629a00d312773fba9392ce86b7a5f68,0.01095853466540575,3,5066779.0,1701,49,1
a754fcc59c23b3d1a2614a556e017f79,0.01001999992877245,1,675.0,1,1,1
a7b40cbe79593ef5f9b6a3d374347f2b,0.06925569253508002,38,1534432.0,128,3,1
a80238a0094b3fbd37c48517037576c7,0.11741479625925422,17,483397.0,247,25,1
a88b5897ca56a4c29563d159452e39ed,0.27118799756863154,130,21567.0,5,2,1
a9d1c4c797538fe2b874664c9ebaf3db,0.16559351701289415,15,960.0,1,1,1
aa70f3f039fbcd1b32b373c009652306,0.09266630746424198,11,1758612.0,303,12,1
aa7178f9dee8dba829fd5cfcca9eff15,0.043069549021311104,20,15114168.0,15,2,1
aa855983a2b2028ced2daea21f708709,0.20954591780900955,4,418933.0,18,2,1
ab5082f34488b6dde335b36bdbc9ea9e,0.07979449187405407,15,88388.0,7,2,1
ab527d38546aa02c6e12b5e21b90da65,0.004234805586747825,4,1204684.0,301,11,1
ad0466c2eb34186efda4282ab8766446,0.2009691298007965,2,443.0,1,1,1
ad2e01b9289a3383c73ced50217c1275,0.056978434324264526,3,525.0,1,1,1
ae3f178b33468f233cfb60598174caf9,0.14285529032349586,2,1595050.0,559,10,1
ae5b900e1ea38f790c94e4a286d45ec5,0.019626092165708542,2,321.0,1,1,1
af5b9b690278bb7a242d5ce95de786d4,0.07661544065922499,5,3708383.0,167,31,1
afecdc503c10eee8552dbb733dad21d2,4.461149707436562,15,14896.0,2,2,1
affe2d33d017a9e19b429ad9de800b8a,1.5025983527302742,40,40792.0,12,2,1
b06641594ba2ea5613fa32906e933e7e,0.15035101026296616,3,396.0,1,1,1
b1003b35a07c57fc5d097259d90d8e29,0.015234161168336868,1,1264000.0,71,6,1
b19748bb6fca4486130ed824aa1fd6b2,1.3747284561395645,14,862304.0,58,3,1
b25df43803209b9784ec18f4c2991d35,0.20383073017001152,5,198343.0,42,5,1
b28c4465673f1b8f93421b81ed403292,0.05726138222962618,3,396241.0,118,6,1
b36ccf81037ab90da165804ff45bc348,0.2933959402143955,19,1954963.0,46,6,1
b3741300248e4a6cf1c9b694a7250afa,0.002623899024911225,2,4875753.0,754,18,1
b3c88cc868171ff77b62a8eea158c888,0.13829815480858088,80,378940.0,81,4,1
b3e0565a2b2eba1b27fddec77f6fbb12,0.05893179913982749,8,1356825.0,332,20,1
b401b78f038fb3219c72508133fa81b7,0.04736742936074734,2,5613732.0,264,28,1
b4161865df064ffb089daabfed9987e6,0.24979132288717665,278,1822920.0,551,11,1
b4e445eb3b5ae4cef1409f69590d9d4b,0.44690826535224915,3,4585348.0,118,10,1
b4f8d4943b17b1a075908d8fab38e99c,0.08807959267869592,10,894953.0,132,4,1
b5b4355dfb0c4afbfb24edf397c46837,0.010618597269058228,1,237.0,1,1,1
b66a66874f700c5def9bcdaa5606575e,0.2898627887479961,29,1904335.0,452,15,1
b68a36f9dfd73dae99596a7c92b342a0,0.0018725000554695725,1,349.0,1,1,1
b75dab6dd4ee186854acbaedfa68e8bc,0.19216562912333757,65,517287.0,192,8,1
b7ed3773f1a15f3894561b86b41e2ca1,0.047375008231028914,13,16859770.0,37,6,1
b91384ead471b7d63316ae2669a7c3e1,0.037300813710317016,14,44611.0,15,2,1
ba5acae8fe904c774dcb469ec32f5eb2,0.05400604452006519,11,128857.0,80,4,1
ba8e8ed64ed80d8f6d0036845a9cd84b,0.15498892404139042,15,1210311.0,166,6,1
bb31557aadffcca609aea1c9d6754c3d,0.01589626958593726,9,6806083.0,156,23,1
be192ca6462dc914902351e8d58ef2ec,0.04198721924331039,9,1595908.0,583,11,1
be945a259ee2ad7ae6b6596f4c1541a5,0.06734420917928219,3,1187414.0,51,2,1
c03df62959d93c5747dd7c22d2ea6989,0.009656743612140417,2,3609044.0,3121,30,1
c06d7898b4398c67893f9c8867819696,0.0957173842471093,32,985909.0,675,18,1
c0cecc99d222bad861aed71cb7253282,0.00971091166138649,2,455257.0,56,3,1
c0e81fd101abeb4c4d1c0a78f0ae19d7,0.006795763503760099,1,240266.0,199,5,1
c156483359804fd5b9597b7429212e52,0.05337577639147639,6,1615981.0,162,11,1
c17231294d9e23c4b2999fef89cbe087,0.005352919863071293,7,1269691.0,173,7,1
c1b1e4ad6c58675877589e1bfe8cd6ec,0.09205328300595284,13,1583353.0,245,12,1
c1f6a2657005eb519802d9ff8cbef757,0.018041543662548065,2,3178701.0,333,6,1
c204874f9b2736b7e85bb0690c9f013b,0.21612652391195297,2,8343866.0,1,7,1
c233f3a366f0cf5bb42bd7d08d67dbc6,0.15793453017249703,13,1051485.0,116,2,1
c2dcf33c46b776e8be196a105befd89d,0.4514796978328377,87,17142191.0,141,6,1
c32e3a6c7c672898ab4c6ae5f6a20c72,0.05019902344793081,14,897287.0,164,7,1
c330a2d01ebd7cd0878e0708b76a923c,0.02081325091421604,1,77278.0,10,2,1
c39a939bceae7f517db498e4a5e86244,2.0270346053875983,78,547373.0,255,6,1
c3aed1662cd8415e05eece45fc3fabec,2.0443329326808453,54,33636.0,10,2,1
c3f599e522db6daf6b4a416993696451,0.02663103095255792,14,1382267.0,240,8,1
c3fb32c0bd358f87416fb4fe0a6d37ca,1.9510032832622528,63,1216747.0,53,6,1
c45f33317cc010d6e25223d03d603d93,0.2210981361567974,5,102588.0,3,1,1
c4bdb046e45df7af91cab4405406ae5c,0.056927931669633836,30,616388.0,156,7,1
c5610cfad106acbaad9e7282c26b74da,3.035243207588792,58,16667.0,5,2,1
c5989c1c22b0525f0c9b78f76c89ff88,0.5975548550486565,14,3484374.0,212,25,1
c60abfa4f5fc5321294bb79ca0e07ee7,0.0019140949007123709,1,3373677.0,1031,14,1
c6109324ccae0e9d3929c50b0199db85,0.49220371805131435,22,3525802.0,484,15,1
c6373413a87918f8c42ad322a4dc9e7d,0.15068166330456734,40,172013.0,21,6,1
c6d7748b86426e5f8ae0f1fd887df7d7,0.018484712578356266,3,1434975.0,110,4,1
c76df8af31f43167d1e2f6d7b3306ec3,0.08158217929303646,26,3576785.0,335,11,1
c7944ca4c3b1e0cbc6ece5c7288a2f87,0.05160772334784269,5,2963438.0,426,39,1
c7a5cafb3492baec162c9320e5c13050,0.008513136999681592,7,659136.0,83,6,1
c7f93029e7395b3de2277131985e7beb,0.012578245718032122,2,954.0,1,1,1
c8257ad5de4131a96fecacfc8da1f046,0.1333543062210083,32,2105130.0,98,9,1
c8592b3681a18cacfb58f5dd94815d6a,0.5065041929483414,8,902350.0,38,3,1
c984418ca718596b3d9bb34a36d9beed,0.07401993125677109,1,6325625.0,115,14,1
c98dc0c996596ddfa8123b3a8d2dd45a,0.01665728585794568,4,31670.0,11,2,1
c9a4f493f8ad177821f81e5fa512fc21,0.1385369449853897,1,211.0,1,1,1
c9a6b3a49076291681d1d150fb163b4a,0.049213084450457245,44,1658015.0,205,12,1
cbdcd934729b92b6967de9017efa5b24,0.058973114006221294,38,505529.0,139,6,1
ccebe6b80ecce038d34b71df942a1947,0.17955730110406876,4,19682.0,8,2,1
cdf99486ba35c77527c062409c7dd245,0.0020761563791893423,4,1014213.0,188,6,1
ce13371fee11799f0b216eef3eebf2ad,1.5239934101700783,4,1681.0,1,1,1
ce36599794d9dd06012499f72800fb6c,0.009999999776482582,1,4410383.0,3,1,1
ce79f1e291bc2e9de4f3d3c820692977,0.09616696648299694,9,1874392.0,187,13,1
ce859e1c8f1429925c1b24a2e35a5e73,0.11356395413167775,14,2114028.0,83,3,1
cefbf589ee9fc96be38b508c435e0532,0.21008823812007904,3,72430.0,17,2,1
cf40d4db56f449c72b297d98d2aba6d3,0.25303535407874733,55,192574.0,92,2,1
cffd57cee2d9788e34400197d329bb5f,0.208909522742033,13,299089.0,27,3,1
d026a701c87fd2d67f32c4f001d65413,0.026562706363620237,84,595492.0,130,4,1
d02a5d007e73f9e57d7083780ed70418,0.17814106913283467,32,4331145.0,18,4,1
d08d671714049856cc23caf9f45ab333,0.0057757539907470345,3,848749.0,117,6,1
d0d8bad624977ad4ff6a9c50970f773f,0.05675560759846121,9,2129.0,1,1,1
d0fa206809ba224838a6f13507cb946d,0.021409997425507754,13,30078018.0,13,2,1
d21bda7d1ec435ac4fd9e7503a172e95,0.013064313272479922,12,1096065.0,155,7,1
d2f50b574d50b7a32aa8a1bb87dcdf9e,0.007104452699422836,1,5936139.0,2,2,1
d3340ad829a383514b21de79af666f73,0.053817483014427125,27,,73,6,1
d4b638968c323f70ca2601e88c4bcd14,0.13883382244966924,28,1392226.0,202,15,1
d536b37e60cd38e76292205177174f40,0.2505278643220663,10,1459018.0,374,12,1
d54a2af92f3ac673f391a4b96e9f99b6,0.5739420927129686,53,186770.0,28,3,1
d59a193a2037e545048a016dc5b3dd84,1.4882684107869864,48,415823.0,48,7,1
d59b0c3a448cdddd18d3a8ed8217ef18,1.217173457145691,1,936.0,1,1,1
d5b94641a9193b6fb441c2a718c15732,0.06336051039397717,9,2911603.0,361,11,1
d5fed68743b201daabe5328ffab5535b,0.21233004704117775,25,3829939.0,286,9,1
d645b5d3c89645204d5057d7d62b2ca7,0.07537679560482502,6,333597.0,41,4,1
d67ef43a71248bc41b2129992fb1da26,0.0618013571947813,2,1855658.0,337,10,1
d6cf85adc4acda3b8c50a99da0f37c86,0.030459506437182426,3,896323.0,170,5,1
d7a1e7a7c6569496727cb7873620300e,0.055188484489917755,3,5017760.0,1183,26,1
d88f62e4a6ffcdb2737ba53781eff932,0.0037786703323945403,2,49398.0,10,2,1
d89415b5b3a8b382efa1634bae894ba0,0.0074886237271130085,2,485576.0,156,4,1
d93b52de146c2afc58678c4795be8c63,0.054598130751401186,8,1690984.0,144,11,1
d99d3b6629e901961ac0647d2843f65f,0.07012872869381681,63,1389921.0,341,13,1
da690c38c2c8b28e388e929581f43ad5,0.3957839608192444,8,31041.0,9,2,1
dd2e8442be4eede47f35370db0f64f1b,0.04175126552581787,1,208.0,1,1,1
dd76c56d19ac3cfac3b2e04695ab55ac,0.30702606635168195,17,,124,6,1
ddd5295ac2429d2615bd55dd8b8c6d3b,0.16020395467057824,43,424337.0,94,6,1
de05f8806a199bfb8cc44a4efa7761ff,0.022639167495071888,2,2241483.0,278,25,1
dea340023b68608bb2fc5d6aa1714924,0.04841608367860317,3,544.0,1,1,1
deb2b407a62cc0b6e1a4f011b3d476e5,0.00847680028527975,2,452.0,1,1,1
dfa85d7cc4029014db4afc90df92c157,0.008659999817609787,1,1121.0,1,1,1
e0013881a11797050348e8c2225514a1,0.013664467725902796,2,1153.0,1,1,1
e190a191828bed575ca25e1f3ea29eee,0.02012999914586544,1,1390.0,1,1,1
e1a234aa7ea64ad269edc77173af53a3,0.0813249172642827,8,25985.0,7,2,1
e1a9d4c73d1b01d6f70898e5ad3f57b1,0.10564226494170725,15,721987.0,359,6,1
e1b8a32e19423755cf1120ed2397b961,0.010097299702465534,1,399.0,1,1,1
e2f4aed93519467b14efedd8af0089ff,0.36321185855194926,14,395591.0,62,4,1
e3cb06be9183bca2da0815fcded71f60,0.021090000867843628,1,598151.0,109,6,1
e43cc1d900f7b80a0a9beefb7d314bd1,2.349174201488495,4,3308843.0,225,12,1
e43fb1842f00e704379c52066c219c4e,0.09265651681926101,33,5012531.0,514,19,1
e57da595c65e5a1a67fc09006770a43e,0.0440529715269804,3,291.0,1,1,1
e5b7773dc96ccd2f7f702895a7f29230,0.012061143293976784,1,286.0,1,1,1
e6417aa89b7b0e5e1c6350575bf86d38,0.04129621875472367,27,811540.0,183,6,1
e68ebe169ea1ae1f89379831b4779a55,0.02339341025799513,4,24215929.0,1,1,1
e6e285284bd7a16a7b7398afb1e24263,0.11170525476336479,6,2459889.0,50,3,1
e6f371706031d34e0d645e48ecbcb49f,0.18399440252687782,30,89425.0,19,2,1
e7ac620346aa1aab0703974e585dae39,0.017429711762815714,3,40311.0,4,1,1
e7bc175e1fad28bdad663148aa77f75c,0.09911889559589326,16,1465777.0,387,9,1
e82a44a88c61ebf3380bfda4b6056726,0.10754703544080257,4,6145299.0,217,16,1
e87920121dddae10c9145fbed7775a37,0.42826520651578903,14,24004370.0,71,5,1
e893ef2c519187a4256e930caef8315d,0.03664520778693259,13,1335663.0,186,11,1
eb7e9831f247d696638cc15e93f3dfc4,0.017610197188332677,7,2031789.0,35,3,1
eb84a4add6441e6f3554eadbcce64190,0.023808618541806936,3,588236.0,113,6,1
ee4b1a2109d5c15a9d2ff9b715fb23c5,0.06766779627650976,10,206769.0,68,6,1
eea1fd606bbaab06065f8cbd300f7dcc,0.01188328501302749,5,1029838.0,118,6,1
eed875fa785f5788b204db6b48237b9b,0.08762855734676123,4,1106265.0,103,6,1
efe0edf180a2e89e2645087f7bee4276,0.115584347397089,6,5201378.0,1078,21,1
f0447f67f5dbfc8d29c10ee941d2508f,0.2176135266199708,70,132057.0,18,3,1
f0487681157a0b708f890fe532a33051,0.15189187543001026,59,3237865.0,447,6,1
f08d46083184a37b70ea7eedd24ed9b7,0.05088559724390507,46,2588363.0,158,6,1
f0de9c5ae92a79b7273fc81a87da25f5,0.019432541681453586,6,514638.0,173,5,1
f107308a3712de9e7b36895555766e8b,0.3152438700199127,2,20597547.0,30,3,1
f13cc9ca2a71e0667c950059dadb0523,0.047816370613873005,5,4468908.0,190,7,1
f219b7fb1e6ea8943448cd6f85dbbdf7,0.5742175194900483,105,172800.0,29,4,1
f2340b95594c9fe29e370b74548ef6f8,0.010313209728337824,5,1001383.0,109,6,1
f3b2b94dcc6ee2eea35628e942901820,0.09588999883271754,13,258932.0,25,2,1
f427a57392411a1fb17b418409630982,0.002947866218164563,1,744169.0,85,4,1
f59b74a8f395fba00e1856a87c23a92b,0.008693475945619866,28,829296.0,310,6,1
f5bf3c473cc64f08e5f2cc038cbd976a,0.04547777300467715,41,197469.0,23,2,1
f60aa8e053704650ee5fb407b3bbc30d,0.15036010555922985,9,23209682.0,3,1,1
f84fa62e608b75534d6d1c3295dc6cc5,0.16079974686726928,10,6540372.0,590,26,1
f8bf8933e98b5cd36c9ac8ade1c1d15b,0.015957461670041084,17,762861.0,206,8,1
f8ce3387c2996c0526dff81bddbcf69b,0.0038164181169122458,1,1480400.0,172,9,1
f8e136a6590488e46bb05ad5e77a48af,0.01912961812922731,26,635475.0,138,10,1
f907556162e32421aec69ef0ae5e55bf,0.2621052246540785,7,1552.0,1,1,1
f930809502c925cb5cedda4c43b39793,0.19691484794020653,3,882810.0,1,1,1
f9b8bf56fec475d92a521e5023c06396,0.15994003508239985,17,64657.0,45,3,1
f9d15bf69b6610d2c93a48548561eeeb,0.007044821628369391,5,5914389.0,1034,16,1
fa6c550a4957daff16db0169f7d5fdca,0.08471647999249399,18,15265731.0,8,2,1
fb7c5698fcca0c466b7c860c3307e63e,0.7119883224368095,13,2821233.0,70,3,1
fc4fa34314d6ea01e649810d335af510,0.015126525337109342,16,9361702.0,673,20,1
fdf0b4366ca56f9d368791365b24e822,0.05878038937225938,6,2527871.0,639,32,1
fe0b66bc8ee566ba91b3f17dea277ffe,0.024409857811406255,6,1779651.0,147,7,1
fe84778012646ce610e21fd88b4e62b1,0.012275618501007557,2,376802.0,53,4,1
fea39e6d00ed094610bcf020449588ee,0.13097948767244816,18,95614.0,37,3,1
fee4ba12e67ecce200244c8adc20f765,0.007276932854438201,16,2513759.0,196,8,1
ff0016ef39766cb9481632f3dadd3ddb,0.006595963845029473,3,1028743.0,637,18,1
ff28827f8ba3055a3b019b222ff01aaa,0.01909592328593135,6,3272850.0,540,14,1
ff3fc26821fd0f2d76b13d2936a6cde3,0.753198891878128,5,332173.0,75,6,1
ff4f35aa0f210d9e50a1d71eda3f2210,0.026165383402258158,5,746291.0,99,6,1
ffa040076bb953e1b8b1f50e4836d0ed,0.018675198312848806,3,636.0,1,1,1
ffdd9e2bbdc317fc654fde7e659f817b,0.012413288932293653,3,51674.0,14,2,1
03adafacc013b61323d53b5e800d78de,0.004170863889157772,1,296.0,1,1,1
0649366d5329548431beae4a6323f1be,0.009558041580021381,1,131425.0,44,3,1
0f8c5c7ce145805937ced7c2ee07c452,0.07140146195888519,1,783478.0,35,4,1
14d6df2908901f8cb11258a0c639a4d9,0.009999999776482582,1,1900317.0,203,8,1
1558A1FC71C1420799D8709978051E6E,0.1011959457397461,1,327.0,1,1,1
188ab8f0ab1c284458168cf4e6e53cb6,0.008252371102571487,1,4534605.0,575,22,1
19b86018c2a83bc4113263bcbaea38b3,0.004050966817885637,2,530322.0,129,5,1
39724DAC9F4B4AFE98196A2E07B01901,,0,,55,5,1
40eaa78229106ff3b763388d2711cc22,0.015064476057887077,1,501.0,1,1,1
411F627A020544F19EB8B8C7104DB51C,0.1170960330963135,2,10411394934.0,11,2,1
458350516d699f1e4459be6655cc58b2,0.004659112077206373,1,1804876.0,421,14,1
4d1be6ece8abf3f3a7182239af63245d,0.008972115814685822,1,456.0,1,1,1
4d97b09ea6f4704a55971f8f6eb9892d,,0,,1,1,1
56E32461C20E49AA911ACB348AE41CD7,0.0167971134185791,1,215.0,1,1,1
5b314922a54b8cc4a3597c053e8ca58a,0.006726124789565802,2,1133.0,2,1,1
5e791a385c5db7a858865cf5609bc7a4,0.03216280788183212,1,197517.0,53,3,1
65c5519aa9140115ee3cce539a5260a8,0.006183006800711155,1,362.0,2,1,1
68f09e2c540d8bf989b81c03ffe40116,0.004603062989190221,2,2529.0,1,1,1
69ed44d4056ebf97c755effead088795,0.012154940515756607,2,73108.0,18,2,1
6bf54e6bbafac82577236a3d8fd3eaed,0.23545299470424652,1,251.0,1,1,1
705fa1952db7fa2e06a86b88150082fa,0.004519564565271139,1,1070532.0,124,6,1
70956a6b84bf7ddeff3484698c7c830a,0.03719604597426951,2,2648460.0,282,9,1
78b6d10ced2f7703142b750a79137457,0.017781414557248354,3,311932.0,35,2,1
7E06BCD8F78B4E169FEDDC1B39AF86E1,0.01451125526428223,1,133060.0,21,3,1
7cb561b7a49f1f58567e7099f3e70522,0.01010878011584282,1,1744631.0,320,6,1
7cdef833123fc51613d5f2c299c70523,0.04177623614668846,1,2877425.0,713,10,1
8354461fa5b88dd48b393073e0f6319e,0.13206347078084946,2,11858.0,1,2,1
838b0f0ea14cc315ede40dc25bb05ace,0.06606225296854973,3,311700.0,98,4,1
8508429f5c1da04aa38972215ea74128,0.11106468364596367,3,82012.0,32,3,1
8e2f0fb8b1070431e456533b074790ef,0.010378055274486542,1,961231.0,48,3,1
8f24c23fd342c8b4542b9a5819e50593,0.019717512652277946,2,323216.0,74,3,1
942fe3d1db9a69982f30a94f32a43e1d,0.0011620649602264166,1,184.0,1,1,1
D3B90F34829341738AF70990F28FCD59,0.07995198362231258,2,1732993402.0,66,4,1
a6ffcf22ed37e63f22620eda0a37a033,0.0680788941681385,2,13463819.0,1,1,1
b4c6b05faa8f5ae512e6be3aac954f5c,0.005638496018946171,2,342634.0,229,11,1
b56e4ba6f1d9e01e487b494a3c1ec485,0.0030377600342035294,1,24598197.0,213,11,1
bbaf8f4c340a86307794193711874cb2,0.002951225498691201,1,3096592.0,386,11,1
c2c2985ea773a1f54c071bb9ed8e84d3,0.03147634491324425,1,401.0,2,1,1
ca603a0ecc934cbec06fb041393cf4ec,0.04271997511386871,1,552.0,1,1,1
d23c366eb4fed3e42aabb07b13e5868c,,0,,152,10,1
df4d8322b25e25ebe5cea80cb9919e5d,0.016934098210185766,3,191078.0,97,11,1
e050b1331ffee4c3ea6cd1f2fb3c0618,0.023862557485699654,1,726.0,1,1,1
e47db27643815b6c9b57d00c094fbd06,0.01511736772954464,1,292943.0,40,3,1
e6894f317f8f88fa866dc23e5af135c3,0.006899999920278788,1,636.0,1,1,1
e85ac2c57819d5ebc2a5368e2cc1c588,0.007692440878599882,1,2063628.0,418,8,1
edcd3fb02d41572ef6d3a3c826bbc518,0.030868967063724995,2,4779948.0,505,18,1
f2cc6d7b746a2e269642d2ca65c85bb7,0.023957285098731518,2,748.0,1,1,1
f36fb90b5fec8f9b2f064a67ff061346,0.006505315890535712,2,2384326.0,476,11,1
ffb0752458cb4da4477d2e15c677721a,0.7328429818153381,5,1040.0,2,1,1
0bd54d2b6a7e9ba9b5e5e650cfef1a8a,,0,,24,8,1
114653e9293915093e39964155ccb6c1,,0,,933,44,1
1254b44422dc21d7bcaa66d8850cc004,,0,,304,13,1
16B88F0950024B6698BED05567A2A555,,0,,133,11,1
297f74b975050ff38e317f9a925b52c1,,0,,20,2,1
34937403ac0de12b1e3ca8fe4e234447,,0,,7,2,1
37d07eb2f0578af698b2cfea0b15375b,,0,,124,6,1
4146addba4239cdb8fc8ee5674fb8386,,0,,2,1,1
463885aa714895dffc43cbac5e05bf75,,0,,47,6,1
5a3df42d84c704a7e9534a09c924b108,0.012587417848408222,1,3685604.0,799,23,1
71251b486fd75942526e7a035e56743e,0.08842044696211815,2,559.0,1,1,1
8e94867c0bae9ffca869a99272a57b70,,0,,79,6,1
9c254e41bcfc121f44eb8165de73a265,,0,,327,15,1
9dac7e0554d863d9ab357af13126d52e,,0,,118,8,1
a00416ede94b26a65ad48f9a3aa86c44,,0,,3,2,1
a229667707fe80dff4f2c732c49509ee,,0,,14,2,1
a2743b5e5a2499cdd3d19f9c88b22126,,0,,189,14,1
b94044d5982e40dcce2a6204dcbbe889,,0,,1,1,1
c737ec37cf4814124d20fe4629eda124,,0,,74,9,1
c867ef6b0a9a4f5cc27ed6d543afde96,,0,,23,6,1
d0ec020cc5c45f46a2b1974dc236ef99,,0,,237,18,1
d187cc474fa66e1dc43959cdbf8a7508,0.0026382100768387318,2,90999.0,15,2,1
d5906ee7af1448464b6f096b6f7676ba,0.0031500000040978193,1,14185.0,9,2,1
d8aa2a1798a3eebcfceaee5cd0651cc9,,0,,616,8,1
d9808f5a8e197a1cd3f48e262b9961e6,,0,,15,4,1
f4e032b90a22810aaebc054d84154e13,,0,,155,13,1
015754854199450466e1f580f73adba2,,0,,1,1,1
0183b9a4d561cdfff1e60df4544a4a73,,0,,2,1,1
026f77736b85c373514974dafa019dc4,,0,,1,1,1
042aff71937ae491eafb40b5367b9391,,0,,1,1,1
050e74dd8bd4cfcd10288e4cc0222f58,,0,,23,2,1
05ee16a208e56db68ed296ba9991406f,,0,,3,1,1
06d686bc2f25d630c41167f4d6ca58a6,,0,,1,1,1
07462bf6f1df152fc77fb634f092e161,,0,,1,1,1
07479dd5622f2a2740af066aaec342d1,,0,,1,1,1
076f6757fb1422857b14ff7d3de96c78,,0,,4,1,1
0E1BD1934B1442AE9C79CED02AEB0F12,,0,,93,4,1
0a3a980794155d865b3497bf8a2ef5cd,,0,,1,1,1
0ad14d533548c72d035c55accd574b6c,,0,,1,1,1
0b21fc1ea8633addf2674ec35663bf6d,,0,,1,1,1
0b2e5a387125bd0b4b6d4d286f383e78,,0,,1,1,1
0c408e731ea78c075aabdabbcd49c3ba,,0,,1,1,1
0dcceb60af58fe2d1acbe0a59010f212,,0,,1,1,1
0fce7742e9cfbf7fe5890f68674d17a1,,0,,1,1,1
10ebd753a7ed9624d473dd902e3aaf09,0.002019997453317046,1,972.0,1,1,1
121df7d05cadda67df5ddb4e5ab9d2d1,,0,,60,7,1
13f6ec440b09d7252ba0cf2794b43978,0.008283459581434727,1,195.0,1,1,1
15cb190d724ae621ed98fb1ca84cc73c,,0,,84,4,1
17016fd0b3c7d1aaef70a09364e35c51,0.008477833122015,1,233.0,1,1,1
188b5a7bee7a521e1afcf2ba1cef5319,,0,,45,3,1
1918b5108b2f3b3f5aba24e9ba3e2fa8,,0,,658,9,1
19a2724c1daa26f1b2f0b6032ce9f72d,,0,,5,2,1
1FEBFDB533994BF18EB93CC11054CE1F,0.04885398864746094,1,12103355600.0,300,6,1
1aeb72fe5dcf552c280fc997225e9643,,0,,1,1,1
1afa293ace3b3f90a1e33cde811b33ba,,0,,1,1,1
1ba5e72d16f47c690aa66117e6e994c7,,0,,1,1,1
1db6b0931862c0860a3aff3786d0a9b3,,0,,1,1,1
1ed8f3eccd8bb8bdaa7f8299c212cd37,,0,,2,1,1
20aacf69cc1b8fd2e310dcaa37aaf401,,0,,1,1,1
20db84cdc81ed272ab239637bac2a70c,,0,,1,1,1
224d80aadb9f00dc6deaeb02bbd09e23,,0,,1,1,1
2338a7daf5a22b20626b0c481b3e3766,,0,,1,2,1
25483ad7fb0a2f2187a7874ed1f645db,,0,,120,5,1
274bf0cd86f1aa784cf5f297835eae50,,0,,1,1,1
27712d119546907af6ba74a2baae4dee,0.031170610338449478,1,6133623.0,1082,25,1
28204eaa209594b5fe408b8681b32c00,,0,,1,1,1
290ad9697ca6b2064baf9767f9ea937a,,0,,38,3,1
29703e39ff657f85beba3e9a7e4004a3,,0,,1,1,1
30da2773e8915083d6e8710663d42c98,,0,,1,1,1
30ed6a7be5486318bfffa9780e8b0321,,0,,26,9,1
3108A7B28015460787AD93771DD17170,,0,,109,8,1
326a9f74d97689ce23fdc7f0012d4c01,,0,,33,3,1
3283817c04a8d642ad9b69208f0d7eea,,0,,116,34,1
3319ccc2ec6c5573a410a321467821f9,,0,,1,1,1
33a2dfe0168e89f809221d837b11f318,,0,,1,1,1
33d8ac5697b03daf6b5b25cc29970956,,0,,1,1,1
353dc530d5cb8e7afd31961658a0951d,,0,,147,3,1
361b30da1b1b611f2de870ba1c8a47f8,,0,,1,1,1
3657863942b44f3765adcf5b5af10a15,,0,,1,1,1
3ddd89db2d46a1ba0f16b3e2aed679d0,,0,,1,1,1
3df3259a1e4244a28f2f991f39be0133,,0,,1,1,1
3e17bb61830d0219ab93b75ea1471db0,,0,,1,1,1
3f0f337ab684484fb39e9af7292616aa,,0,,1,1,1
3f9c92566f2a12181cf6a4a9ec8c1e6e,,0,,1,1,1
40e2ccd86086f531246b781db12cb70b,0.0021013631485402584,1,530.0,1,1,1
411B2A995A144A228333022D9F63A2EF,,0,,1,1,1
4157c737453df4bbb8886d0b81368623,,0,,1,1,1
42bfea917a6ae0cd0c11aa4c967b646c,,0,,2,1,1
45b6e6b8661217f9a38d21830acc57ee,,0,,1,1,1
45ddba6bd06473df22f3f6bb34a7023f,,0,,1,1,1
48197F3FADF74DA6B097F036AF0481A5,0.01595340061187744,1,22497511297.0,414,8,1
48b5f87bbcf071e437cbb7a621ab392b,0.019762611016631126,1,1486955.0,130,6,1
4a6ddb7f12e21baddd8b1c7505a9aca8,,0,,1,1,1
4b1640711964df54935698db26298f2e,,0,,1,1,1
4bae0f9976581e57238fb6cc40779cda,,0,,124,6,1
4c3ea88c0823c330fb294cde44dbb54b,,0,,1,1,1
4d53864af77c0c353dc03309b17e3cf8,,0,,1,1,1
4d7232911c5fedd5688a3320be611bf9,,0,,211,6,1
4d73e9fbc55e20e2980e867b5cca805d,,0,,1,1,1
4dc1e5ffb0821c359aa89a90ee2e48f9,,0,,1,1,1
4e985837c6f8a705d0bb03c78384f65d,,0,,1,1,1
4ebefa1a9e6da230fc44a4404343435b,,0,,226,6,1
4fcc331fd2cf5880ca6912d84a28770d,,0,,1,1,1
5073b34e135979c546474bafb94500eb,0.00336867431178689,1,299.0,1,1,1
50c66a7c31f8fabd4983141c0215bb49,,0,,1,1,1
53ec22592b365b6298f69358047a2565,,0,,171,6,1
53f9c6e0d1bccadade0a6214c993bb88,,0,,1,1,1
54248b93a98cfb55e7623006ce712cac,,0,,5,2,1
5450c93fbb060b50bda7ff9d2492e476,,0,,1030,29,1
583908802ab903fa9ca26df100ff9c2d,,0,,1,1,1
5992852f4f35af561f0eee799daf56f6,,0,,1,1,1
59ce6129440d055b6afce28f28300406,,0,,31,13,1
5a769f63ef1b87343b65704fbcb6624c,,0,,195,5,1
5b4aa020f60c819160f8053afb170e90,,0,,1,1,1
5bdbce2751e77f64aae54fcbc2546ab2,,0,,1,1,1
5beae6385fbc43aac18eedf9a4bd06ad,,0,,229,14,1
5bf103de77f435661132f02058a575c0,,0,,7,2,1
5e893c4f940257b2f3abb423d03fd8b8,,0,,1,1,1
5f55f0fb918800dd94a57a1cfa726315,,0,,112,11,1
5f982518531ee99db73c1ffb4b6df61e,,0,,1,1,1
5fbf4b3248e63722651fd1d1a259b398,,0,,14,2,1
616570f15447a187d97c3a72396ddc81,,0,,1,1,1
622b17d2f870b65522a0562cc56570be,,0,,1,1,1
6238b277a8c8d055101943c90698b282,,0,,3,2,1
63a081e3a9a2b9a890849338cfc4ef23,,0,,1,1,1
64aa6cb063b97d377f30e5d5fa033898,,0,,1,1,1
6552c935149646aa95897be6392fc6e9,,0,,2,1,1
6710023d2139039bac2fe2b983a7771d,,0,,253,13,1
67652de7241f007f5e7de5e7274505bf,,0,,8,1,1
6797e13048eca41470436eca8d91a355,,0,,1,1,1
6a0f407dd2c8b26dadadb800b3f55b3b,,0,,430,14,1
6a60b75f8e2d4a076e605f6262f1c58d,,0,,1,1,1
6a8b82ac5d6ec5b622bba0705cb08061,,0,,104,9,1
6bfd09a688bffdf70cc707f8af332d88,,0,,1,1,1
6d6f19cbaa4c197ba0431621e3d80dee,,0,,1,1,1
6e57940b25f91cad2734ddee05ea16dc,,0,,86,6,1
6f36c7c017b0a38f98bc8fc403d47419,,0,,1,1,1
6f5d834cab23f470a07db3bba750f835,,0,,872,33,1
706339587cf9275bef484051b8ead201,,0,,1,1,1
7087e7ce04872105986ae603e737d15d,,0,,365,11,1
71744e221b77a272d8cdef8344f845a2,,0,,1,1,1
72b6145b37c77a3e4a3ea885a51c22bd,,0,,1,1,1
73D25D16685042ADB8DC34DABA9BEF21,0.01928371238708497,1,24279471305.0,82,4,1
73d89929bd6e6df2d7d16ac3178b64a0,,0,,1,1,1
754b155d46cc803cd38c90936f15eded,,0,,1,1,1
7763be08d4d9c5057fcbfc4648b78051,,0,,1,1,1
77ba9b2e4d387ffbb13ea9e615582f27,,0,,2,1,1
7832D08230934489A071B20B57F40B97,0.0491621208190918,2,902.0,1,1,1
791210ce28fe178d0293b5bc7ac44287,,0,,98,11,1
7D63FDCB36BB45608377C34EAB14F943,,0,,1,1,1
7ab48445dcffc615c1ecc64bf2fe9d17,0.06588128954172134,1,931.0,1,1,1
7dab99c3363e5b4971c8f53ed7320c90,,0,,1,1,1
80AF0A76C111414FBE59E28563AC6EEB,,0,,1,1,1
8133f37f50cf07841c4f301d559e2627,0.007932902313768864,1,32213.0,18,5,1
836B23E5AFEC4FE29A0EC42BCD29E182,,0,,1,1,1
83d0388f0fcd24318d8218694da08314,0.0807573925703764,2,811023.0,334,8,1
8440d6c948e8eabdbf1b9a6c55bf8c7c,,0,,1,1,1
850d5361ce9db202d6a5b3ff1b18119e,,0,,1,1,1
8536980aec3be81843f0a02b5ba21122,,0,,1271,15,1
856e1ab7f26db63bfdef7fbe39376aa2,,0,,101,6,1
85c7e53e64bf50e5476a429db2cd8403,,0,,1,1,1
87642C1895BB4CA993AA128267A8CED5,0.01812025260925293,1,253.0,1,1,1
877acfdb495277c1229e4e6e3409a126,,0,,720,26,1
87dd1543b60495c89e7a577bd56d9e71,,0,,1,1,1
89532215048e5184707827ce6d39369d,0.011918877251446247,1,146734.0,38,3,1
8a097b98e5c8f224f29bd705595cce0a,,0,,1,1,1
8b753ca8cd46df512920bdd021e1efed,,0,,1,1,1
8c186c70f9143d80ab41e5b6a65259c6,0.0061852941289544106,1,324843.0,37,3,1
8c25e4cfe88364fa39115649fa29df6d,,0,,1,1,1
8c36a81acf759f3f62ee6b0af6579186,,0,,1,1,1
8cbe266be3c37dcfc97662f8c1ebf21f,,0,,14,4,1
8db05127a5f6a8ee38e8b42e708cab21,,0,,1,1,1
8e9fee0c7bb9cffebaf27812d4d6687d,,0,,10,1,1
8eb0236fea7e2a06e8b3e0e388a3c18b,0.004149999935179949,1,1216.0,1,1,1
8efd699ce63b0d6e08b88a9cddd432b4,,0,,541,9,1
915acf631a9641754209bc882a75ecac,0.4195000231266022,1,289.0,1,1,1
9217108a826baa66ec91668454cb76a4,0.1661638766527176,1,492.0,2,1,1
92d7ea6aa61c40cdabfda44811577e55,,0,,1,1,1
931734645b43cff28df2bb7c48e46bcd,0.004622719483450055,2,728.0,1,1,1
972dfd76677267fbdf5de76d39993b71,,0,,200,11,1
983a55864a1ac4e5d99a9f8dd8a1041e,,0,,1,1,1
988452924EB14F2984C4AFF96FDF1D5C,,0,,1,1,1
98921f3f2322c8805b2726d01f3b12de,0.02384115196764469,1,3532917.0,4,9,1
9c145f3f1d9e4f82d28a4d8856ad57b0,,0,,1,1,1
9d40b5beda768db4f3bc35182a4053a9,0.6905294060707092,2,7344058.0,79,8,1
9f2880c0033ce743680ebe5c78ec41ea,,0,,1,1,1
B59F0E5568D3403FB6D277395DABA032,,0,,1,1,1
BBE81FA31249439A853A481882C55186,,0,,593,11,1
DCB68FAA5523409380FBD5406CD80CA9,,0,,1,1,1
E4B5503824C345C8AE2479CC82051A1C,,0,,1,1,1
E66B8AE6627342108E9B9475B1A53B4F,,0,,1,1,1
F6149FBDEDCD46BC8277E721E35F6F53,,0,,2,1,1
FF352E56491C49689CCFBA2BB3FCA8CF,,0,,1,1,1
a130b590c639dae1b5373ba638df1150,,0,,1,1,1
a51272f34bcf73527d539764d6b2cc2c,,0,,1,1,1
a7fcb6b7f6bbbbbd74ad394fae5ec20f,,0,,59,11,1
a8c085d3accd94575f2fc8484ff8beca,0.0018094610422849655,1,396.0,1,1,1
a9a9f94a149e613561119fcb18164431,,0,,158,7,1
aa0f45b00c63e7719a05168013c574d9,,0,,2,1,1
aa8b02544a1bd1383010c93815267599,,0,,1,1,1
aad5252cf7e29ac4d3af376f95785540,,0,,1,1,1
ab27cbc6f94d99f251cd3ce4c403e1b9,,0,,1,1,1
ac013e827c8c66069f1045ab953b922a,,0,,97,6,1
ae04a117d1d859fcf1598f9610c033cc,0.0010000000474974513,1,3078815.0,498,14,1
ae7c1c0181baa9620aec5f0783387950,,0,,1,1,1
aea3451a73a51218ee32590dd8fdecf0,,0,,1,1,1
aeba8d7f0ec5a99ab5b0077a6f2fa593,,0,,1,1,1
aee281b6412b8a1b8b3e468211946275,0.009999999776482582,1,491.0,1,1,1
af89ec0b178cfbd3e4ccbd2f48457668,0.015255765058100224,1,385.0,1,1,1
b17ced060a40a2cc66f341ea604ab240,,0,,1,1,1
b22a1e6ddf94af7aad2ebbd590903bac,,0,,860,18,1
b23bb85d4467a0ad2b5226be614d805f,0.13924731314182281,1,642.0,1,1,1
b2f2f2e4ea724017764f55f62eb8f29a,,0,,1,1,1
b36fddf5b5ab33acfa5fad16ea5167d5,,0,,1,1,1
b445bd24e6ca073ea78386b43a18ab73,,0,,295,8,1
b552b0254f306fde5e8915e9ccdb3a05,,0,,132,6,1
b61f4b1121003619a434aa40cd7edb9e,,0,,1,1,1
b7a485eff4ec15245dcfd1b8ffe57e02,,0,,1,1,1
b8c13509f1e40954ef34d3d907e3e84c,,0,,1,1,1
b8f85ffca4413df9ea9b48879a3fad38,,0,,1,1,1
ba490b1b53143d34a1839cb54c5623a6,,0,,1,2,1
bbb4294d8c564277021dc772a726c946,,0,,1,1,1
bc8077009c303792c0cec7a8a9b8cb05,,0,,225,6,1
be485abbe76215cf190d561fe6756d02,,0,,1,1,1
be54287299f1f2a63d8990a6ab7d735e,,0,,2,1,1
bec604533cd45f2e42832e7427f321f9,,0,,1,1,1
bf1ee1a87442a6b5c7d2ffcf09df88c6,,0,,1,1,1
bf54789464e42823d832580bb57426ce,,0,,1,1,1
bfda64ca73d9295fb00738681c33392f,,0,,7,2,1
c1fef8c9a7fdb4179a26b3941853c0f4,,0,,1,1,1
c269a2d40685fd24515995eef69d4737,,0,,88,3,1
c2f6a164cfb7e2424152b22eb95b111e,,0,,31,8,1
c39f500d869d5f0063824ee5a5d527ee,,0,,1,1,1
c3bdac866722357b958a705cfbcf47c9,,0,,132,6,1
c3bf8d17ce5bf8d9ccecf1c624463c8a,,0,,1,1,1
c40d9b73fe2c8e6a918792b9a98ee082,,0,,1,1,1
c505ee56d5bb0cc7dac9d7e1f90d50e2,,0,,17,2,1
c5773c58b0208836aac7ceeec72ce674,,0,,1,1,1
c5fd50cebbaac956754623757fe4e1b9,,0,,2,2,1
c6d59fc977faa1054a1ed495df96943b,,0,,157,11,1
c7087530971cb60d23bea768b3c4d0b2,,0,,1,1,1
c7da495a99ac93e87413f85e05e5b6ab,,0,,1,1,1
c856c3cbc3828ad83668084e45c27b96,,0,,1,1,1
c94bf3d4959fee38e6c0dd71c854ae85,,0,,3,1,1
c987ad32e1fdfd781b9173d761829155,,0,,1,1,1
cbdaf5945b40bfec0db351d036471824,,0,,115,6,1
cd79e6d1eccb098fc2f3e8db2b157add,0.04214774817228317,1,459.0,1,1,1
cf2f99a04c12e4744f78c03bfbbad627,0.018414482474327087,1,405.0,1,1,1
d01e69da31a436f7c8c7cb15d162260c,,0,,381,11,1
d0bde845710c5bdad2fbef91832ce740,,0,,1,1,1
d159592dc903680ac701bf7ea734d4b2,,0,,1,1,1
d1993578e29ab2fc135ba164c39e3ec4,,0,,1,1,1
d238086b328a5e7a8b6c9a62ee06a254,,0,,1,1,1
d25c0008d7d6750f2608820c8039e7bb,,0,,4,1,1
d35d800dbe45e9483001fe9f37187b2d,,0,,43,4,1
d3a6898345bbe409b575e5a205d4f6e7,,0,,1,1,1
d465b1d82b0fd402c3b0e6d53a905326,,0,,1,1,1
d470b5c225324f317f322ec0e9010f45,,0,,20,3,1
d58d6640d77fdeb7513277b73b67cc7a,,0,,99,5,1
d5a14d4eff69ae2154920c104b38e92b,,0,,1,1,1
d64a8e2c4de203676f206b7f9b203b91,,0,,1,1,1
d65eaab0ea60e987fc84e3d87a36473d,,0,,1,1,1
d6ce944c63f513c93b2dbb4fc7c7dcf6,,0,,214,14,1
d77d12632b6138c127eb50a3efb17121,,0,,141,2,1
d856764936c81ced2f6ff47c16e8fb91,,0,,14,4,1
d8eccc2b92f526aad7eda83fa069073f,,0,,1,1,1
dcc86250db9bab6c959615bbf53c6360,,0,,1,1,1
ddfd8eca43adbda66bfdfff79cf6f8f4,,0,,1,1,1
dec6d6122b80b2a7dda86c6dae04f2bd,,0,,212,24,1
df22130fbb9669b62c5fc8cb5ac46a06,0.02335594780743122,1,474.0,1,1,1
e07a48a59f29641bf58a120bcdf19976,,0,,74,3,1
e3dabe8d91fde798079ba95036e2ea3c,,0,,244,8,1
e47af48ec87df0c460376403ec275526,,0,,266,16,1
e5b86dd483f8ecb3b89651f7338c2fef,,0,,1,1,1
e5d58023d1911d58f5f234acbe8b417f,,0,,1,1,1
e7420f0918cc8bb1bd5102d27f017eb1,,0,,27,3,1
e81ad43eba1a9778924ca449378f0050,,0,,1,1,1
eaa961d3624ea411cb27d061cbd3542a,0.010570138692855835,1,4215510.0,726,24,1
ec7f8261b8b6e21cfdfa9023fe210e19,,0,,1,1,1
ed75b069094d08c529ec6dbdb9c077d4,,0,,271,8,1
ed7915cf4a7c1250f0c62a67078abd3d,,0,,1,1,1
eef73a5e77ca604602dbea29890a148c,,0,,1,1,1
ef8d906fa7bc8edd3030c38c0babd949,,0,,1,1,1
efc3972b92d7475c17aa43fc58a08328,,0,,2,1,1
f07926d037c984843395cc1279af5d1a,,0,,1,1,1
f367188f30e4933ed650bd94cff71a51,0.10000000149011612,1,161.0,2,1,1
f50b2d375b225a3b98d44735ceac1588,,0,,2,1,1
f914aa769424c6374ba780e258b4e3fb,,0,,2,1,1
fa484a7cf5d2018df5583d201277ef5d,,0,,1,1,1
fdee52cb22cc091b4d3e23e137b72693,,0,,120,5,1
fe12ed2c7448d5dc6655550176c6fe4b,,0,,1099,26,1
fe52a225ce88b9a2cf7ff8182ffbffae,0.3775324821472168,1,450.0,2,1,1
fed6dcd200ca92299bac448d52fec1c2,,0,,1,1,1
ff91b69fb75b860574cad9268bb0eb99,,0,,1,1,1
ffb66883ddfee31797015a9b46fb0ee2,,0,,1,1,1
00dbbc9f9f353d5993cccac30e76f5bf,0.031132500618696213,1,3399481.0,626,32,1
05e387ff52e56c977d5b9ce7a8b78cc3,0.0008099608821794391,1,412.0,1,1,1
078ae95f1a46e4a9fdde1355aba7c9e2,0.02047833614051342,1,69776.0,39,7,1
1588a27a2f99b73186561c96e2ebddfb,0.008604436181485653,1,7896838.0,748,12,1
21ae019ea10e5cabe2e9fc7f45271f24,0.03507329896092415,1,325.0,1,1,1
2fa81828bba44c5c8815b0236902b33f,0.01615169458091259,1,320.0,1,1,1
2ffbb809dcb5b46e2640b9509b812189,0.000964319915510714,1,1065631.0,217,5,1
4112a4918e8426f2922e21b03040d98c,0.2021474912762642,2,124395.0,15,2,1
6c07c4c59153962b56049530d7eb6e9d,0.0026961080729961395,1,1103.0,2,1,1
6ffff692ca915014467560cd9af0bc79,0.3481278419494629,1,20284117.0,1,1,1
81A201EF5F1B4B7C9D7EAB9FD10E1F6B,0.1174425277709961,1,282.0,1,1,1
8a6dc72033869536cbe08ba37d998a0c,0.009999999776482582,1,3470235.0,713,25,1
8e7255c3da8b871e21378bd61bd9f88e,0.02002377063035965,1,8179685.0,423,7,1
963dad20700592566386856eaa9749ea,0.011630170047283173,1,190789.0,43,3,1
999809857a8ac24b606e8155c119cc08,0.023910000920295715,1,1801.0,4,1,1
9dded29f9fc71b603431ee237c7f6047,0.009999999776482582,1,2944554.0,152,4,1
EC9323796D6E49249A6980E2C4C2B7DD,0.01303,1,37509622558.0,209,13,1
a1f4ed2a4bd76c55dd22f7d585b1afd3,0.050200000405311584,1,571.0,1,1,1
b6266b7502bdf965c8c884df71a9b638,0.014284087810665369,2,407373.0,111,5,1
c3423eec302efb706f6b90566929da94,0.27075597643852234,1,930.0,1,1,1
c40c285ce9b37927ebe4a08021a5dc1e,0.009999999776482582,1,2571527.0,111,6,1
da0271a035e67faec434776afbb16642,0.03242935985326767,1,510.0,1,1,1
f5782980edcb176e35d62e977626b224,0.002369999885559082,1,5979128.0,777,20,1
0ad04812b4691f18e7e4e0cbe900339b,,0,,11,2,1
9baeffaad25e18a98cd10c0616ca41c2,,0,,14,2,1
04a502365c81679686fa62d17d5f0838,,0,,166,6,1
04afe355f92a969e1d963a3d7f1894d9,,0,,14,2,1
062f808214d98e94328a08d31bc65a50,,0,,71,4,1
06f04ab301cc79a998ba366ebd0cb16e,,0,,1,1,1
07fb7ab231eb5f56c9e3a5dcd4c9affa,,0,,1,1,1
092f1575e40b8aa5796806a166412eb8,,0,,1,1,1
17e355fe0ac065b0e4a79f4e7152d062,,0,,26,6,1
18b9371c886c1445b2512ba82f7ed95c,,0,,2,1,1
1db89ae44accc423bfac001c15df0399,,0,,2,1,1
1ffe6bb340a6172beea1b04f546872e5,,0,,1,1,1
2a3dd265303a90051bd02e3f74878aea,,0,,61,3,1
2dc87c6150e279478bebd16339c2d40f,,0,,3,1,1
2eb0abe40694acc788a4d4dbdebc74eb,,0,,2,1,1
389f74b3a88b8da18f7345046ca88a01,,0,,1,1,1
39b37bfabeabf721294fb06bb0835959,,0,,235,6,1
3b6c958415dbb08a036437d89780a0f3,,0,,71,6,1
3b7d767920b60fc58505c96d294e395f,,0,,28,2,1
4727de92a9b0c3b5a2920418210f9bcf,,0,,17,4,1
4a015f86725e4bf0a1b0e8a82f440023,,0,,2,1,1
4c031e498e814c951b7f1e0dd3cdac47,,0,,1,1,1
4ceaa2d03a82938ad0aae9dc118c4f16,,0,,312,9,1
4f60b281d36ed984125f0d3e8f9fc923,,0,,1,1,1
51c7f51156810c8bff909067c6b0bed3,,0,,1,1,1
52158961fa7e23790606a661f5da4a1e,,0,,14,2,1
5416f3846b163229a38d4ebc7d857569,,0,,190,6,1
549a8bca7e567c07815d925e8c7760cf,,0,,223,6,1
56f3d22f157f063a227c9c000ba8296a,,0,,1,1,1
58575ea70b8346a72e36c102eaa09a6b,,0,,1,1,1
5b0166eb0fcfac72d0c6915aa01f6589,,0,,1,1,1
5df2def95b71dda2b4f796db89700026,,0,,1,1,1
63d1c00a4c0cda080222bfaa3f9c5da3,,0,,1,1,1
6772344FAF6E407097A673F7137D52C9,,0,,1,1,1
67e79fb3fff37433e7b8b9c9130b8135,,0,,133,7,1
7171c07ef6a891470a8850a57428abcf,,0,,1,1,1
745b661b606e2d6fe6720e0b04b04908,,0,,1,1,1
781161180d3c6ee549f87b15864fc269,,0,,152,7,1
7E9CE03B3AC04BF59086E218877D9169,,0,,1,1,1
7b824477e46221866c756da5dd6fbd2b,,0,,1,1,1
7b9fb20c7980e72e09533859a678a878,,0,,1,1,1
83894a13dab0c00d490c6fab9a540796,,0,,1,1,1
8b401100b3d388c9eda8502549ec8e6e,,0,,332,15,1
8bafcece335d9b3dc6b6351b32ed0d1e,,0,,1,1,1
8d54f1ab3e3195524fd72ab51cc4582a,,0,,505,15,1
8ef6e48dce41879bd8a6c365c4d5326a,,0,,1221,31,1
8f187cc91c76a7bd05085912eb26e4df,,0,,1,1,1
8f29bd5a3b1f3fe3b6e0834b63aba8b5,,0,,1,1,1
92d058ee245654dd3ae71f4bc152f9bd,,0,,95,6,1
97c2595e82071177bdd08aebf0353d71,,0,,1,1,1
9d1d90957265ea689adfe71b50de9e65,,0,,1,1,1
9e3fcb3fdc6a7f5cf07a57a2cb477d15,,0,,1,1,1
9e97c7bb547664924c9fb77bba8826ac,,0,,1,1,1
AB194A17979C4DC0A218223F13284450,,0,,2,1,1
B7359814E3E0470A9B836191F49DF49A,,0,,126,6,1
B7391B44DFBE4D6AA15FD44237AC3805,,0,,3,1,1
DF6A2E9F19604C2EAE8ABAA1CEF32B37,,0,,1,1,1
FD105A71F58A4E0FA1F84823064A180C,,0,,3,7,1
a2471dedbbbcd3637949795385c0769a,,0,,1,1,1
a5191ffd5eb8147bb9376a9adc4a03f1,,0,,2,1,1
a8f6e3804494217882865d0225960c91,,0,,1,1,1
abe9d4f274d2557d6acd407ee48cd17b,,0,,1,1,1
b002ab601ffb1116802677b1113895ac,,0,,1,1,1
b1253e4369d7f884deba0709e9db44e0,,0,,39,2,1
b618f6da8d65bb13e1200fe6cf9a326b,,0,,1,1,1
c2129edac3e1c8ef0a9ad7dcd69534e1,,0,,61,3,1
c3f03863c89e1b9f29944fd54527ae1c,,0,,1,1,1
c779db0ae04e67492fb2bfc8e7b413b6,,0,,1,1,1
caa9d04ec8eb126a3deed5378fd08d35,,0,,1,1,1
cd98c10d4daf29e3bef779d63e0b8d72,,0,,1,1,1
d16ddeb582a55e574b42c1fe3f429616,,0,,1,1,1
d25d5c3f78083793c2d25bcf084c1c95,,0,,1,1,1
d31a68c49b0284e2c9a59ab587d9eabc,,0,,1532,27,1
da35f57ac2b1b50572729f15a47583b5,,0,,1,1,1
e2d03269d961325c5dfa014866ad655f,,0,,154,6,1
e82c6d0d02d58157df67572ce0d844c1,,0,,1,1,1
fe00103403e4c8383bdba0f9ea9b2c37,,0,,1,1,1
fe2f1283e9fa0c4fc4e89984cbed5fcf,,0,,1,1,1
fed09a25c3a225c0e11085399a93946d,,0,,11,3,1
0038643de09e180beb12c1365c44c54d,0.17953401431441307,2,10896573.0,7,6,2
013A64FF504F4E229FFD6D9F1D90567C,0.005229950428009033,1,1059.0,1,1,2
01a8d05ccbf5035d03e9ff0f71fb46a6,0.016971993260085583,2,1024657.0,97,6,2
026ec1f540369706d8fb211a7f0d5480,0.07095924811437726,37,239906.0,41,3,2
060ed2754a7c2d1a7251d90e7021dd29,0.05189159978181124,5,3136171.0,307,8,2
06335983fdc88f74a139d9320e9fb80d,0.0345634650439024,2,741.0,1,1,2
06d972e6e2327a63aa2bab187e9e02ff,0.12627262994647026,3,4210687.0,421,10,2
071C315C75E74EA3846448A99D47A874,0.13126921340759276,3,1166.0,2,1,2
071f35093f6055e850ab77f14f829f3f,0.013215944869443774,8,1030488.0,147,5,2
07280c8b8c4bfc5d73ae40ec6095372d,0.00628329673781991,1,82224.0,23,2,2
0784e97d046b8a91c74b932b6ec51b65,0.019811417791061103,9,38538.0,25,2,2
07a3e987a4ec38370a9cf8d78828a0c9,0.19588167034089565,8,1298606.0,152,7,2
07dfefe1c97fb6b6d7f0df4bbeda43e2,1.6978604700416327,110,579149.0,84,6,2
08bb8ec7d606e935c5376b4be9003818,0.01480390562210232,13,3537537.0,409,18,2
091495a43dfbd1dcef06d4d3438afcc6,0.03657012153416872,6,4031744.0,641,25,2
0963689c2cd425a14d5644901b2d9d66,0.0031560369534417987,2,1140507.0,223,8,2
0AA5FC25554F4A52826A8AF62985EAEA,0.13689282395243896,21,3180.0,1,1,2
0BB015B0D4A84BF6BF011ABC651D59BF,0.01182889345884323,7,6897749188.0,61,6,2
0F2404F4B27745AEA50C79F1246C7943,0.022435143617732186,3,65493.0,13,2,2
0a051ab18da5f24d223da6f7f86b8be8,0.13172807183582336,79,658299.0,205,6,2
0b2e660ed8bbe9a87e09371f8289b2c4,0.004452404100447893,1,3592187.0,1350,27,2
0bcec47e89ab5daa6d715986b2a3d201,0.048476583062438294,57,3921722.0,1082,44,2
0c1d5fe39ac3c14c8d2a8bdb0dc4e1dd,0.7594205946661532,54,2764891.0,451,17,2
0c26d0a0e82fc5e22cac45d834e84117,2.2309936583042145,4,42222.0,5,2,2
0cee99ce6f3d325b35fd7a252017b100,0.7843175530433655,30,1969988.0,148,14,2
0d2dd26b155b6d04c122f1df5b0eed77,0.017529919743537903,3,457531.0,54,2,2
0db1d4c053f4e74f20b5243d751c1246,0.10106793977320194,10,139954.0,18,3,2
0e3fc74472c1db08af94e0c5e99d21dc,0.001279035466723144,1,2267256.0,662,19,2
0e6b66ef74c5b698882209cb59698b02,0.15849884095950983,171,1305240.0,236,12,2
0ec2f6190cffc530e9f6eab1083160b8,0.07653039589058608,24,44356.0,14,2,2
0ecf350f78eced0a176538129f69f200,0.28156055603176355,16,938675.0,233,9,2
0fce0fcad2a58769a583421557d9acd8,1.8295943085104227,22,1378.0,1,1,2
1048faeb56cb52d1f52bb69ac9965370,0.4580272948369384,65,1265535.0,293,10,2
11a701f72ed366b4fc17ac8adab569d7,0.020425057038664818,4,5247257.0,1586,38,2
13e663382415ab64cd7a106b1324ed45,0.5182170104235411,34,155542.0,20,3,2
14023ff63438d40ab590a92b163574f4,0.013557658181525767,6,17033.0,9,2,2
150d8202fc0eb01ccba6bea8e5321fb2,0.009999999776482582,1,813069.0,96,7,2
157A8B03C16445F3879A17EC6A47C087,1.1787610871538021,86,5198103480.0,19,7,2
15c0708bf42d9724693b77e83b042423,0.0537196877412498,5,118170.0,20,3,2
17b1029cc0429ec2650c2afa5a8c20dd,0.02453485829755664,4,1385517.0,370,11,2
1832e8ba350eb0760dbf0db4e74c8e9c,0.010475416551344097,11,424200.0,70,4,2
183e6982d02ebdbf6dddd218191ab857,0.17561763897538185,3,1444181.0,316,14,2
18f04016ed9ef01af45dba012b0bd419,0.0430786544457078,4,1963876.0,41,2,2
19198c7e48afa967dfa3f8929eb0a1f7,0.042261119931936264,1,12937670.0,11,2,2
19807e1fc051498827de595612ad469f,0.06479512737132609,14,4700470.0,1212,38,2
19a1b1449d9137ea3a55178a6677c907,0.16393023915588856,6,1333.0,1,1,2
19ffd4c0b2e327c30604947746eb1d3e,0.05359583906829357,4,1181.0,1,1,2
1E9D5E590BB048839A514B5E02AA454E,0.00818042945861816,1,141792613600.0,659,13,2
1aac0be7eaec718f1840f789594bc015,0.7702104151248932,4,1459.0,2,1,2
1ac4f3141ef9b5a6089c7a4562ecc144,0.008242350537329912,2,648584.0,28,2,2
1b3854a09ff50b2e37043d21927ee3af,0.1833210348704597,103,1213993.0,238,7,2
1b5864341dbbaf94a359ea36d0ee3a7a,0.04503034328809008,8,25031.0,4,2,2
1b6bc525953d0de510698635512fa851,0.2721783798187971,8,1931906.0,468,10,2
1b7799ab83da9bdb4c0157994e96cea9,0.051577829755842686,5,2239.0,1,1,2
1be4f05a4e6f8e82ba48a7630ed86369,0.20494753494858742,9,3352.0,1,1,2
1e173535f7d4153d3cb9dc0f79eb78cf,0.040034505538642406,11,3555401.0,271,11,2
1e3056cb49d12adbcfae918d249651c5,0.3863449729979038,9,1720056.0,435,10,2
1e6f32b64c0dcf4d1ace47beb84f375a,0.014744432643055916,14,2711215.0,437,17,2
1e9d36fa48a7499ad145482f0a726bcf,0.009282488492317498,6,4332961.0,1894,32,2
1ef91b8902015319676b6550c54c2cfa,0.12386946100741625,6,1051080.0,167,6,2
1fdcf4131c104a498280b75135a378ac,1.3431754354387522,73,174332.0,26,4,2
20B49B19B11748498125F5DD47671AE3,0.1592057444215242,27,3466190539.0,155,4,2
211d2e47c17fb8a045f0a66f6c7c0d3e,0.038229566998779774,7,8687915.0,362,5,2
21697d31d1974d461bee002b04a7e482,0.4995550982421264,49,95123.0,13,2,2
21eb542e904cdd3ba37ff1e5163d4019,0.15744401700794697,9,341886.0,102,4,2
2286DA8090734F8D953EAE140A432BD0,0.035154373382804874,16,2817.0,1,1,2
236a2df01fcc6d1543c42fd2b26feeb0,0.03663743496872485,21,2606800.0,496,15,2
23ea81649595667c30f68d64b314a698,0.3928235429339111,82,552993.0,234,11,2
24007594c6dc6a78b533b68680acd15b,0.38041182793676853,32,199302.0,30,2,2
25c697ad3704273b5f77978c7a13d82e,0.10309213260188699,13,2650.0,4,1,2
25dc1e4721019a3cdbe902558c305a99,0.004212765023112297,2,4528957.0,677,13,2
26011747e1544a2fb139670ddf485f02,0.0241346696857363,12,664552.0,160,6,2
26022f965ea3677e86fe2f2e67f795d4,0.3111596815288067,12,223399.0,25,2,2
2627d9bd372385e916205725f50a4399,0.03278301912359893,8,454751.0,107,3,2
267e861d8765c9232397674c8b12a509,0.0010000000474974513,1,11211922.0,7,5,2
26b67bfab0eebbf10dd41d1a9b77daeb,0.010376727674156427,3,4521784.0,833,37,2
26e7bd35f54291c73c9a1605c38d3f82,2.888980686897412,99,34588.0,4,2,2
279ea4633658c671e505cbde074cdf99,0.23509277938865125,86,1034823.0,168,7,2
27c3e850a32d4b55235b87603723521c,0.016486572101712227,1,315767.0,17,2,2
28023605433447b1c302c596be3c8c6d,0.17564330343157053,12,3737824.0,687,27,2
2841101d3f0c9f84850b71daa289a9c3,0.3526021530851722,25,444172.0,88,3,2
284689565AA24C78A3DBCBD00F1FA338,0.01429464721679688,1,22894.0,4,2,2
28b0a7cc13fcb8f824a0404316111fd0,0.030459423083812,11,39371.0,7,2,2
292EB40199734F8083FEF42B282E1672,0.0125962028503418,1,285.0,1,1,2
296261763d4c89273a24610ebeecf4d7,0.00916459399741143,7,2728088.0,96,6,2
297E177A484047DF84128AAA5AE7FCEB,0.12087329831667398,9,6922480000.0,209,6,2
29A23926BB934CE58FC78311CBF99809,0.2784039659093107,1,1912.0,1,1,2
29b5f2c6722e15b2732c37959cbeda5e,0.15881588158663362,94,7582038.0,4,8,2
2C77BEF5211249019A5092836A735C90,0.07484366488202729,11,311351.0,136,6,2
2a2375f92c8e5dd04ff898387cf7becf,0.05380379070993513,24,1184371.0,298,16,2
2ad0fea446628f9385e04220950f54cb,0.0068425447680056095,1,3506.0,3,1,2
2b16186ce97d6ed01e186b3c3a1206cc,0.005381370312534273,4,3381290.0,289,9,2
2b5f7accc0832e67a0d6bc7fba3a930f,0.13668218767270446,14,358356.0,64,3,2
2c00b5e0bf09c4b5e6d3ba44de40a488,0.08590999990701675,1,421.0,1,1,2
2c8d4373621038a0f8f3345f902acd93,0.003873121924698353,1,18314530.0,1,1,2
2c9860a510a984bcf2c4ce6e962c992b,0.05282617988996208,18,1525380.0,222,6,2
2ca7364e6bc908f8d66a93bf9c1aa36f,1.3735640048980713,6,2448.0,3,1,2
2d7f3a41d2c3e117bb6d52e601e3cb6e,0.008179999887943268,1,856.0,1,1,2
2d85cd5308b0e3d072bad3da43f36c75,0.1208695936948061,4,719473.0,205,6,2
2eec675c3394e35c1092e235e6f5edd4,0.01446928468067199,5,95251.0,5,3,2
2f0bd0fb1cc35635423199140e99326e,0.09727840579580516,28,1785247.0,87,6,2
2f1f8c1a1063e9889669e13e7a19c0ee,0.15013456949964166,17,67370.0,25,3,2
307c62591cbd3d9a43740c13daf842b4,0.023910000920295715,1,3585.0,6,1,2
30d15bcdcd354543b2595564773b2ef5,0.02374144271016121,4,56759.0,22,2,2
31aee9a2a68097a1500e7d331166b4f5,7.141479216516018,31,232555.0,43,2,2
324d6c1039cb30946e02526b7dabfb97,0.24009386403486133,22,43443.0,6,2,2
33361dd6c09bb55f14711324970e5bc4,0.04024497652426362,9,415246.0,212,7,2
334F21FEFC46494B96B59D404F15810D,0.051310705696458556,11,31015808971.0,1548,28,2
334c7528c2606523d725f88e2a161e1a,0.0059116617776453495,1,635978.0,61,3,2
33518ad2a0d46a0dc1243957fb0dd34d,0.017710036132484674,3,240346.0,26,2,2
349d8ac23adbe4a669f92082161452c5,0.030722247203812003,11,138296.0,214,3,2
356f82f3c32cd70d1315d2011a0b3d6c,1.5801936648786068,34,378515.0,114,4,2
35e3c2ccb196d36b1aacd5f5da6003f7,0.054836037568748,15,432793.0,143,6,2
35f282cc8e8d955fe5d0256768c59bd4,0.13018857780843973,12,138555.0,12,2,2
364172e3be9315cba98d33ed93bdd67d,0.08920599182602018,20,1167090.0,102,6,2
3652db3251620c72173b7a9a4b4d64a1,0.004094265401363373,4,2322144.0,127,6,2
369EAFB74F0B4380BAA42858163912E8,0.18652333437699162,26,3466201671.0,175,4,2
36f7307c1573fc4af5b8f9450e931729,0.0034046920482069254,2,83485.0,19,2,2
371270cf3ee94441cf2531de8fd81ec1,0.04656032845377922,2,1765.0,4,1,2
37e159af8c94557d76e8aea542df46d1,0.10401147603988647,4,1642183.0,186,6,2
380ab1772cf2dd45a438a7c3f09334dd,1.3623936418443918,6,27948.0,8,2,2
3814f224e09f394fdb47d1877a6e5019,0.7923431843519211,3,189535.0,2,3,2
38da444bd3ece19a5c98a108c81e3a38,0.029842739459127188,6,499234.0,19,2,2
390ee58dca22ffad3f5aba109e98a27b,0.06920355593319982,120,1298396.0,137,6,2
39c1a355cbb15a9f5039e2597dd0be31,0.000555848004296422,2,7256.0,5,2,2
3A022FE102C948039A898C2CCACED9B5,0.49283262252807614,8,12123000584.0,92,5,2
3a9802ad4cafeffeb90394aec0f02847,0.3175457138568163,6,1082.0,1,1,2
3aea96b5d7c74f427740510aa181c845,0.5055716633796692,16,25325.0,12,2,2
3b7109c012910bfd83863070fa8deb09,0.023894839803688228,20,255251.0,104,6,2
3bbdbb35d2b4c89156e24f6ba12b15c6,0.011834596283733845,1,511.0,1,1,2
3c2f7c950d74eaba22c8de9887a9afdf,0.33902680687606335,14,604370.0,133,6,2
3dd2b6a631c6d843b6d21bdb6826c905,0.336403694935143,22,1218298.0,121,6,2
3e134b6acb8f06678b844fd8c93e60bb,1.2367776650935411,17,179849.0,19,3,2
3fb1fb9b0a34a1d51881c76e5c65aa6c,0.05960194558429066,118,113454.0,14,2,2
4024f00f1369a7e3b8e281177f497daf,0.1816234349971637,32,,458,14,2
4107c2252ea0f2190c7cfc7137b21dd9,0.021135558956302702,9,881294.0,102,6,2
415125444b0430d07531fc5307f7aa5e,0.04261534375837073,42,10429010.0,728,40,2
419161335c11e22c9ce5dee7e897bf63,0.26820712932385504,20,24516101.0,40,9,2
41ce45937006bd007ea39af46a7e9b19,0.04922883547260426,31,3620.0,3,1,2
42f20b15f0e9ab9a3158a0be0904ed81,0.15534983179531991,22,2503733.0,110,8,2
43845afe8fa3ed76c3ff74bf3c9ecadb,0.21326079964637756,1,455.0,1,1,2
44C45B98A28D42FE9F08AE9563C189A1,0.02928110388046265,4,6871377943.0,288,21,2
457517da630d763a1475a24d009f5d7d,0.26496150344610214,3,1018.0,1,1,2
45edaf824693510f5849399ad37b425d,0.02637000009417534,1,1675.0,1,1,2
4670958a6fee6ca5c22833c730b5d3bf,0.057991620153188705,2,5280522.0,488,11,2
472119cac42c118626afa044049e4813,0.002726949693169445,3,117228.0,47,4,2
47234b27869f34a2c09395990b4acb02,0.26408841740339994,32,164108.0,25,3,2
479b8dcf7504180108a5f596d294c90f,0.03655818442348391,26,164847.0,10,2,2
47cbb58cfb11882177d680ac5b70d41b,1.2616391759365797,29,36240.0,3,2,2
4858bb193bb069c0dbbb6af195f150c8,0.016012268140912056,4,1623.0,1,1,2
485ffa9abf997544768c80ce50c26682,0.08057304518297315,16,3616238.0,59,2,2
4AAC561CA08D43DA92A5766324F6E146,0.05856935691833496,5,6248391.0,764,11,2
4E1AD0304FEB496484D8820CB41633F6,0.9727535578951951,20,10311159636.0,247,12,2
4E7FFF075B7D4C078F739D50218D08EB,0.0254427700936906,10,1734278808.0,48,3,2
4a705a7843c5a8ba1893ab223b60e42c,0.8558276183903217,7,2191.0,1,1,2
4ab601c4b0e51a29a2ed260572e69286,0.021547279495280236,17,1975312.0,228,9,2
4b82a2c8525e96286e7f71dd835e3981,0.019328209338709712,3,2420.0,1,1,2
4ca87c0445efc01479e897dcfe34e4fd,0.04066446970682591,16,443254.0,71,6,2
4cfa1430da03d25a76d77c8af3fe916e,0.8444215161725879,16,149472.0,14,2,2
4d3edca31a9a4ce18cf9ebbdfed8c376,0.06461929017677903,17,4382163.0,435,7,2
4d85d194f772b2e5087116ceca1bcae3,0.05768485926091671,2,541577.0,4,1,2
4d997ca6c6706bda6373bb90df59434e,0.28478938713669777,8,1881712.0,354,28,2
4e698bc42d2ce767191ba7fa4ee11166,0.04712354950606823,3,947.0,1,1,2
4e7f4087bbabd543454c5a8a2dd2594f,0.0037302798591554165,1,1963405.0,340,10,2
4ed24656bcb8d16d78385b0b6535aa8c,0.004527604585746303,28,1514438.0,429,5,2
4fcbf46cb79bdc24a321c16b8440d678,0.03050838068156736,89,1770294.0,66,11,2
4ff51edf2d1e20c3ff2e6c898dd2aec0,0.00651614717207849,4,1393844.0,200,9,2
512be54452bc45a2038ce6a2c7dfdc3f,0.22470211668405682,224,154795.0,34,5,2
512f46450a822063b21933d8a44c1ec5,0.023850069846957922,4,624468.0,109,4,2
5188ac4a67814d4526e768301580ac96,0.050829822197556496,3,1059.0,1,1,2
51ADFEE37D414D9FA0FD0707108698EB,0.03064,3,83074519106.0,303,11,2
51a17a41b811a7cfa799fac7d5c0dd3d,1.6841816306114197,8,93105.0,10,2,2
51b31a5601b38f8e192a0db3022436ba,0.03719960106536746,16,,51,3,2
5229067ce0a9b9b0083fc18c1ef53fb2,0.014384248235728592,16,706174.0,62,6,2
526284d82af7af6a1517ea9ddc2ddae3,0.1294487863779068,2,637.0,1,1,2
53bfae0bb35504d1c8c3939cc1d43304,0.10703685134649277,9,832012.0,137,6,2
541dfb6cb731c27a99c8b8c60ab417b7,0.7140332460403442,1,22300072.0,1,1,2
5433f87dc62719b4e6a247d532a4aec9,0.03288748301565647,2,801.0,1,1,2
5480a15ede7abc879638478678db038a,0.004231906190398149,10,6481864.0,1763,28,2
566917c53d26b49428bfaac40b8904d6,0.005650838109431788,14,2004648.0,332,12,2
567e0dcd532a71cf830f5833abc59c83,0.24179181456565857,1,825.0,1,1,2
5688c33f306329d52a3c4d5c4741ec5c,0.004054514691233635,1,1146306.0,778,8,2
56c2bb486d2fdee4db6c65fbda140837,0.04247591644525528,2,3612328.0,29,4,2
57384803b3d216ac9121e8eb9b1daaea,0.04407842876389623,14,14184.0,2,1,2
5761df19832b8c41f35e74c79a7cfa46,0.0020784703083336353,2,1358708.0,195,6,2
57E772AD62944824914AF0CB0B928C07,0.15388428770173163,20,263399454024.0,264,8,2
58257b87ea46029af4334f473960727a,0.009739779634401202,8,1661120.0,159,10,2
583fe49835ebaf688f12792aab5f9ab6,0.14543724106624722,19,555313.0,306,6,2
58a54608f19c7e662c946e5c68e9a8b0,0.025910204276442528,4,17149673.0,34,3,2
58b1a1132368a394b248594c58a251cd,0.03536711889319122,24,1665149.0,192,8,2
590c7261e6758786831b1bc21a43c7ae,0.017940341029316187,5,21584841.0,4,4,2
590d59db881674b2c31ac5325eb65bcd,0.338308792328462,57,370354.0,174,5,2
59c05686412318655721b31bac782241,0.02019130447297357,35,1450708.0,157,7,2
5A32BCC70F1C4BAC8367C344D8DBFBE6,0.05369758048046874,3,899.0,1,1,2
5D51BFD607D74496BBD593C2950A7800,0.36473510773091083,26,1228571.0,97,13,2
5a1e79e46d2c161d0d73130511106e5f,0.01924420613795519,2,82346.0,262,7,2
5a5d33cc5091ecdf1f42b3272a8b37b7,0.19642150215804577,5,2351.0,1,1,2
5b0941f884ccdaede6222d0ab113d744,0.006930754519999027,1,2902920.0,76,6,2
5b37deb7c3446c2ac31560a4d9d223bc,0.0023082662373781204,1,279076.0,98,4,2
5baed672de61f4ed33c6134ae7916cdc,0.04626889154314995,6,236423.0,49,2,2
5bba61bf71832b7121fa05dbd5b45760,0.03563857963308692,23,892349.0,162,6,2
5bcd20e3041696df19ecdcb7935bd5ac,0.019596258469391614,29,881943.0,315,5,2
5bf38ca3d44e3e8459a5a4d843716c0d,0.051251673663500696,35,2170604.0,90,6,2
5c31b5c43cfaf33a890de1866e4dbe76,0.11067766044288874,39,18046183.0,151,8,2
5cf2cb2ab7fb1380688e747c938054c1,0.3769847024232149,15,2761101.0,131,6,2
5d111da13a5b2002c2b7db5544c522ac,0.1912950098339934,156,1663275.0,570,10,2
5dccc5e0ccd4ac5ce68442b26bdf9273,0.11682631261646748,13,18627408.0,419,10,2
5ea6f2358a41dd850a5dba423fa4e25d,0.02221117028966546,7,1244645.0,72,4,2
5f3619cd993d04ade2c004eab26bd460,0.10846180329099298,15,1181706.0,66,3,2
5feff388177cd21d57d7b5b1fb33c706,0.009840393904596567,4,1125347.0,280,8,2
61c114f89ea666a96124cb82c91ab1fe,0.014592751394957304,2,29302.0,11,2,2
63572c54c230fdb8610ae78cddc5300c,0.03034509252756834,3,4280304.0,68,10,2
635aa5c982c60c732c5c176f60ab4a3e,0.027410099981352687,8,2822.0,1,1,2
636d80d3ac7a1b8bea1cf118e02b6909,0.09390574513236061,35,179544.0,28,3,2
638c807033388b25b05a96947e548ec3,0.07577255670912564,23,1835565.0,123,7,2
63fa6143ca31c631edd1dcf99999b0af,0.5655737142078578,51,189577.0,33,4,2
643CEF2CD6544513ACB429CEA3FFE01B,0.27755856977019994,15,27492950082.0,179,9,2
64e7e5b7caa64baf8a4b601e651fbc35,0.026684376876801252,4,128320.0,37,3,2
64f6773206781d94f7751f430efe3f14,0.0870782695710659,3,972.0,1,1,2
653b113d13f35f0f1dfc18f17e13366a,0.0016469027614220977,1,83461.0,5,1,2
665106945246034c6cf4d2c11099dd84,0.07986298704054207,28,645795.0,40,4,2
66685fbc72e016d61a72950ec2be21ff,0.005033292982261628,9,188905.0,50,3,2
667d9a6b3cd07f618f6728c5e72b9c82,0.0033450177870690823,3,2042285.0,63,6,2
66937864526c5d018613db73614ebe86,0.9872445315122604,6,316700.0,38,4,2
66b2a517efe2f972176fc0975076882b,0.04351347917690873,29,6218053.0,74,10,2
675d38e58038bb4a2b16e844c577f5f6,1.1433110535144806,6,808.0,1,1,2
677b072439319abfdb9d55f460eb9c81,0.10708372853696346,4,1054.0,1,1,2
678c812f05d4146334304dd1df83292c,0.21221624314785004,2,1262.0,1,1,2
67F8B32185AF441E9B40F6BE4CF20BC9,0.5937954044513549,11,1735178815.0,29,3,2
67cb7c9cb1805eac1736652be8fe71de,0.06105073168873787,3,421025.0,196,2,2
68895f256a9b7afefed64a67efe543b8,0.11749958922155201,19,1374563.0,175,8,2
69225e4857c47151baefaa77cff4702c,0.00401894812239334,9,4507172.0,775,18,2
6943b22e5f8c2506cef661fc8009bc66,0.09072373941307887,76,88777.0,26,3,2
696f3c0c3d156f195be56dafbb22021a,0.00197508349083364,5,288978.0,73,3,2
698e30344e8027e244021c7c80f07516,0.07296428826521151,54,683650.0,180,7,2
69ae3cfd3b198f3cd714dc6770d8282b,0.05225205223541707,14,426608.0,33,4,2
6CF1621326B54657A5A42F8184083225,0.04214514943037824,14,62268750864.0,550,13,2
6a626c53f496c5ac06311555d7787f72,1.3415096700191498,4,2182.0,3,1,2
6a9bbd7a9d66ab8c740a09c6d5d95a02,0.02879355661571026,1,2073.0,2,1,2
6b2881c14a99768da3b5f9efba86a14c,1.1638921722769737,7,1343356.0,104,7,2
6b30d97feb52b18d0dbef4ad1032efa2,0.019531435798853636,6,959.0,1,1,2
6be09b7953d71985b20224fcbc42f886,0.8867359012365341,6,1509.0,2,1,2
6c563e5620e5d77bc1df1810d962581c,0.04773117776494473,29,590380.0,133,6,2
6d9ffe31bfa42a13c9a59d9737a5ea62,0.01852558588143438,12,504357.0,109,6,2
6e9c70174043945d238d27ed606f1867,0.046051279292441905,26,3772196.0,500,8,2
6ef167a538d4d6e0d6c1cde5b6741fa0,0.14306677531567402,231,112299.0,23,4,2
702f5551a7f73bf171c3e5cc755f2c16,0.015188192017376423,3,5304611.0,996,25,2
70ec6567f5672d8173dd807ac43e9600,0.031808385625481606,2,11990149.0,108,3,2
71a414c8a81643cc711685f131190db1,0.15065435133874416,5,23872741.0,3,2,2
71e35bddb23b6f0c42138ed8fe4ac716,0.18213209509849548,1,15412500.0,2,1,2
7250289503c80fd7fba30ccd3194ae1e,0.01154564693570137,1,589.0,1,1,2
72a49e5eeaeb4ddcf41040fe09062a5f,0.0350942094810307,3,734.0,1,1,2
737b4e8677bfc60595c3a1ad42fcfc19,0.18424836732447147,10,3441977.0,615,16,2
7427B3B9DF3F4B6DBE49A3DB11602608,0.061058944702148434,8,150963.0,24,4,2
74b36a59b08c665714af70d53750007d,0.1084555898560211,29,1879468.0,351,11,2
75042c585ec9ad82880d862d66995c8c,0.003633280051872134,1,117797.0,25,2,2
76436b3f5514b58bc47cd87650571b33,0.03207490220665932,1,552.0,3,1,2
764b26289d796fe8d49de8d0de4b440d,0.019625399901997298,15,100524.0,25,3,2
76e8eb75f4bbf8ea13c8b5aa43a0fbf1,0.3696730025112629,5,101298.0,4,1,2
7702b4a7ff027a61c64bb0c581c7632d,0.08596681570634246,66,211210.0,49,3,2
77ab97ee8d8e0ca3fde4d147368ebff2,0.16360906325280666,4,25692039.0,7,3,2
77dcf00fe029f1c1c52a373a4bdf7d51,0.18106125574558973,58,811858.0,62,5,2
7800f259f08fdf432056bdecea669595,0.054260279634036124,32,837485.0,49,2,2
79a8531322436c45f0ce9655ab2a4396,0.020570313557982445,1,1523780.0,346,6,2
7A7A036E446B4CCC8F32DEB6CE1F976B,0.0251502628326416,1,8603080115.0,390,18,2
7B6913B4D43A4EB48B0609256A89D3B0,0.1,1,2017995.0,527,17,2
7a6a736cbcd6822eb040a1d58c666b6f,0.47615844290703535,17,853.0,1,1,2
7a6c8eeb7c93aa49a7dd6d2b61d0cf26,0.04746183007955551,1,10471184.0,34,3,2
7b5f9d828eee805cf3e04dd512d0020e,0.02487768861465156,7,4270.0,3,1,2
7dc251899bf8bd1503abf64fbd5f89cb,0.10955480020493269,5,1196.0,1,1,2
7e11cf5e27164aede52b54fc531e7306,0.059658084297552705,12,950.0,1,1,2
7e2efd887ee6a5937f2767d65c45880e,3.2568890899419785,9,3624.0,1,1,2
7e5331db9b71b064cc65dc1cf9ae657f,0.09560278989374638,3,2236789.0,225,6,2
7e9332286d107707c4ae8049558c8ac8,1.4465011907741427,27,193404.0,12,2,2
7e9b4ad1fc6f1d04c01984c09dfea669,0.020816708798520267,8,279516.0,10,2,2
8014b16ad5d34da431d3daa4ba8f6ef6,13.814005196094513,13,1375.0,1,1,2
80a68161511ad6afb52a423cf8440c64,0.9860725067555904,89,16467378.0,28,3,2
81988f26c570c69f68929b9ad88d4a2c,0.03273274004459381,1,543928.0,235,11,2
81be9823cc31f14a0888d562aa7bfba5,0.011717809946276248,5,1715209.0,269,6,2
82390b0f5ddd4cb63b4215c8354bd0e5,0.5333646051585674,9,21174877.0,1,1,2
830288AF3CBA475DAD63627C97935D16,0.023246169090270996,4,1731644528.0,55,3,2
83c8a95303fc45e83987ac569c76cbf9,0.05297510884702206,40,369851.0,126,6,2
85CD25E5E6DB45ECB99CD230531AE118,0.021619509371795652,13,22531088551.0,111,5,2
8605341cdc79435b99ce8bbaffcb0fe2,0.09329546242952347,2,,17,2,2
860634f7893244c041b5bd3749120132,0.16717443621018901,88,1535590.0,193,16,2
86c21138b98784356ea9663ac3312938,0.024149456527084112,3,481088.0,99,6,2
87C0044198D64A448BEC52896F1D5E29,0.08563720703125,1,14482.0,17,2,2
87ba3d7ca414146ba79816e0c6a76680,0.14071077853441238,2,846.0,2,1,2
87ea55038e4ff76aa8c8dc17cd16af2e,0.05896509229205549,35,2185171.0,44,3,2
887835cabd8628bb96b7bf380a8f5b60,0.4636557698249817,2,858.0,1,1,2
88ecaed23bbe19e96061093cfff1f456,0.0141502762271557,33,1072319.0,283,8,2
8AF93C28D88245F298BB4D7BA0DA7C54,0.48262997996875,10,21094.0,11,2,2
8a1ae151c2c56a2588d89aafb4681e97,0.032677020877599716,27,423641.0,94,7,2
8a4562377c280dc85066081d54671cb6,1.5248498041182756,10,1706402.0,20,2,2
8a708d2098b2e141f470d2fd6f139f7b,0.001800020385417156,7,1741794.0,188,8,2
8ae3f24a313f8b0092812effa2ff6161,0.0030433640349656343,2,166560.0,75,3,2
8b8fc575ff70f58323bf58e9aa37c26a,0.12033462128601968,38,1097604.0,89,6,2
8bdf48d55dd761375c6c025939d4351d,0.07724704965949059,6,22145557.0,159,22,2
8dc06793e7aca2edfc4219b1780be96a,0.12793544679880142,4,540.0,1,1,2
8e3010e7968e674a0a76f67164ca3d19,0.39416704699397087,9,1726.0,2,1,2
8e3a314302c44a8918fbbe0a67a76e18,0.02483450254658237,22,2812686.0,125,4,2
8e661eabb05da6fd6abfacd3a8593e68,0.0037710845208493993,17,2684449.0,268,8,2
8f24eb658a5c835bcb58572ea9e14bfb,0.01537229772657156,1,1151.0,1,1,2
8f3f8f7715997674c1de61c6401a17fc,0.5330605590716004,23,396635.0,30,3,2
8f652b0bab5fda540293f06ee11e1a05,0.01190514862537384,1,1743917.0,213,6,2
8f753dfccdec09a52c6f37b1e2f8701e,1.3072468787431717,10,57661.0,6,2,2
8f88119caf293e2252dc1c4f139c0dd0,2.259531557559967,13,2311.0,2,1,2
8fc843ecc716176450a1d8ff31acf2c4,0.18896197527647018,5,14706238.0,52,9,2
9159fc1ec669d674a40044bbef9e40da,0.025576053420081735,13,3495498.0,204,7,2
9246d11df47a361f733c79054eed900f,0.017971334978938103,4,806.0,1,1,2
92cbdfc46c19e40aa2213e475c0c84ef,0.065357587300241,4,97651.0,28,2,2
92d40ffd7056162c4e733eb74e29524e,0.00947753177024424,2,779.0,1,1,2
932fc61627359d75fc4a3787c6cb7f5d,0.09975684699020348,93,199794.0,23,2,2
93bfc86a84643c0f9ef703d273cc6ae5,0.002403857419267297,3,9615793.0,238,8,2
96cdea5c1164a75a9edc1028b9e14869,0.016072424710728228,10,4028117.0,491,17,2
97dd690ef99597f3683273b8193a3650,0.010214318172074854,9,1301748.0,147,7,2
980e4d2182cdbb148ff82efb460d5f9a,0.017107257241150364,37,1280237.0,267,6,2
9952c7cc0119b615521c9cb6b9512e5f,0.1696713767014444,22,43129.0,15,2,2
9979821A5B5C450DA737C3FF59C8FA86,0.01107,1,636.0,1,1,2
999eec7ae96a30d12eb4882c064c94f3,0.07153445668518543,2,932943.0,25,2,2
9a92e322fe7aa730a9082a6824eb81f5,0.04266037908382714,38,2434208.0,379,19,2
9ac8ec462abf7a2f17512e97606ede5c,0.6340989246964455,7,1053.0,1,1,2
9b02484fa48a8010301386286a8a6889,0.009854828240349889,3,7382.0,6,2,2
9b400e82079ee900334d26e67b7dc3eb,0.006896657985635102,3,23947331.0,4,3,2
9bbf54759e9dfe90d33c8a8b563438fe,0.13543548807501793,12,874666.0,144,6,2
9d92a7a56c8c2e2ec3f9bff29ac5909f,0.04315244604367763,31,334871.0,77,6,2
9e9441144731255a0b21568074cbb453,0.5375148635357618,14,1429224.0,33,8,2
9f374da55148e62cc9d10abc6fd3b008,0.03076808899641037,17,24906.0,11,2,2
A067A7044287476EB8FEEFD58CBED64E,0.025223095417022705,3,38151010713.0,69,5,2
A91A8C3A549643B3909463AEDEDB605C,0.03585863971710205,2,1713099546.0,267,5,2
B14950AA66B94B9686B0289198A72192,0.1255497576522827,1,5184016924.0,478,9,2
B239F0286B484720A8E7ADB3E07DA689,0.22312325546247863,49,1521017450994.0,1040,43,2
B2EB16F6091B486AAB235F729FBC129E,0.21884391021728522,3,1148.0,2,1,2
B33A1F9E9F424B76A4E5D201FA6914B0,7.442456448432617,49,11752.0,3,2,2
B865920549AC482B9F1582F1AD5168BD,0.02118739318847657,1,5196630377.0,66,3,2
B8FA58D7BE5A40C48B0B958D60AF048E,2.9433926696777344,4,1740191542.0,4,1,2
BC15D6ECF8EE4054B35905D9DCC080EA,0.1320134429931641,4,609.0,1,1,2
C0506036F0F043D4B396EFBC3C458761,0.15449226384953008,22,24270995479.0,241,6,2
C1B8855342DC4B54B67039C24B936A75,0.7990049214852992,16,69412.0,29,3,2
C210A397C1764ED48B8E96BF99756616,0.03266732406616211,2,886262.0,22,3,2
C3191B48D5A0472BA5F52480331BFA0C,0.46864428937041036,184,39786564883.0,310,13,2
C6E5E440F9654435B3F65E3A6CB8737A,0.045386107217041026,9,3445318348.0,246,9,2
C880EBC35C764A6CA3415BBA91BCC80F,0.06678976373869323,13,182089891413.0,102,6,2
CAFFFA0D354742ED827F1CD56A37286D,0.44227729330438237,27,5205253016.0,14,2,2
D06E541149774A50A8C27FAACD875F9B,0.05628654081878208,9,6917067908.0,375,12,2
D6B676E3B6594B54A69F97E815D8ABBB,0.01494182109832763,1,1043.0,1,1,2
D7899EE6FBB34F8188BEB66B3B06FCA8,0.6726396411996389,196,91673876627.0,498,16,2
DFEC72231F464D3A8981115EC756D657,0.19314121999059403,6,62311649328.0,189,6,2
E5FD7518C76E464DA61532EBE16E0584,0.1985209465026856,5,239261519405.0,208,6,2
EBF3F0AA1F564240A07ADA7FD0AFFE6A,0.1219912948608398,1,5206324779.0,474,24,2
EC5B91A787194777BB424B5BCD5F9486,0.08391759163589704,4,6937820959.0,46,4,2
EE55291C87B84353AB063A75665E15A9,2.7595496215820314,9,32950841204.0,94,4,2
F5101DB5C93541559AB47B0687AD23B7,0.17373473068190246,16,1115.0,1,1,2
a0032ba2022998f78358074711028486,0.0043086272198706865,3,288043.0,50,4,2
a018adbebbdf9f5878adb4830f094a19,0.03712869714945555,3,7855545.0,102,16,2
a02af4a92e99ac4bdf6d037c5baa5001,0.15303148876409978,58,2935231.0,567,27,2
a042fc67712ed9bfba9cff868601f5fc,0.013911023852415383,12,951421.0,98,6,2
a0723e4a97a0e2ba2b2ef8bf24878e13,0.012812511820811778,18,19277.0,13,2,2
a19a4fc771ad403daef98f91f9faa15d,0.18362489156425,13,1047395.0,95,7,2
a22daf5dd72a5262b28f8057a7145ed1,1.2820720076560974,5,1798.0,1,1,2
a26bf533c0e381a8b77c5e969cea1e20,0.10285670310258865,1,9589856.0,6,1,2
a2a1a7b727fff39178a6d09f24552635,0.029808933148160577,24,3001117.0,743,17,2
a44b278c32321274f2ce72cee0647d75,0.046950372867286205,14,789853.0,132,4,2
a75ca94a609de4181bdfffac71f5a8c6,0.9918540865182877,6,103910.0,29,4,2
a78f601195bbabd89e864122dc259ea9,0.6406643388909288,102,1621390.0,284,11,2
a7da6bdfdc11a6db676f4063aa78d0ac,0.06337777059525251,8,2741.0,1,1,2
a88d76ba853ba3f1d30426a49019b246,0.15108029823750257,11,3857528.0,647,16,2
a8dccefa9000477cd59496303435ad3a,0.2400268753990531,13,,279,11,2
a962b4ed3c0bb0a962fc1719601780f8,0.6004298776388168,7,1480.0,3,1,2
aa60855d03f7a099b6bcf020a9021232,0.019906470872228965,36,600686.0,57,6,2
aae535f9b5574fb1257b4d833e1dfc46,0.011543333530426025,1,547.0,1,1,2
ab4d5b8e24d440da3ad4d003c0c95073,0.041503459215164185,1,905.0,1,1,2
ac49f128adeb9cd9f26ce56dfc22a553,14.745226919651031,11,23596.0,5,2,2
acefb236af3779ddf9f693d5e5b7fb2f,0.2009013220667839,7,1294.0,1,1,2
ad652a6712148912f3098ab72cdea2e4,0.16139021515846252,1,728.0,2,1,2
af67855a146742acf4d72eaa3ae05b6a,0.15353471040725708,1,1069.0,1,1,2
af6b8698e3a19ea8b5f1854102519b97,0.024450991302728653,1,559.0,1,1,2
b065f7c02f13d4940c50041d3ce55e9a,0.7713441997766495,14,60008.0,3,2,2
b0a02145621bc3a3c641ea2a1192e127,0.25360534340143204,4,22830.0,17,2,2
b0af3c250d4a181db6b0227561a1482b,0.16913464292883873,2,1416.0,2,1,2
b14b3338d8fac625deec3172a9342602,0.05657093913760036,54,2384958.0,475,14,2
b14eac04dbde32f0d93be1e59e0ecff4,0.013503048103302717,2,4641390.0,309,19,2
b1865668928dda6d11eed1d1a284be71,0.001754476921632886,1,152218.0,20,2,2
b1f01fc245be348a0a85292ee1340503,0.21104029472917318,22,54202.0,11,2,2
b213a7d4b66cde8cb65d5027563322d7,0.04177623614668846,1,2182404.0,156,8,2
b2a4335b952bab761549360ac911f877,0.0044435939053073525,2,746.0,1,1,2
b2acfc62fb9762256225468df8d456c7,0.5073845097795129,30,22242.0,11,2,2
b2eb3edaa74a68e0cd9869ea3082c4c8,0.18948987912153825,156,51417.0,14,3,2
b2f70b1878dc1989b9f747d8fbeebce7,0.005248555447906256,1,3040402.0,957,26,2
b31a864a0dc2fa9474e8005bd08db78e,0.06751077307853848,31,760691.0,485,1,2
b361b430cb79103412ba8aa42e87f33e,0.09977586613968015,11,69682.0,12,2,2
b43d7929fd522f19b10ac7982ac3c57e,0.058572139125317335,8,617036.0,394,5,2
b44576f51a22ba9d83653cbd5f945006,0.0049113662680611014,2,2540485.0,856,26,2
b4e50371a05d40feade5443a5ae65ce1,0.006111749913543463,1,833.0,1,1,2
b71e906f577fecd5da93a96e63a60be2,0.005463357549160719,2,9354759.0,547,45,2
b738c882c0019f4b928840b8ae99fdec,0.0030240617925301194,2,22758151.0,315,6,2
b882fa16ac88ba0022b76dcbc5de1917,0.04264097847044468,8,86410.0,7,2,2
b8bf9c0fa04bf3ca37232023dd1b5f93,0.19713497906923294,3,1012287.0,179,8,2
b95aae6ebb6fcd34b49ebefff9906132,0.05263575993012637,17,169763.0,22,3,2
b9694b0c115f4925c8c8ffd2f0ba20c1,0.3006807267665863,1,20541708.0,3,3,2
b96c7681cfdc9528a41950ba8235ecc6,0.020603817305527627,9,471776.0,101,2,2
bbfd98b057602ee3801d9aa57211e002,1.0295080542564392,33,136123.0,32,2,2
bc694706aa8531cca0e928ae559be90e,0.06495498307049274,3,12215906.0,5,2,2
bccd7679dbfa45cc006a7a3ebd485001,1.2902120016515255,21,2210.0,2,1,2
bd57e631faa1cf0d003d07a8f78a1796,0.04902956634759903,2,321814.0,129,6,2
bd720d98d18cd1c20130544bc460f04b,0.12267690896987915,2,18827029.0,1,1,2
bd751449a4cb4104019150ce2cc4073e,0.21879826113581657,8,1314.0,1,1,2
be27d35b59618b46b2d8f10dffb9324d,0.14205092936754227,4,384.0,2,1,2
bece74911e498eca4e2a03b0251117e9,0.04463576199486852,15,188687.0,45,2,2
bfa998316a14f5266b45c06fc7864ee2,0.20772297051735222,122,30133.0,5,2,2
bfb0753d90b43da7902a53851e629e36,0.015842518710996956,15,741933.0,99,3,2
bfd440d5710579caa39051577acc72ce,0.7905462048947811,3,9473292.0,4,3,2
c00d31238bc6e43120cb50f7e74c1f70,0.05622801557183266,1,739.0,1,1,2
c0213b1ebfec3e3192f6b666c96fbf7b,0.06055153603665531,47,2337968.0,73,6,2
c0396c6c14f8a7057aaba7507075856e,0.02572306990623474,18,304650.0,17,2,2
c041df3f65e1dc8472ad3a9388119c3c,0.005925217235926539,25,739240.0,135,7,2
c0b2bcfcf97d499d4080475608972c6e,0.6121149645186961,33,151017.0,33,2,2
c0bd6de15dc7502e0f0e2d1a5f8616f4,0.09672001004219055,1,250.0,2,1,2
c186e46eb8b96999f79f2db8d9f0d8c6,0.02689328044652939,5,40927.0,18,2,2
c247151af4b7514e73dba3092941f432,0.3274255311116576,19,197431.0,78,8,2
c4c543cbe057a044ddbba6cfa4174d6b,0.009321349847596139,14,1658314.0,54,6,2
c4f310fe61f249e8aae5cbae97eefbf8,0.2772972956299782,5,14970798.0,6,2,2
c4fb61472249e2fc4d6cc265a47ae529,0.1104426458477974,1,198.0,1,1,2
c58cd0fb1fc18a79c5571d95865e145b,0.07423963071778417,57,536695.0,147,8,2
c62156e54b7873ee915a5a4f2aafa7f3,0.02802709862589836,1,2132130.0,121,7,2
c72df1d5ad65b39194f5b306aef9f659,0.0656198263168335,1,26292186.0,5,1,2
c76c8c644e4927c010ca0aa43cfab10d,0.01291359681636095,1,992.0,2,1,2
c79ebfebc9cd5ced9c7126b9f125bfb7,0.18938226252794266,2,22264969.0,49,6,2
c7dba3fcb11a533c8ad9d2b922197e2d,0.8318418837734498,103,,160,29,2
c8edc2659fff4ffd13ac8b7aac1fd255,0.009999999776482582,1,1674327.0,103,6,2
c9b56bf822d4c63b12927e42c44a7551,1.1073603332042694,4,1041.0,1,1,2
ca6d9fef289f151c4c286204323f7f26,0.00806304014986381,5,514494.0,91,6,2
cadba17895f4b2ea92eb7af3c92540c1,0.04842431657016277,2,4995690.0,943,21,2
cbc3ab5bb2069afc33c81343061745af,0.40154428966343403,12,82435.0,67,2,2
ccc105eee5863ce1e4eeafca2872a465,0.3294806480407715,7,729278.0,55,4,2
cd9952966def29a05929bce73c39b546,0.2633338840678334,21,754516.0,193,8,2
ce02aae930c0dfc1d08595d1c41279e8,0.11612625606358051,5,1450.0,1,1,2
ce6336801e41bf10199e646f5b8586e0,0.7090979674831033,21,23400659.0,5,1,2
d0c41e8d3d7344a3edc1c3f01b49fc58,0.029558248294051737,24,2881284.0,249,12,2
d0ce2af24af51669b1082bdac141f2fc,2.62759255617857,15,10841928.0,1,1,2
d10387494bf3bf359a675955394e6c12,0.12405715743079782,18,9307884.0,37,6,2
d10de7894e81dafddf00110c406ea51d,0.028395171160809696,12,4406879.0,48,2,2
d194223bfb6f3236d3fe677537af6c21,1.352066588588059,45,95916.0,19,2,2
d1a98267b83561017694ddb0ea53115f,0.007841463200747967,1,62553.0,3,1,2
d1bdfa2e6639fd8e1e57eab59765fb4d,0.09392954275244847,157,5566564.0,215,32,2
d1fa5f8a3a0cad396bbd8c979edfc703,0.4335999935865402,2,722.0,2,1,2
d1fb119b0e396ba063c235dad497d8aa,10.87777353450656,44,1805077.0,383,15,2
d2ae14d61d7027525a7c092fec7f6552,0.02146722935140133,1,38012.0,23,2,2
d2d24480d52c733552308dc9a444273b,0.0009653759188950062,1,1060.0,2,1,2
d30789213ba1e7d1448000de59f21eb4,0.06705088261514902,6,3372278.0,40,7,2
d51f1be3c666140fe6bcc9f5ae7b4399,0.06477039284072816,20,,606,12,2
d67a68404d65c120576775a4cd343648,0.0032295510172843933,1,444.0,1,1,2
d6bb982cd9d4958f0e39fe09c73b377c,0.0068574328906834126,1,814.0,1,1,2
d7ab5dd7a8191447fbad28161f41ac12,0.07691286830231547,10,1252.0,2,1,2
d7b4d851d53561f1f5b68ff27287e7bf,0.17996724043041468,22,3303.0,5,1,2
d87d36062d06d8f0183c3b1bab538a8f,0.010859775356948376,1,497512.0,105,6,2
d904ef0c8103183767090a10fe4f132b,0.004000127897597849,3,1988.0,1,1,2
d90806b74cef54461153235e84068d9e,0.06373854423873127,14,2174077.0,237,10,2
d954e8ebd2679126efa20fc46e362388,0.20944944280199707,67,1557118.0,226,11,2
d981316661738e78f824315f3ee23273,0.007025055325357243,19,999044.0,232,7,2
d9af1b39a54b57b59734f3bab335f8cf,0.011717688292264938,1,1072.0,2,1,2
da16987f345ddb5da7e9ee2457591e1f,0.36530305386986583,51,26392.0,12,2,2
da1a7ebeae3b86ca2461df55e74e7182,0.0011622911551967263,1,1874265.0,187,7,2
dbbc00673f52113ae91c0e88f4b5cebf,0.13957665115594864,2,3336784.0,156,7,2
dbda3821f1daaf7ac74b94ff68155d93,0.19879683235194534,59,4788466.0,295,10,2
dc4b3f4f0cd9a22bc4133f2180c63484,0.0886571571463719,30,104058.0,10,2,2
dc8d0d71c9c7a9b29379da76e4af28c4,0.003630936611443758,5,5120659.0,1806,25,2
dd4b3c57719a58a049b7c3ccead2b2e3,0.011564889588044025,28,1098352.0,190,6,2
df4c4d2049e35f4c7e0dcc00d66c4321,0.09578254073858261,16,17075.0,3,1,2
dfcf0db853c9348ca77cdfd95847b296,0.9406685796566308,190,170439.0,56,4,2
e0ccc062cff04c05d985d2a891be9d1f,0.054367670556530356,16,460345.0,279,7,2
e14446b04a2227df132b85005cf495dd,0.03952101990580559,1,487.0,1,1,2
e1a4c088f3d05e47a94ddc6472422d0b,0.052229018881917,2,1064.0,2,1,2
e20c453e43ab80f68a4c0499a72ef8ff,0.10657996218651533,12,157897.0,30,2,2
e2b2c1db609c60154be799fc1164ab78,0.027942951855948195,35,4194559.0,1020,19,2
e2dd5506f15c9511494f2ba1aa22afbb,0.9017164632678032,27,734540.0,106,5,2
e2e12c03e27cc396c984f4b706fbd582,0.031050312623847276,26,379894.0,69,5,2
e30892557ec11aa48d87106c3c1b7e9d,0.10332874488085508,5,2613.0,3,1,2
e35956e9ed76dfd3ddc9eab4bf73adcb,1.4578960873186588,43,4791394.0,185,7,2
e3d8163d751fdc376dd32463e2888e18,0.26092403195798397,130,31472.0,5,2,2
e49623b185de2cbe8af9c187e5c2dbbe,0.2069504288956523,6,1591.0,1,1,2
e5972efbb723fc5f43e2a55b00a7c296,0.10549169406294823,2,770.0,1,1,2
e5c113f1c9664d2fcc2cc04e02d570d3,0.4372069872915745,16,890685.0,118,6,2
e5e1566614928d15b1ba57631040cbd6,0.03588995398604311,41,481846.0,124,2,2
e6ba2d988d10fc3c0ff89e9b08037013,0.015538483596174046,27,723674.0,154,7,2
e745c210196ce39284e5f913ded35e26,0.006333627854473889,5,2396227.0,126,11,2
e784aab54058798e65a6d40837c6f834,0.037037502974271774,6,1392.0,1,1,2
e79c5210dd440ae6f0144690ab285749,0.3191400934010744,12,1712.0,1,1,2
e82d5a1272f450d68335a90d303f8e12,0.054751998744904995,8,1271.0,1,1,2
e83f0a4243dd1fa1be487a60da0b55b7,0.011679213610477746,9,58744.0,15,2,2
e864e15d08fe83e0c2c36ece6c462d8e,0.0374539764598012,3,4737706.0,145,13,2
e95b4ace721b294890a886088dade2af,0.15416698716580868,12,27239.0,7,2,2
e9aefbcb839e38c25129c30c2f7562be,0.023173479363322258,2,902551.0,53,4,2
e9b510464757057e481f0da2330fca3b,0.00402905885130167,4,2480845.0,219,6,2
ea71dc8f903cb15c6cdff167d1424657,0.023945920635014772,8,1333632.0,102,6,2
eb573b2069201cf00d1453d05597143b,0.052608245983719826,2,813015.0,41,4,2
ed1d0e09994d36d69d321014241893a7,0.10798577254172415,10,1020367.0,52,3,2
ed6032f241783513cba5acdd70675dfd,0.037034756678622216,33,4348689.0,1025,27,2
edf1584f09bb114a9e014eb81e714432,0.0027990792877972126,1,53949.0,24,2,2
efbe48dfe2be1761990d76140cc61fef,0.01999080425594002,11,5481278.0,1398,6,2
efcdacc1f2e15b11aa37fe252c4e4d0b,0.21882805973291397,2,676292.0,543,14,2
f10195150abc43b525770e6ca0c5d5bb,0.014487279113382101,2,875688.0,121,6,2
f34501bcf32eca225b4131ce189fe42c,0.17564128851518035,38,1196998.0,81,4,2
f3455230631d66c6a9fc4b7069325b08,0.32543194107711315,14,257640.0,95,4,2
f34c8ccffebb06ae1b3d3e9287cde4f5,0.013747771154157817,15,8528533.0,1330,34,2
f3d233cd0582f2f78ccbe21ce23262a5,0.1773383542895317,2,1255.0,1,1,2
f4f331636e81ea71690f7cf7cc16487e,0.1294487863779068,2,1802.0,1,1,2
f54d67b3d74e21ff7dbae41d8aa26cbc,0.08908945065923035,13,216729.0,6,6,2
f58081c674fa8b8dcca5302105e8b059,0.19679144024848938,3,114651.0,35,4,2
f596450da757f34f5db8be43d5e723c2,0.11550666112452745,5,805.0,2,1,2
f5f15d9300ff88d1383512d5fb8d539e,0.024935610475949943,15,370188.0,111,4,2
f6198a36240537b9fa9acd9871933699,0.03515687631443143,4,904770.0,20,2,2
f61f7078c7a688fd55dcb4ff3c5592c6,0.777563470415771,31,1746472.0,71,11,2
f636fb14522f6020d7ce69c18d52f45f,0.1676701293908991,41,,252,23,2
f661f87157b386f2477472ca0f359531,0.005175999831408262,4,672762.0,75,5,2
f6b101bdfc00dd9db6f9c8b4e7882d40,0.04177623614668846,1,,45,2,2
f7a79f097311c2103c602b7ff5129f59,0.022815546952188015,3,5228521.0,26,6,2
f82bbb9580d6df38efdb32d36364a8e7,0.01823117316234857,10,4003530.0,999,32,2
f8a7d0a6e060f46f10b392b96b29f72b,0.08366972213843837,67,4005765.0,149,24,2
f8ab3fdcd936f1f5f70b023157193b9a,0.08033356536179781,13,12389422.0,53,15,2
faa9d93724b2f6d5eb7bf9c81c087bcc,0.5522019490599632,13,962692.0,206,6,2
fad3c6599febfa1ce6cbf319ba445ff4,0.0257259092759341,20,322661.0,96,7,2
fada7c225e1f707910c29aa0e1f00127,0.011693481355905533,10,6617660.0,138,24,2
fc4d4cd5c60aa397ac5b178167b45728,0.14311134116724133,8,3265011.0,608,12,2
fc9d6676ca76f713375bdf868c807ed3,0.0175799997523427,2,5506701.0,198,21,2
fcace040ef7fee549a56381a23272ad4,0.0918938648828771,46,734308.0,90,6,2
fd0ade06351ca39ddc3a76955b68a35e,0.027431887574493885,2,2601172.0,88,12,2
fd24a8ba859b33136ca07cd756acad3f,0.009469491400523111,17,163612.0,95,4,2
fe710527a3e4e0b1fd4ca63d2c4ec5cd,0.06400110945105553,20,26148.0,9,2,2
fe927b98e51d89b7a11618e0344ad87f,0.021632958436384797,19,5122123.0,973,10,2
fedbd1a741d061618a28a4001b80d42c,0.09415988950058818,11,749531.0,161,10,2
feee56115c4b852689d2833d56fbb0cb,0.0024472453515045345,2,1697175.0,266,11,2
ff3c458fb53990dbf51bf0c365f208d6,0.013184467476094142,25,16781.0,6,2,2
ff4526dbec85b28c4e19e49b0d4a4531,0.14318877772893757,65,1548295.0,338,11,2
14da86796f9d9ad1c0da6c7387cbdb65,0.017107108607888222,1,1865164.0,402,4,2
2c7ecf0c2ba88800ab28f7e20dd06d64,0.012027447344735265,3,306822.0,75,4,2
3692bda63c74a18ef7d0953f0a05b885,0.10284426063299179,1,3431889.0,402,19,2
5eea9f877e87e692d234d30d3d6d731d,,0,,2,1,2
6247b0ea855d469785554783be5e8ec6,0.019448072649538517,2,1238616.0,11,2,2
67316b957c017661a15a2303a9278f44,0.07225638628005981,2,2150665.0,324,16,2
6d3274e735edd63100897825b32a9060,0.013537666760385036,1,108057.0,11,2,2
6f17214d8ccc1a3ce25c9a78000c99fe,0.06983046233654022,1,601546.0,27,3,2
73f51fe6efef52471e732b083ccfb003,0.02434863429516554,2,650.0,3,1,2
77bdf33b17a8e12c484b592eebde0cd7,0.06363075226545334,2,2448.0,2,1,2
79499f8ad6894d4ac7704b8d2f3f6cec,0.008599337190389633,1,1155810.0,184,9,2
814FEEB649F447298BDEBB31AA67F4EB,0.03209412002563478,1,1136.0,1,1,2
846a03c8fa04b55f2b9a9f8c6a9e5478,0.01717989146709442,1,2492330.0,37,6,2
8c65a45533725d5ec71263039630f4f7,0.024424483999609947,1,696249.0,32,2,2
900e35c1969ef146bd3a83387fa362b6,0.03216280788183212,1,1754034.0,378,11,2
9f826e9edce5bc0bd5977f8bf7ecf09b,0.017107277642935514,2,124930.0,26,3,2
EEE8530730F84A77A86BCD38C3A04E4D,0.04864865875244142,1,15569285254.0,18,13,2
b407253a355d0424728a82dd46de9c32,0.04053302388638258,3,13191923.0,6,2,2
bbf9aed66d9f89d8219885f4454785e7,0.027250627521425486,4,1196482.0,61,4,2
bd7971fa137c6886ba042c782aadeace,0.012071186676621437,1,614.0,1,1,2
c39079762fceab0ab9377dbe23f6d1a4,0.02445552684366703,1,841.0,2,1,2
c65798e29ffd3ac298ac0a549cd7cef7,0.07011307775974274,2,1194.0,2,1,2
d221580900d2a1c1fce7fe827f1603d0,0.022068805992603302,1,377.0,1,1,2
d711b657ade7ce2b55026c966fb8beef,0.1624925583600998,1,1231563.0,241,11,2
e81b5e9f259fdba3bedca2be05964aef,0.007885477505624294,1,875.0,2,1,2
eab83996e47a15117d7780d73702e854,0.09083128720521927,1,1156.0,2,1,2
eac66cf4adee1ce6c0476312e0c9e1d9,0.02894654218107462,4,4365.0,1,1,2
f575af7a900eed538aa8f40e136690f4,0.014625389128923416,2,1622222.0,313,9,2
fbb0d9b04108f530153d7b3851abc169,0.02532829251140356,2,65267.0,7,2,2
0dc7963eb4f3698ed643db2219af8117,,0,,1,1,2
26eba6ad4eafbf772a3c727ce21b99c6,,0,,476,18,2
2a9e4566b851b955d927670b906dbc8b,,0,,9,2,2
38142f6a1238ac6ca45995372132c054,,0,,882,27,2
49867f7c4adc752455dbc868a1c444e7,,0,,37,4,2
7dbbd50176444a14fe1564fec8da13d8,,0,,51,8,2
9a335f78bad0a1c97af5392c00cdd1db,,0,,221,23,2
9ffeed403464cce4f3ee758f731e905b,,0,,96,13,2
DC52F5417CBA43F38F49F20469E05A49,,0,,50,5,2
a4341adaf6284059ea8125bb75c21da2,,0,,42,4,2
c2f1738f95ee79f6591d57e21b1e629c,,0,,45,6,2
c72c5329ff062e82898fc3f8352ff113,,0,,141,10,2
cc9f131adbe556dac729ca12c8545ee0,,0,,23,15,2
d18f9ca4737f146376af028f64701b36,,0,,453,8,2
e5638b41d763f4a5d626c4f66e83d9c2,,0,,3,3,2
eb93ab9e65275b52b25c801186afb262,,0,,227,24,2
0263e9fa50413b32586daaa9ff846509,,0,,1,1,2
0461d807c8d205231dd696b7321dc9a2,,0,,1,1,2
049C0D345A20481DB288484876718F07,,0,,6,3,2
054b22008778cf4d8636f119609a528c,,0,,97,21,2
05d1a122547e5c11471ecd9a907bf19c,,0,,11,3,2
0DBF30770811476BB5E704F4AD4BC404,,0,,120,5,2
0be52eafb014b9dcc91fab6f07f9db00,,0,,2,1,2
0d131e81880bd492c93433420c465769,,0,,3,1,2
0d3c644ed4357c7a228cfe8c17e53066,,0,,1,1,2
0f1557e5a1fd05cee413b8a021c97013,,0,,2,1,2
0ff1c5a53f4961b474501a140bf16b7b,,0,,1,1,2
0ff8971f8c52b6eeaf6e96ec906a3519,,0,,167,8,2
112c0863203525bbb2394ff8ead48057,,0,,171,4,2
11f3f7c27a4d37ed20f97b2fe12dcefe,,0,,19,2,2
128be5d04bdd329d63bd5d39170acd88,0.005398929119110107,1,46669.0,10,2,2
142fe72c3668c5c111271591b0589840,0.003002244047820568,1,8003060.0,272,8,2
14c177e40eac9eb8067ecae0bced438a,,0,,6,2,2
16CDD040A2004452A74E073BEE80E193,,0,,1,1,2
17cc50e19b8429b3164a45e340ddc3db,,0,,1,1,2
18ffe53cdde4ec96f222eca6a2eeb798,,0,,1,1,2
1df62739f54558baa5baca9c2de245a7,,0,,1,1,2
238d703117ec39c0ab33443962b4836b,,0,,1,1,2
238e14de1e45101989d7467b2e15b8e0,0.013948051258921623,1,21233.0,12,2,2
24757138ce408ad6fc6fe71c3e9f38b7,,0,,22,3,2
256f9af3d75ecbfb89cedeb03adafc7b,0.02583182230591774,1,18846880.0,57,6,2
25a484848607e4515d35ad8fe88c4dee,,0,,39,4,2
26dc5f19858bcd0798b319ca56adff6a,,0,,14,3,2
26ff0bfefd83cc2e1b415f14ce5d5f71,,0,,4,1,2
279bfb31235b7da4778fa6958a35602e,,0,,18,3,2
29ff20dd1b238e52fc0da30332c2829b,,0,,1,1,2
2b45363230cfb2c7dfbcdf0514f6d8be,0.04235072061419487,1,15769116.0,46,30,2
2c13ffdfa48fb2ec844129591d714f91,,0,,1,1,2
2d1d2d016d6ef970e194229ecfe0ca32,,0,,114,15,2
34DDA791D21E427FB0C7A61CB14360C0,0.01,1,6932459758.0,163,6,2
36877d48b8597929f362098f1994855c,,0,,616,7,2
373f142415fb00a6febd5240995d316e,0.0633983463048935,1,1365.0,1,1,2
38e9c3ad8d08fb289853269bc033eaee,,0,,1,1,2
3a14fc154d86f2a0e93aa4431458bf82,,0,,1,1,2
3a366c7de87ce05f6dc69148c26538e9,,0,,1,1,2
420F8BBFC70442D5A39C7A10DFDA6B2A,,0,,979,8,2
45347b910066290332f83fc87e39d1a7,,0,,2,1,2
45af575ddd040ba394031e634b82eb17,,0,,122,19,2
4c2b3f2e7e575a6a5a3f55e75c65f2c1,0.009999999776482582,1,1951.0,1,1,2
4cf9351a4277f8b7b62f2a27ce6c0fe2,,0,,98,3,2
4d9d1ef1da9ad890193d42009a41a658,,0,,2,2,2
4ddc3ddfe389b31f074efedf9c0e3878,0.006494271568953991,1,934.0,6,1,2
4f84b0f4eb766a79b8db87781848cc60,,0,,678,9,2
56b1b30d639c6522908f502a9480239e,0.006456406787037849,1,1653.0,6,1,2
57d837ec93d0b87cba945df1a1ad4cc2,,0,,1,1,2
619bfd1c9f84af5231ac5b297ce5cb98,,0,,1,1,2
6468FF8F5A81447386097E7BAAC971E2,0.02262540435791016,1,6937573827.0,89,2,2
652b6dae57344e09f4a1d8c8bd77b60b,,0,,524,27,2
6578c18faad0da47d464bab481f19fdd,0.1336703896522522,1,352093.0,43,6,2
67ea02ff7c9d7d97e53a4f7bbbe7922e,,0,,167,8,2
69355ba69109b9c8e416d4342ce99287,,0,,830,36,2
6c4ed4279090d3f924e3bb06b86276ac,,0,,1,1,2
6d345e543e73d9f5b0f677ec2445f7fe,,0,,49,3,2
6d468f7d2bbcff4dbdf01c104f0e5959,,0,,473,15,2
6d5446bad4bd96fd71a7e2def573b566,,0,,179,4,2
6e5924f2a588ebd85f7cd84410c41075,0.01407904364168644,1,945.0,1,1,2
6ebff95eeb387a981d31418d1c59d662,,0,,34,4,2
70D38A8088AF46F7A6E47CF9B535F825,,0,,2,1,2
72ea1141bdceb99c8e990ee9aa30040d,,0,,1,1,2
73a18b26e2e57c4d679ae5e376721929,1.3025000095367432,1,254.0,2,1,2
73d7600e83c22c43a026516089cef594,,0,,1,1,2
797374b836b28a18a0c90bed48fe293f,,0,,122,4,2
7be3b9d936450346a861f5d3001007ec,,0,,1,1,2
7c919fd182ecf91e8242c6db2a464987,,0,,1,1,2
7d5c98b25991a249d4c1273b065c0a6c,0.016156699508428574,1,677.0,1,1,2
8187cdcd8d316c25653e379fa069785a,,0,,2,1,2
81ecae33a59b00a8c891c3571c692883,,0,,367,30,2
836b70055c9a9d4e8a43a392f12019fd,,0,,1,1,2
8520d9d1c294c34359542edd913b3a7e,0.014437221921980381,1,237505.0,122,6,2
863dbf2595d9a748a78392aec9410ff7,,0,,1,1,2
894ab52c738e1f7d3401ea66d720ebf6,,0,,59,4,2
8b30971ea0623b092ec072f12c62c0bd,0.04924979619681835,2,4025132.0,387,16,2
8ba8a96da1bac21e4b4617b367a477a3,0.0041096690110862255,1,522110.0,37,2,2
90b1521f43c20f204feb337259826177,,0,,1,1,2
9276c694749bee6258bce7bd29abf7ca,,0,,1,1,2
92b58417acbe21c3621fc6cac846544e,,0,,1,1,2
93a9a1e3783b677c4eece2e10faa448a,,0,,13,2,2
94370FFBC86741028619FE721D8AF63D,,0,,38,3,2
94CFD17904554086B1738BA8060E0AD0,,0,,17,2,2
96355730e02c3550ddf17f2b135d5ae7,,0,,2,1,2
96626420ab8cc37a21846c36a2e8751e,,0,,130,5,2
98a888f7bd70fe1b2cf911d677d4e4c6,,0,,3,1,2
9a0266c5260ef68359d42e424466a237,,0,,3,1,2
9a03c96a552b792d900dd0ea2c4a73e5,,0,,1,1,2
9a8e8cff3aa2a996c98a1fc251d1bedc,,0,,2,1,2
A4DD87BA01164D6BA906F4A4F35BF619,,0,,210,6,2
B708E58718F748F4B743AAA9EC80E851,0.02251061630249023,1,320565483057.0,886,24,2
DAAE5EBA12FE4CD3BCC0A38414183340,0.05,1,1076.0,1,1,2
DD206D52110A47BC80C1894D6CB086ED,,0,,9,3,2
DF4E0EAE198842D6AC1BB9ECF5677A2B,,0,,221,13,2
EEDBA18134944078B74AFA42B00BEC71,,0,,7,2,2
F2233EC2B46B4D5F8976B2964B7DA436,,0,,230,11,2
a01cca257e9fd1fba085ae480bd24c16,,0,,332,10,2
a221c4b128f496538226dc3631ae7309,,0,,1,1,2
a453688d21dd15f7da0712768f1b0036,0.08583632111549377,1,3236.0,3,1,2
a5d0fd2a499700893bacecd7c4511543,,0,,1,1,2
a8b443cc580b8ca4c280c2bc5f99e41f,,0,,606,18,2
a9b5a4ea9bba394518ea01a1cff94417,,0,,2,1,2
ad756bc8eaf10912d0b50027113e5e20,,0,,1,1,2
b03692f1ac83c4a666dcc2a4d3b1fdf2,,0,,1,1,2
b508783c7c905fd5e16d31c9b9ddc4c3,,0,,142,4,2
b7869b7307f8b330479d5ce21e13c268,,0,,2,1,2
b8d0ff6566a8c623e941a2d020a4af49,,0,,6,1,2
b93ad120c1a3c7def37a067717bb06e5,,0,,1,1,2
bedcacc0a289f7fb1a523f4e2e46aa0d,,0,,1,1,2
bfb127e1c416a26049081eb81d4830d9,,0,,8,2,2
c48d834520231ac214c1fe0d9ae581c8,,0,,1166,2,2
c6b3ce81740253cbf5065762d468acbb,,0,,209,6,2
c74f65b2b6fad4a17a5a38b4c0718902,,0,,1,1,2
c84caedea7234ebf7ebd6f7b9adbc5c7,,0,,49,3,2
c9b8e50703018f708973d563690846ff,0.004999999888241291,1,282.0,1,1,2
cfb9aea57d083e18af098b17783e2adb,,0,,2,1,2
d24a567c15fab6cb50efe8beb4df7568,0.08353748172521591,1,1005.0,1,1,2
d5cee3b8da3ca74815c9feec320ce83f,0.004081397783011198,1,1483.0,1,1,2
d6b5a542a78a5a69c14b0462a3ebd7e3,,0,,481,18,2
d6e39e2596d18ae6466380b8af2b2415,,0,,7,1,2
d92d39d7872f1bf58ca558a6bbf62b2c,,0,,83,5,2
d970315fbba5f39d989b748845f68dfc,0.09752916544675827,1,860.0,1,1,2
da8edd2d51d2a6cb5d674f230df5cde7,,0,,1,1,2
dc0bfc470bae347f13eedb63d4096d32,,0,,1,1,2
dc3b6ba0d65608628f5aa277ec491ff9,,0,,1,1,2
dc74062c2a24fc6dcef6aae1b5b19637,,0,,467,6,2
ddad736f2f3b6f0e0204b6dcbc43f5ff,,0,,2,1,2
dfeec4293d8d4ac704f321da5f0b56a8,,0,,9,2,2
e12cd1ae52d5d4f2c99e6785330ec860,,0,,15,2,2
e3d1d7f4ed323b231b848cda2d13d6ce,,0,,2,1,2
e44a5bf26e580e8519d9cb75119529d3,0.04413009062409401,1,390.0,1,1,2
e6759a3ba6da262e4425d7f217de1582,,0,,1,1,2
ed4b2e16e12ff65d86829e8d2830e155,,0,,7,2,2
f47ad85c09ca20bbf13107c9ef7dec4c,,0,,1,3,2
f5123312cd0e6d258a47c994918d1568,,0,,1,1,2
f57c79da379e75a57355f862ad1accd0,,0,,1,1,2
fa7655086fc79acde3676c5480260ba4,,0,,11,3,2
fb028c826954eb901a995ee3dad08292,,0,,1,1,2
fd1e56194de245b8a16c086bc101bace,,0,,1,1,2
fe12e4ac0b82373464ebec3aa46dd30a,,0,,132,6,2
feaa4fef02a2492f4555460a0348760c,,0,,1,1,2
fed1c9c5bb8172099823deb1ecf17234,,0,,2,2,2
ff1a245d998a53682e623d25f8d502fe,,0,,7,2,2
0498c22083ba8f2bcfad47d456182e94,0.013856766745448112,1,964395.0,148,6,2
12720d7af71d7d7adf8bf43660ab83ab,0.009999999776482582,1,1438.0,2,1,2
1d198808c8df946291a16a8fdf04779a,0.12775934860110283,2,10020705.0,848,31,2
277f4426e333966c5bb068c383b5c3a0,0.009109847247600555,2,919033.0,181,7,2
28ae885f48c0e8ff1975b96f0b4734a2,0.006229862105101347,1,678133.0,257,20,2
29250cfecae8bef177e039ddc1d2a0fd,0.007978212088346481,1,1436572.0,136,13,2
4229b3d4a65af63daccd17c4addc28dd,0.08235150948166847,2,4490.0,9,1,2
5d0f0c8d761037252f731f9e4fc3f74f,0.0048387423157691956,1,4389169.0,158,27,2
6226458367e566ddc6410de02d82c7ab,0.10225016623735428,1,87421.0,2,1,2
65990bb6ad6d04bf48ada706d8cbabae,0.021135805174708366,1,226180.0,45,2,2
7e7f6cf441f00b4feb0fab0eb630238a,0.004254523664712906,1,1152.0,3,1,2
877e2ea4e73ffcf726f83ee0baeb8d15,0.0025094999000430107,1,36867.0,11,2,2
9a0c7d738ea27d240b120c13ac503483,0.013181805610656738,1,374516.0,41,3,2
a1a89b38ba738d1cb55b3c29e846e638,0.0034515230217948556,2,907624.0,102,4,2
ca84b816ac86c00e3ca8f292619b4503,0.016147179529070854,1,15825409.0,5,1,2
d07bafd33532d453a1b6f7b8e7ea78cd,0.0020623269956558943,1,244719.0,84,4,2
d62833730d401c31a84d2b58530f3e09,0.01076717022806406,1,749.0,1,1,2
90e0b8d45490b372bea7afc6f812dc2d,,0,,4,3,2
0144150dc75c0c9a30be24ae8b17cd46,,0,,3,1,2
048529fab7399b9d116b184476df1cf1,,0,,802,21,2
1670472460EC41CAA70278CAA1B6F2CF,,0,,19,2,2
1ad875a37680d304421ed983e9f8d1e4,,0,,2,1,2
1f0179c4cf24a78dc006e48bf33178ed,,0,,1,1,2
24738a7ae9e934b811d733852030fa83,,0,,411,3,2
26e59bd7eda80a10bea976f465f87a17,,0,,1,1,2
2aa255feace3009645f5c3c00d3347e4,,0,,1,1,2
2ab29d0a2dd82165599edae787018c8e,,0,,124,4,2
3584b5ef653c38127d635a3eac5b8fc4,,0,,273,6,2
3908cc49df231ae8727bc372b522a2ee,,0,,2,1,2
3B784E6F90EC4507930F1933CAAF1400,,0,,102,8,2
59fdeecc567c2905f889ae0307e5376c,,0,,128,6,2
5d805b9fd3e2a52dc9617494547b0122,,0,,21,2,2
678cec87c10ad3403e323775a0d4bde9,,0,,1,1,2
68b8fddb80d9c022fceeceb785ce25a0,,0,,30,5,2
707e67a39a458bd05bcf9bb00cbfa8fe,,0,,543,12,2
725d4e19c4215d979dc5486885b95754,,0,,2,1,2
7906811b11a37316a497a988b3a0db8a,,0,,60,4,2
804e45a80cb680e8ded9053e8cdc8c98,,0,,198,7,2
853dd574ef2a7b792124eef63171401a,,0,,513,15,2
92AAEE1A244748AAAB3782AC204C3C61,,0,,18,2,2
9e8fc02f1425a7acbb3657a685ebb461,,0,,14,2,2
E3016644BC0440D3BA28859F65A1B95D,,0,,1,1,2
a020795927cad60f9476efcfcf10255b,,0,,231,6,2
abe3ae18a9c6b710d524547a8c41574a,,0,,1,1,2
aef009e8c6792dfa95d41955f928c546,,0,,7,2,2
b61ee5650db074a2cbdd4ca77e06cfcb,,0,,242,6,2
bc87267cf0cc8e12ee3086b5d6b5d417,,0,,50,3,2
bcddff9ce2b02d14bbded18b2d88fdd1,,0,,127,7,2
c2f726430251d39c59c4769e47ee8d00,,0,,1,1,2
cdabae3b09ceef145408cfaf9631ef27,,0,,28,2,2
d0d96d84418675f0ff6cc0ca85dd251a,,0,,143,8,2
d3947ec9f94ac975676ce181c1466a7b,,0,,3,1,2
d39cfedf227c019f7b7ebf2aedac07ac,,0,,301,6,2
e26d1018ce2950ad45fbbbba76bc292a,,0,,2,1,2
e4ed4bb967488e135db3dfabf94257c2,,0,,17,2,2
e8bc876433633204d80e6765ae6c96b7,,0,,3,2,2
f237728fd4949214626dcf7c4436fbff,,0,,2,1,2
f520ec406d1d03299c02f3331b5c4fa2,,0,,24,2,2
f5835d2d3c9e9c5b22c67311aa427d1a,,0,,1,1,2
001b79be3ec7a589770356cf6d218901,0.3292750380933285,8,1593.0,3,1,3
0090310f3fc6edf8a4306580792e53ad,0.8430996648967266,25,4628.0,1,1,3
019e9daaa0529581225680100db48808,0.14591685496270657,27,24846.0,10,2,3
0315f702fac1fe99269b0c2ade40472a,0.0007887249812483788,1,457175.0,80,3,3
0330445C24B34436954EBEC9FFA3E70F,0.14433475255249026,4,79781976890.0,35,3,3
036348fe930ebdb5372ff436b8fb7918,0.002072978764772415,1,884064.0,2,1,3
03e50540b6f5dfcb4b8e13d2a5baaf59,0.04390357236843556,27,1526808.0,238,16,3
0459d0c6bb86cf3570a48a556677ccf5,0.02369019202888012,1,6794333.0,32,2,3
05258a6827791861d4043567b68cc475,0.3603131731506437,80,410501.0,96,6,3
05450b998d18369d7f161115c8c32cf6,0.9731309860944748,22,1556236.0,608,8,3
05497a8c94753779245b416e7d4c00d1,0.026640066411346197,8,16458937.0,42,23,3
069c660098b7f0fd7e2a72ad78b03f56,0.03703558031702414,29,829722.0,208,9,3
06a945ccd994daab8ec8541e666f0143,0.022786065004765987,2,1247978.0,339,6,3
07a2275a5ddab6007f50423f67c92442,0.12763038254342973,32,3149635.0,504,10,3
084588BD12C24139BB02BB295ACD4F3F,0.08743933928939415,4,929905.0,158,4,3
0851215e1b0e337f5a5e696b4f5f3b50,0.017923785897437483,21,1101764.0,206,11,3
086cabd22a2c65fe4ca9cf0586ba7ed9,1.9828677587211132,35,9545.0,6,1,3
0961ff2b1494750cce27adf001bc8ef0,0.04642682080157101,12,1263419.0,179,6,3
0a44a9b0b8357e623c8f35bbd115614a,0.026511566247791052,3,8346.0,4,1,3
0a596602d0afe6d159794c8b6ee3c35e,0.004846979631111026,4,2181.0,3,1,3
0abcab4414649e00865d5669940962a5,0.898660397157073,25,2175460.0,106,9,3
0b32124ae1bb67e4eecd81858848f34f,0.02046554139815271,5,1767.0,2,1,3
0b5e1385b91991898d24857c148a0db0,0.022280497825704515,7,3469.0,3,1,3
0b987ba0f0fb036feec09a0215d0b143,0.04143354814732447,19,8445255.0,177,36,3
0bb87d490dc9bfbb1e148f4f05516f9b,0.02005807071691379,14,266567.0,75,4,3
0bf1d656805ec2d5d3ce805a9f03d64b,0.033120771404355764,6,117453.0,13,2,3
0c29e92a85bd0cf66ccd2584b72c9611,0.1464930787915364,50,22534614.0,53,27,3
0d7a52be45595370219aa4a001aed806,0.2615974764339626,20,334689.0,41,2,3
0e6e562a318e085ad3632396a8a1b1df,0.003159023937769234,3,1596365.0,837,16,3
0fff262ebdd32f0bd485bb8d432a7fec,0.007661822601221502,6,529211.0,50,4,3
101073a744d613da471bc390ae8ba4f5,0.06428961455821991,8,267604.0,51,2,3
1087930388986a64ed83313e3794e990,0.00759439286775887,4,13754.0,7,2,3
11435a4da2120b735947effa60945f76,0.05119025055319071,3,190282.0,13,2,3
11544f691f15c5b97fef2bccc82c9d16,0.1252832650206983,23,5785345.0,512,27,3
11aed77bbf52d2928e8b9d7927e7d8bf,0.10672394360881299,99,142914.0,34,3,3
124ba493732b3e562bb497f52d0eacdc,0.03690780187025666,20,3471282.0,693,26,3
12f434bad157633921100e1b18cb9b10,0.020579250529408455,2,1038.0,1,1,3
1429e5a06b4804691dc890b7d42a639f,0.17527015507221222,9,3274155.0,300,8,3
1436a8f7beb5023069ed23e63028af3d,4.201169554144144,7,1814.0,1,1,3
14a6acc547247475d1c8d78c5cf9265e,0.04890688130399212,71,3160315.0,380,5,3
154965c5b0531fbbe0d5db45ba0fbc5c,0.11333379428833723,13,230340.0,12,3,3
15620f6aad11cbf27221f8c94b5db4e0,0.04460342836682685,37,2299504.0,383,21,3
16f2254b672718e5d9be51dfda2e3d57,0.030185190960764885,15,1752206.0,176,3,3
17292afce2cf7d10dafb589d2ac9dbc7,0.21839529741555452,10,573385.0,13,8,3
18235afc6ee58afe6c0cff684dcee2df,0.016113862438942306,28,7390946.0,1335,35,3
182b84e76dc937f03f5e92de8e1b1843,0.0149825569242239,2,498980.0,168,5,3
188f9e70d0b8ad1c081913d697d82f24,0.006107096094638109,1,643017.0,111,6,3
189D6969B7A748398F42EA3084E41F0E,0.05126267000537592,8,5171146075.0,316,18,3
1914ed400ea9376bae68655b9c07e49b,0.04632872188813053,87,2453378.0,497,8,3
19af498a256fa750d932a289a8ab7993,0.04923208290711045,55,7176795.0,1171,10,3
1a73564b166d98324007902475657881,0.015203436778392643,14,1791211.0,292,10,3
1cc4de252dbffa6d21d157e34b93f6cc,4.596084952354431,8,64526.0,14,2,3
1d2f0a4dc503c205f9fac3d7da05df48,0.342047281563282,6,2848.0,2,1,3
1e1e2775814f298ab0f10a2d00b2a663,0.16475304611958563,43,1302927.0,464,14,3
1eb4fc2c74b1ac37de54e22980a2b265,0.018674615770578384,6,1066043.0,115,4,3
1fc5831e000ff32ba61e161139421716,0.17591599188745022,13,5843205.0,378,12,3
20f1809af3754ecf384b17cd300ab4d1,0.0033779519144445658,1,1667033.0,119,6,3
20f27ab9b9a22c7beaca59ee2d35fbe6,0.03861770639196038,7,11940937.0,311,27,3
21941797f816bf5d8413692cb0090166,0.18928687181323767,15,1506.0,2,1,3
21a98bc3028bf361a52771fc87c228d8,0.12407337129116058,2,2699.0,3,1,3
224462fd0e3b4eaa23fd88298c23ff19,0.10442203655838966,3,23565655.0,2,1,3
240e8e286986e5b8b7cf7dd39b35f008,0.03886896593030542,12,76401.0,38,4,3
2505e0a5cc2eb175cce0b95c55779705,0.03674960043281317,13,2780.0,1,1,3
25491c0468d2f5bef6e3402f394a3548,0.7815980613231659,4,32988504.0,1,1,3
2564086393504BC79AAF662B8825A018,0.23077889381408695,10,10408115236.0,508,4,3
257015e52affa67d351e73efcc69eefb,0.9408879661932588,33,2201328.0,235,6,3
26133bf591dd3c00b085e4d3290e01eb,0.023555894498713315,20,5062356.0,325,13,3
26D5176A22F54BA9B52EAB27E953D350,0.0065949974371,2,52022258314.0,96,3,3
272ffe8d7716a8b4f1b929f60cc3bd82,0.11017294228076935,1,1381.0,1,1,3
27473c4aa7a46cce3bcd65676582b9cf,0.1866948027163744,7,97361.0,1,1,3
281869b98e55d5f5b856bd980276d64e,0.2804652079939842,3,1114440.0,215,4,3
281aea5455b4355cf4eb966dc9f24c6a,0.008785447513218969,8,131416.0,26,2,3
28dc141fea3d1af5567df79476b67a1e,0.22896356042474508,7,7764375.0,562,19,3
28f5ce8494c4faff2d0da93e14492be1,0.13324185088276863,3,28105.0,17,2,3
291d64283f5269168e8a61d10ca07b99,0.07255253940820694,5,23351439.0,127,11,3
2A79895E3B9943049CA382504E665624,0.12525411104144285,10,29747.0,19,2,3
2B5C76D6CB65447BA4DD8CF3D844A451,0.058812834566520415,19,1734982151.0,36,2,3
2BEEE897621B4D87B233E07E2D76B8A6,0.3973192006015752,157,41635579762.0,121,6,3
2a4d0eab7658868d460c620e554f4f46,0.013008604641072452,10,1327803.0,268,9,3
2b4fb2180f0bb1654d0081e6a7e23a57,0.3415587996132672,49,133886.0,25,2,3
2b979a28f726ce472d62a4182910e901,0.3184611089527607,6,8933216.0,4,2,3
2c51a6cbd7ca7dc239ce7a4441b25dd1,0.0014772875874768943,4,11685491.0,68,4,3
2c77b3f8e12c59b9e565873f993eadda,0.017266055569052696,1,11928855.0,56,13,3
2f9647a9b6cfc5e954a84f65c1e1dbdc,0.01207733117917087,41,1651857.0,161,7,3
2ffe5a394eec988734876faace263cb4,0.03252531448379159,7,,332,6,3
30438102a08b879bf5ba9857ceb3f643,0.002330470597371459,1,5843741.0,1296,21,3
304a41394e1ff4a848385c1ede136585,0.042408911511301994,9,92870.0,33,2,3
3075E3C99010426A88AACECE7CDFDD15,0.08984495850813265,37,12135933399.0,71,3,3
30b9369be15a7e5762a303fb21410276,0.007627262966707349,2,126090.0,32,4,3
30c66abe7d38a0a3fd9e84fcb8d5d41d,0.7530781468376517,22,1491557.0,31,4,3
30ea362f83a52dcc83360055722d1cef,0.14132771408185363,14,2048143.0,144,8,3
315d77166412262709fb482643144e74,0.03124825842678547,1,4969.0,3,1,3
3334665729667cd1ededf1aad671f26e,0.052948977798223495,4,10591361.0,173,21,3
346209debc77be2aa6425a8bbd36b7d8,0.036251646699383855,12,3179817.0,25,5,3
34c69948ab37160b8b41bad58108351b,0.1688006748445332,13,8431748.0,233,26,3
3528595428208adf99becc2e71652d38,0.03634704461728688,90,85498.0,29,3,3
35c5cbecffa3dfb90a13834d0bf10c2e,0.043182637775316834,5,2437164.0,434,9,3
366d6e6ba95d098023e63d0c4fdadcaf,0.1319923596456647,13,504958.0,98,3,3
367B59FE85C04844999BCDD63F791472,0.250722659220117,24,3470427401.0,25,2,3
370dfa4ca00299248af70e493073ef4e,0.633383572101593,1,875883.0,103,6,3
37368fcde99eea155d5b2e94746dad80,0.05102985305711627,6,682594.0,198,5,3
376b266c64ae0b5b6aa5c6a10c330c03,0.07347088027745485,14,95506.0,13,2,3
37702b4dbf1cf9892d9d8bb9f475db60,0.019396336283534765,12,426068.0,106,3,3
3804caf318e8bdc26c1773d1813484a8,0.14484480099054053,80,6900117.0,905,51,3
3859c66a2abd0a9b6e9c5bce433f2ac7,0.0698745904956013,12,1696116.0,364,14,3
3862dcc851e28dc430ec2f901a7e4a94,0.10953271016478539,3,21615109.0,2,1,3
388ff190d307bb6313d756491686cf66,0.06891699600964785,6,343434.0,150,4,3
3908ad236a659a8a04c3a07633b71991,0.022929178550839424,4,180222.0,72,2,3
3956621faaa3a998a8b2b4161d8acb89,0.02085257787257433,13,305532.0,95,4,3
397678336ca50ede50bcfb8c47482f35,0.036427770741283894,16,2334.0,2,1,3
39edb7de63d42882797883b83314b2ac,0.06274458626285195,22,79921.0,15,2,3
3C60D191762F40358D11F12AEB46F020,0.15342182271906304,9,3420833702.0,93,12,3
3D77C217F70A4311B82CBC3A4B3CD983,0.05,1,168559471728.0,604,19,3
3F9C7FCCEB764B0A812278D008BC8088,0.06445204734802246,3,24075765093.0,72,11,3
3a0687cbfa4534b27a8b5621a4afb3fb,0.07645603222772479,6,1533554.0,318,11,3
3a2f58b46a5ccc2867d02a28abbc2218,0.004273925442248583,1,6537344.0,46,11,3
3a3b67abfab2875ae3f3a7d656de3b29,0.17598816100507975,14,116999.0,14,2,3
3ad2df0c11649877a2ab44328b8ce7e8,0.1512968223541975,21,267947.0,56,4,3
3b78b8db743204d6304caca58338994a,0.030900612007826567,14,2045417.0,239,9,3
3bca1d05a5c9b1199ec7488ed335e902,0.1335842004045844,49,316500.0,37,4,3
3c5352ba38de28da5ebe3aee3c222b9c,0.0510011431761086,36,1598774.0,309,8,3
3db4e67960169e70aad5828be262c91f,0.013185363030061126,3,1035275.0,203,15,3
3e6fa4160ca439a868463d176d66a87c,0.008801085961749777,28,1927148.0,368,13,3
3f1cc869b856cb21d0ff61105ba600ff,0.0021230564452707767,1,22539436.0,1,4,3
3f601051b0bcdb78594a6bd2c10827e6,0.07537679560482502,6,5238.0,3,1,3
3f66ebd658f4b7e2e4389a81c1b06778,0.14145642518997192,3,691298.0,59,3,3
408882ba759458c635da3b8e5ca5ae0c,0.1524694412946701,11,1048287.0,207,9,3
4153443f2056573ccea0ad5b1ce9a1b8,0.11491221375763416,13,159176.0,7,2,3
41753d8ee1b239b71dc60844548ff841,0.18152297660708427,7,3012535.0,89,9,3
42071a2f9bafeae0eef3f6373141a9fb,0.0021727688144892454,1,189525.0,26,2,3
42847e9edcab567b43d20c29e6a194c6,0.008567880373448133,14,499703.0,135,6,3
4376ef7eab3a5e25c12bafacf3827014,1.1334226951003075,10,1021707.0,132,5,3
4410dbd24c9240939c1684fe4f572bef,0.006767295184545219,3,808721.0,213,7,3
45305f73d61086c22364b8eaf20c19f1,0.23927332228049636,13,2229314.0,193,7,3
45d1436ac7ce92caa968396b1172a7e3,0.02449866710230708,4,5614.0,1,1,3
463360ee1ccfc4321ddc2af71779d17e,0.02185935713350773,3,,1314,26,3
465e42d30bab59255cc4e6ab58034237,0.07022398919798434,21,351783.0,148,6,3
47055055f9e025b74724f4d5f11271be,0.6347563616000116,83,32413.0,14,2,3
470be60e8c4723013ca4e9b61b7102fc,0.04517348067020066,35,523841.0,95,7,3
471a3b88dd53f61ed43f584b98e2226b,0.004074517637491226,1,530504.0,79,3,3
47d2b82b9038ba5f1f6ab2597967cb2b,0.12266870401799679,4,26711.0,15,2,3
48320a016f33e10187f0c0a2e7874ce7,0.004718299955129623,2,654573.0,178,6,3
4882293f5c57859085bfc536a7f7c38c,0.2218818505643867,51,1944015.0,224,7,3
48c75e6822a6ce356c7fe462bbde82e9,0.01023632293799892,10,64808.0,15,2,3
496393152a32770de239abc51e02f559,0.025998471362981945,38,544919.0,60,3,3
4BC589749983443E9D376C544728A2FA,0.05210360390530886,7,3456957635.0,340,11,3
4a91a5991082941182b3f509fc57d3d9,0.16777071927208453,68,2974081.0,10,2,3
4c3b05751d5587eefb5886d8cd01b2e1,0.003064481250476092,4,437915.0,36,4,3
4c60cc31422925aec7eaf892e43921ad,0.009356888011097908,1,1373822.0,263,12,3
4d21c587246be6def1c6073e0b2d4684,0.004329964052885771,1,1168646.0,127,2,3
4d67ef8f788fdda3bffed4610ca47fc7,0.061367092886939645,17,421046.0,82,6,3
4e34180089765d54824dce6fdef6e9d4,0.02515086904168129,7,2567829.0,312,11,3
4e78b1ebc8031561526a9727875feaf1,0.25220146868377924,39,1387678.0,264,13,3
4e822843b03c2cb12184a6ef3c5974df,0.3843364636413753,42,337345.0,82,7,3
4eae8f4c9ac5c4e9e2abf19bd78298fd,0.004095977172255516,1,297.0,1,1,3
4f92f2c554ca5f4568271bd2c51f5ba2,0.1454000025987625,2,26685046.0,74,3,3
4f998c0715f614de61f5e2bae2fb435d,0.019568745512515306,12,13587341.0,33,6,3
4fcabaadd606043d93394cdeabc493fb,0.005631964188069105,3,293153.0,60,2,3
502577f8472a9aa4923849491e65a69d,0.060727066127583385,8,1286881.0,350,12,3
518135887a9a40593549ea51315c7bff,0.0032482247333973646,2,7018288.0,501,18,3
5283729b35be52d89f0554de9d05c803,0.26252268999814987,6,980601.0,41,2,3
52cd08623f17f671f50da7eda924b177,0.03027107333764434,6,1799239.0,621,13,3
5314a3d28fb6a0c73d18468b6637fad4,0.02012999914586544,1,1138.0,1,1,3
540f08dbba021e79ddc554bff16a1f57,0.10824049822986126,8,37136.0,22,2,3
546326d235bb4ac435bb91f17996a1f1,0.007399019319564104,2,5848230.0,1252,22,3
54becc28a6e01000049263faa6502f15,0.08301445154938847,22,1146511.0,182,7,3
54ccd252424e7f1a9591d0c5397d2651,0.0021857500541955233,1,3962959.0,1,1,3
554e1014504127773bc95dd1d4921e0a,1.3537610755302012,73,344428.0,38,3,3
563914703546478C9477ACDF67999B94,0.12754898071289061,3,2491.0,1,1,3
564bb606cb8e5acebd5b957a911ff72c,0.8279019612818956,38,116383.0,13,2,3
57c256fd54b1bc620f7b87d1ad3acb57,0.060764239402487874,38,779004.0,51,7,3
582d65ef2e941ad9096cce9a7e331476,0.02023053797893226,7,987648.0,504,11,3
583e4f0a154cb3f418e1d0d51668baf9,0.012102745473384857,1,242890.0,39,4,3
58451af0cd258f2da5d519490e7d3b1b,0.014888770878314972,1,881440.0,246,10,3
58c550b92837eb907d03689dceec07a7,0.0021055551478639245,2,1833602.0,103,15,3
59edc310f6d325ab889c92e916f26524,0.011482543777674437,14,13996470.0,300,15,3
5A3D5E5D9FFE4A9594691399A26CE9C4,0.23366115866757203,30,1735097781.0,54,5,3
5ce50ae6713a16f63564b6f22359a5bf,0.06667036865837872,43,879675.0,69,4,3
5d26af6c4ce28bc002857f6aa98fe806,0.029125170782208443,5,36538.0,15,2,3
5d36db6175f46c2bcda385fb32990c9c,0.12114611500874162,8,520938.0,728,10,3
5d5e47fbcc3bd6b9b0fa3df7af2aa1c8,0.02169645158573985,3,2132977.0,153,9,3
5d71b583b6c4354b4a586dd119773599,0.00776489800773561,3,360983.0,8,2,3
5db3a27f7b86b40183cd21bf420cb6e5,0.020194491371512413,5,6010064.0,20,29,3
5e5f8aea7e4e58869d4c68b9c345c626,0.015949024353176355,5,463603.0,50,3,3
5e8cebd94d9a7b9808738b1e6c96a221,0.755644079297781,31,7273848.0,3,2,3
5ea7560fa6cb99ce4b7a1d2ea7822451,0.4767417274415493,15,226944.0,51,4,3
6105aba82214fa7eae844e60e35c526c,0.01848647929728031,1,24130034.0,6,1,3
63ddc6be691049b7337b3a15123d5dfa,0.003248918103054166,2,,232,10,3
643193edc4ae3c3060a45f0e6b3f74ae,0.044564697658643126,5,1849513.0,217,15,3
643956213878ac0f04dba36310e8eaa0,0.029457316384650767,13,3244.0,1,1,3
64730a828b2a9352e78d77feaf92fefc,0.45099003054201603,18,5204.0,1,1,3
656f8004997b1ba055baf935169ab5c0,0.26605123304761946,17,4706287.0,674,13,3
65fbf5b30dfd01f9bb2f549c389ba1b2,0.2728827390819788,10,753006.0,137,8,3
6689fe53331be46aece74e3c0fefdf33,0.0288578022737056,14,865342.0,338,10,3
66F5BC1C229A4E3A8C48CC670EAF454C,0.1586964111328125,5,7699.0,1,1,3
670d443f3b133e20024045a3e25f5e07,0.09695404581725597,4,907104.0,181,5,3
6797F9AA58A347D5ABCFEDB5C8D3DD65,0.21374953221956888,25,94959572685.0,175,9,3
67D5CC94639648FD983CCD9EC15D0D5F,0.023645223402409328,2,3467222397.0,256,8,3
684fa536290c2488b6f6feb74ecf265a,0.008692231582244858,12,,367,15,3
6965f93c7aa532ff6b97b6dc3467ad97,0.007475696038454771,1,44981.0,19,2,3
6B7C7A152EF345748E630721218E7F83,0.06546985310633976,8,251377301219.0,194,6,3
6E6A407B44B04B898AA411B893E47222,0.07982831573486326,2,3470319658.0,40,3,3
6aae09589e86a3baf55be58d15df23a3,0.24731092667207122,34,58026.0,46,3,3
6b64aa660c6bc22529fd909fa7f91b20,0.009999999776482582,1,418.0,1,1,3
6c1ae913e11d6b270fb0491a6f51cce1,0.01628824882209301,1,4300912.0,696,21,3
6e206fe41a26891843d1c890b97d20f0,0.036587106762453914,6,4723667.0,1132,27,3
6ff0c300ed7e6a1c36ec928f3bcde629,0.0396345779299736,7,144014.0,27,4,3
70a08228deceb37827cde7aea1387a1f,0.03548407880589366,34,240440.0,57,3,3
70c747ffd695c0a77a2a2af6b25e35cb,0.07226699590682983,2,20396646.0,1,1,3
71ddd94f16e5894bfea2f075702ef64c,0.003098638786468655,4,805672.0,126,4,3
7234c8866aa23846c5e85e8c4b436e30,0.34648187924176455,35,1997698.0,171,15,3
72a123d31b470c2202338fef2fb52f13,0.016605428769253194,19,941260.0,255,8,3
72ab1d85ef43af67dd1687ca52826ea5,0.009999999776482582,1,1201334.0,443,11,3
732f3df964a290b32bd967715a1a788f,0.11120199761353433,29,1096487.0,460,7,3
737080480DA94463A062DB56D3FF941E,0.05772852325439455,4,13755242498.0,428,15,3
73d35b71c5e060be5ce5b698aa98ee4c,0.5261990055441856,7,150074.0,26,3,3
745686FF981A41E4B4017927218B0867,0.07614671234869386,8,13773184127.0,227,21,3
74FF0BC9137940819A6155728C5A7734,0.03248561668395997,3,1598033.0,116,5,3
758d9f5e040a50437eb9b285f1d56232,0.00197866719099693,3,5450593.0,385,21,3
7658fdf724332f44abdb596ea84213ca,0.029350035125389695,8,782790.0,191,6,3
765ea6c56fbff9c7872855e89c37a78b,0.0008620451553724706,1,634111.0,4,1,3
76C043844FA04E9AB1D9125698874F1E,0.06282365433831279,6,4722.0,2,1,3
76a1821f376f9a3359341182daf3d6ff,0.17808811445138417,63,572142.0,419,8,3
76f5f9fff7acefc62b705cf5d157a5b1,0.013983574695885181,3,7917604.0,1227,29,3
776a78ade748788098a4cbfddcb32c37,0.003775352379307151,2,4776099.0,339,7,3
791055d8bcbeddcee13712d03ef6b7fa,0.4675870034843683,22,,29,27,3
7a0a894f1b5c79e95e17a005ed46d2ae,0.10993487015366554,2,1532.0,1,1,3
7a633fcbb8a32075862730a7d4b5531f,1.5872967280447483,28,10332.0,2,1,3
7a850554d985c72ab40496dd37fddc1b,0.3413652963936329,12,56669.0,8,2,3
7ab63e9667aa9e579da5cacf33d699ec,0.45069320127367973,14,716321.0,283,16,3
7af85467deed0407acf67be62478ec50,0.04196714947465807,20,2107340.0,112,6,3
7c5b39403b6f7b847d95c6b098df5825,0.17619019001722336,2,1956197.0,9,2,3
7d2979396f4f9d0b18d9240b54bf5b5f,0.08127282746136189,3,724.0,2,1,3
7d608912645014842ba55e352732c7b7,0.10188735369592905,5,21765481.0,31,6,3
7e2c97da2a9b80912ab655c386a6d553,0.11308153346180916,26,1549172.0,209,7,3
7e84d2e7ee087551e91848d02c1a3b0e,0.042205512057989836,46,899119.0,220,6,3
7fdad643803d8c5eeb8c5d3a87e00703,0.005215597338974476,1,665.0,2,1,3
80622D9FA71345639DCC61141AECD81A,0.030585719291312354,22,313320.0,160,4,3
80f5653ca03323cfa5a2a379830e5637,0.003131979494355619,5,6169309.0,887,27,3
8278099377563553b8d4a90b8f8e06bd,0.03850349527783692,6,364025.0,55,5,3
82A16BC4E86048818DFAD0A930272EDC,0.1148679351806641,2,79781910096.0,14,3,3
82c636375aa7dd50ac0689b0cd9a73df,0.027899883221834898,21,,165,6,3
838976c8458b6a5f26a79564108dad79,0.025942194275557995,4,2542.0,2,1,3
8443a81cbbfb9dffa0e70b4c410f9c13,0.007604410056956112,4,34400.0,22,2,3
844d7204a3e46fa0616fd013d9cc1416,0.033157775877043605,9,1874300.0,267,5,3
85122f8726a8ab32831580a8f58c93c1,2.4595953952521086,61,4672749.0,10,15,3
86107ac2bc431c9a09c7d68b14cd582f,0.09362105143372901,151,4914418.0,429,15,3
86394bba436dcbf7239f8eda90cb4cc6,0.23646168410778046,1,1502.0,1,1,3
86b09dc65efc783a2eabdf88772b5411,0.02771761128678918,4,1963341.0,148,6,3
86cf649f35f43913cc13404b86438d31,0.35300667956471443,20,15594949.0,1,1,3
87608ca712199b7afc1a00eea24a2751,0.03041827806737274,62,73527.0,10,2,3
87d11740cf1f3d315459a835f8222afe,0.4079899489879608,2,2108877.0,513,16,3
8a06223866142920453ee5c562bd1c7f,0.043148188036866486,14,4788968.0,215,5,3
8af2a1c63278765bd869df09423ae932,0.01694732066243887,3,1527.0,2,1,3
8af3fb340c0cd3a1545fecf549997807,0.09444600436836481,13,77275.0,39,4,3
8b63d8f94b2f1b8c4712830db54fbb40,0.05165972301620059,50,430317.0,93,6,3
8b863633fe0438618a44909bba947f41,0.004133783309953287,4,648933.0,684,12,3
8cb3538d306788646fd725423b685950,0.05725986696779728,7,445059.0,28,4,3
8d6cb354c68f87e23aaa6e9538d74ca8,0.0037945848162053153,5,16886208.0,143,6,3
8df516e0e4540afff5d56959177cb4ad,0.023302622721530497,8,2465640.0,640,22,3
8e6256ae7976e2fdddf0d9f378907fe4,0.04256747860927135,11,12809752.0,34,12,3
8e8153a5e14f9c80f71c057a25203eea,0.5280762938782573,29,1432070.0,185,13,3
8eeb2bb517e3952196f533fd799e9289,0.04359019990079105,17,654359.0,336,8,3
8fd14ff37dc7d39ab1a0276fd02a88db,0.017730287741869688,5,44602.0,28,2,3
905c4761224a0d2968af4f24577ff8f3,0.021988071446685353,78,,219,12,3
90ac13f0b2e263e730200fdc2f79e11f,0.3877550782635808,26,23362535.0,2,1,3
913f33b202c963211bf683dc7aa7c882,0.05472447304055095,7,2979339.0,471,17,3
92222d577841acaca44b3e48c6387adb,0.3357904879376292,20,685716.0,11,4,3
9222fdacac2f96278a934619fac1dd95,0.0033749124268069863,4,1736326.0,117,6,3
926b24de80cd3c22372f9a8716531d62,0.002844766015186906,1,3996.0,5,1,3
93637380b091e468dde4e776ee08bf78,0.3394552953541279,25,1552926.0,323,18,3
9379FF0EDF734A82BA8AAA15C4F07D14,0.15951323318481447,3,25683984055.0,455,10,3
93a37a9813322c229278ab90ddc45f52,0.014887996949255466,3,192187.0,33,4,3
95357a296bd89077dbdca2a18b82db1b,0.01699716248549521,5,254711.0,11,2,3
9675a3ed76819149646cbb562ecf3578,0.012547909282147884,2,560127.0,245,6,3
96866EB856AE432D8AF84CBE91153FA0,0.012332627296447756,2,284553.0,105,6,3
96f565b583aadf3d29f43a9cc7889ff0,0.026371919084340334,6,1967.0,3,1,3
977a63cb949b05a6c4f679012fd79690,0.09020648896694183,11,188908.0,23,2,3
97945e4f1ac42c1f7609f54c3f6e08e6,0.11979630682617426,17,52053.0,25,2,3
993f8f97f64eac8761d57fbc16deb9c0,0.005100000184029341,1,13371313.0,68,11,3
9A9F04B6004C4DF396A6BF9489B95BF9,0.29569466955261237,22,3470273861.0,50,3,3
9aa8d5558cc485f5e1c3e5904fdb15e6,0.11786847468465567,23,219315.0,51,3,3
9ab6515b60fe62d7c6f0f2d319e287c1,0.7713715732097626,46,1383711.0,226,15,3
9af307dc135da861409c0a693db1f1b0,0.3198603270575404,29,4985816.0,367,9,3
9b4ba5e4e23318ab94320533ee8768de,0.04366527986712754,14,144360.0,38,3,3
9b50687ee05b7b01d45e0fe530a92e9d,0.0025911510456353426,1,772.0,1,1,3
9b575f5e9a1cbf327815ab5bb38e9902,0.0016833000117912889,1,1489.0,1,1,3
9d2862f09af1b2a65a75607dd003234f,0.09235254488885403,4,948161.0,45,6,3
9d3def9d77da4ca57de18d4cf7a1f3d3,0.08874435350298882,3,416910.0,75,5,3
AE687C3252FE47E7BEE4F8936B8D82D8,0.5437572098396615,28,1735274298.0,30,2,3
B414073A3CF04823AE5394724C3F0BBC,0.07978070640563965,3,2738.0,1,1,3
BB46EDEC45084FC39E87C0C13ED7A044,0.07554127111991246,7,1000466.0,142,8,3
C7E1A709261C4741874A0E25BC48F167,0.02489453672147933,4,152264754323.0,1137,29,3
C816CF35E695492A9095EDA8E10F7A3A,0.03854349177946817,16,12788940.0,134,9,3
C8CC3CF54EC94617ACCAB78ADA431173,0.19119356536865234,5,1735420438.0,2,2,3
C9D245176FDC42E0A498089610E492F1,0.11298319541130747,5,3467267746.0,311,6,3
CC153539EBA9481CAEF5D42F35664FE5,0.030373798917021074,6,18897288316.0,1131,32,3
D2E6368D76AF4D19A315F81B70585A57,0.39049987665272906,9,,141,8,3
DBFF33C36D9241E686F766066D2CB323,0.38641092472979427,50,5206106398.0,38,2,3
DE86662822DD484591B6E3387360836B,0.12009332346967433,33,6934029135.0,126,8,3
E4ADAB2F78E04F4DBE2205982D66D3F2,0.5649886779785156,5,6939513155.0,22,3,3
F2318983F4E4472EA86858FE08CBF067,0.10427792843774414,11,135196740624.0,178,6,3
FE0E65D0356B45159520C662F879150A,0.0711070601892395,15,3461296217.0,406,9,3
FE753AEEEFFD4942B2E8A02A3B64DB3C,0.09427527788185339,10,31130695197.0,27,4,3
a065a615b4ff107708520d29f804275b,1.1785579561255872,81,1273324.0,400,10,3
a06797a6b29bad83ef59fcb44dee272f,0.12958468723809347,139,1258220.0,128,6,3
a1367126290e7d270622586bab09a9cf,0.025478818453848362,18,40356.0,17,2,3
a15ed6106cf1f1cf4939b0a9a568814b,0.05091148446081206,36,5946959.0,1672,8,3
a255afe3b15ae295a65a7ea6232ad523,0.14247845113277435,2,592.0,2,1,3
a4c38d5753da1b7879ae048f832e7746,0.008795407600700855,2,6043264.0,1330,17,3
a51294235e33b8642d1e91aa5712bd9c,0.01776532712392509,7,2204839.0,205,7,3
a5218ec368cf03a5e9d5c531557017b4,0.019295770151074976,17,1132868.0,152,6,3
a5622021b5e9491406e693fd2a271f91,0.07871152274310589,10,118848.0,13,2,3
a5826a1a2441a053255c149e814dd860,0.47838637232780457,5,3061432.0,296,12,3
a60a3219eb9e0d38b0161ac4837699d7,0.019417544826865196,4,1115557.0,196,9,3
a6fdaeb08f2bd8953ee365af9fc7dd1b,0.4957232177257538,1,22448135.0,2,1,3
a726b056479085269f514cb4d8e62e79,0.030649491352960467,11,15005.0,6,2,3
a741a756610e2fc8aac35cb23237b718,0.20540329534560442,23,182874.0,43,3,3
a848c141cdace1a8756a3efff65f5827,0.0019078500336036086,1,,68,11,3
a8957b4467a0ca85944e6b632a1e5ed3,0.0068425447680056095,1,101708.0,32,2,3
a8e180c04b3b0cd056f08d55ac8e9a99,0.529668927192688,1,1242516.0,52,4,3
aa7ea0f6064ec63dbe0918972f183aa3,0.011836261488497257,1,2289130.0,139,6,3
ac72a55fd7dc605246ac2c4c640c2491,0.05333647783845663,10,127330.0,16,2,3
ace7c413bed4aeff9bcf86aac21ee997,0.12932043801993132,46,101831.0,21,2,3
ad6ae29da39391e0415432c85b451cd6,0.05074282456189394,7,4906185.0,5,7,3
ad9cbf21abeb7c5a945214f9acc313c0,0.7228220570832491,29,3090.0,2,1,3
aea7ad1cee5a33f230e901047dbe84f2,0.2689524320885539,25,27725840.0,7,2,3
b020b94187a9c7f37df9e40b6f719510,0.15170692605897784,23,284362.0,2,2,3
b026684e899f6e242c7303785da7f48d,0.020982490968890488,23,2994382.0,385,17,3
b02d5cf241e548da05496922f4062579,0.02104180643800646,18,2804506.0,524,19,3
b239072608d4530b9d77210371971907,0.11026727966964245,3,1921.0,1,1,3
b2505b8ff438069b6e8996090e5a1301,0.3149756006896496,12,1054.0,1,1,3
b28ea6ff954e479a1bdb8ed241b7fe5e,0.00952216338191647,38,3486160.0,423,10,3
b2c2b4f8dee7c1866ff4d3e682d84051,0.011260108090937138,1,,66,2,3
b41e21d41df5201cd4579e5f375f72b7,0.05495822592638433,18,2220446.0,125,7,3
b475fad9cabe727660e981ae9c134423,0.5671635530889034,8,20955340.0,10,11,3
b54798e22a500e4daa6dc53ff68797cb,0.004700616002082825,1,4613736.0,870,20,3
b77d0b43e916fb75a65415bd5cb728a9,0.06295200460590422,13,1949187.0,91,6,3
b7aa17c3cacbc46ea28f08eaa3be8979,0.038730401545763016,1,2500078.0,24,13,3
b7f3cf828c6f4d5a24ced9eec3d4f99d,0.011646405211649835,7,1144060.0,121,7,3
b87a00602992a530689ff52e0dbbe223,0.07580949040129781,19,78045.0,11,2,3
b8b969b5b3acf6ec20981dbb8a7f97ce,0.01958623342216015,6,133517.0,13,2,3
b91b3dc844df981b14262508af03bebb,0.11248388327658176,24,15974.0,9,2,3
b9ebb92a1ebded659d152129232a8c71,0.12032433040440083,37,716350.0,165,4,3
ba8d30cda78587e5f2e9fdf9c8d993f1,0.022403735703846905,93,166068.0,36,3,3
bb07befaaaf5cd9a571ebbc46e488e4e,0.00826970860362053,3,641996.0,67,6,3
bb5a16f696f14774c6de27737a5c9c58,0.6918603479862213,50,476767.0,102,3,3
bbb282aadc11cfce7d186cde105a6243,0.015455945394933224,2,432012.0,31,2,3
bc2ec2416ef1aac5480cdb2931481f7a,0.04854563623666763,1,511.0,2,1,3
bcb7bd8787be8d51f465a64ccd8fc323,0.14862551004625857,32,30563.0,10,1,3
bd7ac0aff10905457707e202a286bf5b,0.02323401579633355,3,958058.0,140,6,3
bf1409128b51709938e958c623435d01,0.0055653126910328865,1,26476.0,6,2,3
bfd4b42124737280bbfa179e307fdf0c,0.03776816348545253,11,1411600.0,349,12,3
c01ab4f796903b7e77c0338da36ce79a,0.049624368897639215,24,152697.0,40,3,3
c0279805b436b0e9b98794e9101ece64,0.11403698287904263,19,191853.0,15,2,3
c04b738c076728ea6b7a413d57e4c5ae,0.015138973452849314,48,667806.0,204,14,3
c04c807bcbcf3998ef04e2a791d5f70c,0.0037603750824928284,1,9111848.0,92,8,3
c0a8c985f9c12c4d1e8597ad39de90be,0.03287666384130716,5,2274460.0,346,8,3
c21cbdc8918f01e9bc822d5c27ff9f45,1.0164000988006592,8,2574.0,3,1,3
c281b96f2d6b036827d5111aa5c02436,0.06402233149856329,6,10173291.0,2,1,3
c2831217f3638ad41215001119e727a8,0.002834462095052004,1,2418131.0,553,24,3
c34fe29dc50672ca25a905bdeb34cb92,0.02672805916517973,4,2226563.0,347,12,3
c629ec547b9bf37b3c313afe9e5e5b39,0.01416537119075656,2,636.0,1,1,3
c63c5a9034275133bfd67e11da736161,0.01201268588192761,7,494027.0,88,6,3
c6b4e2e1dd2b5a42b1bdbd88822359fb,0.0500495582818985,5,1615456.0,376,7,3
c6c84bf21af2750bec0d83c33678c253,0.05724035738967359,13,149535.0,35,2,3
c6ece1e372e3e5cf48c6bcc770c46ad8,0.4724777191877365,2,2287.0,1,1,3
c832d87c8a3d45cb07e7e63f400762b9,0.054554592818021774,1,3709081.0,655,20,3
c85c3e83f391e4ee0da3a8795d7dd573,0.032359298318624496,6,2032904.0,422,13,3
c8d93f83775c21d3af2e6a6a7d527a1c,0.005027968203648925,2,2133991.0,350,17,3
c8f5c5886959481bf6725726f89ea084,0.0010657803941285238,7,441212.0,187,6,3
c9c1b8484ed3275b968664c2173d3838,0.0013167000142857432,1,3747943.0,679,19,3
c9c60866707692cc045e39f3cfdc9037,0.02124394802376628,3,1099.0,1,1,3
cab1f0c80a4e49122c0932d9ca286af8,0.10047809639945626,15,2609903.0,14,13,3
cb38e5e93a3fc4a364240772996e0346,0.011630912078544497,7,2920425.0,307,7,3
cb9e080328b7732ff2a31c6b7bc6fafb,0.07699471432715654,10,12780802.0,195,12,3
cbd7cd43995367ba5c41eb64868d5f05,0.0310658635571599,3,22177274.0,57,8,3
ccaa06d37a6972bfa02f2cc0b392d022,0.30172703589778394,146,29991914.0,150,9,3
cd8ffbe5ba1e9524a0d3a089d140f91d,0.06266749650239944,2,2101771.0,133,7,3
cde043c0a5ed861828312dedcac30e7c,0.016854040208272636,8,1907507.0,333,8,3
ce430ecd0b0156bc376d12e203692b1d,0.016331027494743466,13,30224.0,11,2,3
d0f5edfd19f960d857e0608728d504ab,0.01693741441704333,12,6969365.0,1248,36,3
d198cdce7d8e29229282da76c5693398,0.050290382001549006,6,1159.0,1,1,3
d1af278ffd8cf2fa95c043e844083942,0.14194253087043762,2,53475.0,17,2,3
d1cc5b97ebad8079d1d703dbd69fc758,0.012549925595521927,1,53464.0,14,2,3
d248ceab3130d398ba3213bf29fbcbc6,0.04165367205860093,55,916146.0,134,5,3
d307a8f7e3ed7cee16f766a135a7f226,0.4577891053631902,23,32658.0,15,2,3
d3386c27622415bfd743d9add8381ad7,0.0044743621911038645,65,2979369.0,376,10,3
d343ede31063f1cd0545b1c9fb1735f4,0.35991171002388,9,695571.0,77,6,3
d38311ba29977bad48d478df5264dc02,0.0020637051202356815,1,1126173.0,48,2,3
d3d78d47821ed79d3418ed9240784859,0.011893122689798474,3,3254214.0,382,25,3
d3de8f42b1c102a415aeae0e95ad077f,0.10489632724784315,15,44359.0,13,2,3
d4be59738214c67727b64d97e232ec16,0.019349781796336174,1,1951.0,2,1,3
d4d0441e5d5c3aefc7c48003f094305c,0.04094912204891443,6,128463.0,23,2,3
d550fd2a489150d2f42b389f9ca3c8e4,0.15561086870729923,22,1045537.0,83,4,3
d58091b0508df9ae6f938b184b6c7861,0.13928706338629127,35,7190012.0,776,36,3
d5eb648676d7fe99354a15f4e2c6387d,0.21155113191343844,38,860994.0,322,10,3
d6f4e79ba45d0dea294c6f7666a9b287,0.03148028999567032,1,805538.0,242,5,3
d7a85f86dc207961c76ad100dbc572c9,0.17317318200366572,47,3006012.0,405,11,3
d89602ceb5a7cf260afa0f174e2d62d0,0.027907456504181027,15,1782372.0,366,11,3
d96772130e78b26ebf0a837cd32ebea4,0.01522679440677166,9,647174.0,73,3,3
d99342ddc3296f937b5f5f721c423b63,0.2330502886325121,9,19056110.0,1,1,3
da439c7e052cd2cb87720ed1c706de4e,0.028261010185815394,11,322815.0,93,5,3
da5b27fa8bccaf3ccd201fe0737f0b51,0.05505102500319481,2,884220.0,83,3,3
db1d8f642012cc3904995fa995467e09,0.29701814614236355,29,31618.0,9,2,3
db413c5fe19f470db9f14d4064f59ba0,0.006909212796017528,2,1472230.0,308,12,3
dbee8d8e1b84f1da54320a53dad837f0,0.10870276112109423,9,69748.0,14,4,3
dc1324634f1ffd4519e1cbe602ed0943,0.36832447350025177,11,877882.0,179,6,3
dc48a0313ffa446fb720d4f413c05fea,0.15485401568003,40,1835225.0,495,9,3
dc79c5ddc13fd3270386389fa832aa9f,0.05145547632128,7,647159.0,84,4,3
dccab2aaea8340e9a72284a2e407a345,1.2040249183773994,5,3940.0,3,1,3
dda68a3fed022e8b043a0d8293c7cd7f,0.021662857237970456,15,17015867.0,273,20,3
de138d01f871d3baef774d9af8d7eb8c,0.009502167580649257,3,895.0,2,1,3
dee4d4fda54f076d7e98017d50596924,0.04830627050250769,5,100613.0,18,2,3
df7f77940d78a40ceee29fd8b200aa87,0.0025678236852400005,3,468584.0,503,6,3
e0eaf8585468f4b6712870b8629e256b,0.17086000740528107,1,1852.0,2,1,3
e1f65e2c51c1190dda85de67a9c2261e,0.02363091753795743,3,80186.0,14,2,3
e20b9fb9f5d9ae811da9c160c43df985,0.19386783218942583,161,36241.0,3,2,3
e24dca2c17ecf43421f3d6271a0aa9af,0.006010829005390406,1,3949.0,1,1,3
e25e3ae2df023eb9d9b15af15f6cc0dc,0.6729874638840556,31,22502.0,6,2,3
e2c90baa3481e87e30dcbadff87dd91c,0.027774030342698097,1,548986.0,128,6,3
e3e160677c2f02343baf25978c1d82d3,0.012175717391073704,1,661712.0,28,3,3
e46552229a966d5590dc7c1b724cdbe9,0.03125659376382828,1,32403.0,4,1,3
e53231ee1506cdc0a4440fb36beffdd4,0.0566407844889909,9,1681379.0,177,8,3
e5441729f81b58cfd002c142df9cc503,0.029339157277718186,11,2167160.0,192,4,3
e549d00f376ec07fb9c2dcc6ddf3fd75,0.38832223834469914,136,2351759.0,206,15,3
e63670434ef9fe25ae6470ed0ae78870,0.04411305394023657,5,1133781.0,70,6,3
e6a530848d2a136ea662d68641e13efa,0.24234021827578545,9,74210.0,27,2,3
e7527e452f3783708a3ac12a03738ea4,0.7525433734990656,57,3050322.0,753,8,3
e787ab73c4d46572eb317caa5e77dd90,0.004013187950477004,2,168860.0,98,4,3
e80d217f48f3101baa3cfb8c34f128fa,0.1029438452096656,84,,220,4,3
e82d07829efa2ae766c0c9bad31a0f8f,0.02296626567840576,1,1949575.0,270,6,3
e855f8d72e23a286614103b464c2ff2d,0.09831914957612753,13,2376621.0,661,20,3
e85d682cd075f99d4e8fcdbfb38340a1,0.024074567947536707,7,4508081.0,442,25,3
ea208859b3e90e1f026c5c5762e57e11,0.011995581502560526,12,875572.0,27,6,3
ea3edb58c0891e66bf54e0c92ea93912,0.0941807113122195,25,2038142.0,309,13,3
ea886be5ea0b669eeb90ce5ed2c87d4d,0.6223147660493851,40,842476.0,39,2,3
eb456b3ba2e78e905b413729759a3bdd,0.3278178097680211,22,126696.0,35,2,3
eb9cfc9e3e5d25d14ef026017fe54625,0.10385788511484861,18,187802.0,29,4,3
ebf6d34d223ad01743fb259ddbde29a0,0.08374297991394997,7,1008.0,1,1,3
ec01f48583507608a140615bf552d286,0.0733784232288599,3,61314.0,19,2,3
ec40cf3b97a325a549932fc009c0995c,0.013619400095194578,8,4793476.0,666,19,3
ed5842339c192f9008d154bbb0a41392,5.42494261264801,8,12684541.0,25,2,3
ee88c168fdf2dd514dd0bc6b9df6a7d6,0.0104943688493222,3,2720.0,3,1,3
ee8e45d27f257f0f896dc53b8c918882,0.2749773550312966,64,827847.0,27,2,3
ef5d796a3d2445c374e664bed9d862b7,0.012190650682896376,2,3627444.0,290,13,3
efab79db06496a61dcc1b53d9ea62a28,0.0029665264301002026,2,1571.0,3,1,3
efe435b2e6a883e6e2f0ef5a63916094,1.0734838000498712,21,2407043.0,631,10,3
efff32e468018f0b75e35543798da93b,0.00789713952690363,2,4719004.0,412,12,3
f00bdf51cb02623d751458984c38af87,0.7376496293582022,32,24116288.0,13,3,3
f027f152f3d99d49ac2c9af62a11519b,0.09773652302101254,13,121377.0,63,2,3
f22a72a6e8291d47f6a09f21424f2665,0.17392942612059414,39,185639.0,26,4,3
f46233006a3c14e0d25e7e3a3998a3c3,0.037216752767562866,2,912370.0,593,6,3
f4ac6eb4fe8fcf20e15a11d57c50536a,0.13538875989615917,6,3873.0,2,1,3
f4f09e28fd9102e268c44b30c69e79e9,0.1619638279080391,4,2712217.0,133,5,3
f682c89720fc082d0a6204fdc724cd6b,0.4179950200486928,141,278849.0,71,4,3
f6869d28becf807313b9d0495de1baf8,0.007091894745826721,2,624155.0,142,7,3
f6ab267da3af1acb432b3014b5030491,0.21034210547804832,11,26664491.0,66,4,3
f88a7cfa057b72b2cbe78fd860ee91df,0.006701840320602059,9,5602584.0,562,17,3
f89ab6ec91bbcf653ba26a15013819eb,0.43731599301099777,21,116749.0,67,4,3
f93bc728f989b78d3de6366e86310daa,0.0032928702421486378,7,738915.0,94,7,3
f97d17dd05ce7c66f82d57ffb4c4943f,0.006844823947176337,2,2055.0,1,1,3
fa1fa373e48bdbdd093c7be75b2c0a8b,0.3979238420724869,2,10592460.0,4,1,3
fa23b2832fa5a2a8cfd80be68aa1ccd7,0.011524948058649898,3,2955630.0,308,11,3
faebcb541c07a7893a8ab8bc0c5dbca6,0.01732785075728316,35,925959.0,275,11,3
fcc8d8c2f18e564b8638651da814703b,0.005015747155994177,4,27380.0,13,2,3
fd02399ea4d31e0d93a7cfe9b59b7304,0.027369845658540726,10,331713.0,40,4,3
fd2a55ba7d08b7b0642c337b08f2ed4e,0.11137188971042633,4,4302653.0,562,17,3
fd336f620a2857f7a33801f9d8eda371,0.06762619828805327,13,867208.0,218,8,3
fd5151ac6615296cddc0f0b867d38324,0.02684984914958477,11,1119208.0,72,3,3
fd5238dfb47d71172b9e66e83fb3b5dd,0.050597758032381535,5,175651.0,60,3,3
fe4993f337832b0a48f42c9e45ba9dd8,0.038968872744590044,5,1091171.0,152,4,3
feb5fc81a001f19237fb8fbf3592b53d,0.047724539996124804,22,3437.0,1,1,3
ff16f0b6ac33e5ffe14eeaf9bd94da20,0.004463662393391132,1,1120.0,1,1,3
ff2ea86af30ee900b98edbf945a3bae4,0.005391555896494538,5,1971907.0,266,8,3
ff35e2761bac61ab862a0901fe019555,0.07869350716646295,223,,200,6,3
ffabbe5f68f11dcb4b9e671c8aca2e4b,1.4183009308762848,54,47108.0,7,2,3
01c97a5c7222d47ed7f2c7a76b3e725b,0.03256320860236883,3,829.0,1,1,3
0da1f3aba3aa8fe4edccc24c35edba3d,0.00336231361143291,1,3626933.0,564,9,3
0ecab4329fed03b3c1877fb84ad0bd15,0.005332041997462511,1,222.0,1,1,3
1faaf490878e56ab8484b80327a354eb,0.10250099748373032,2,3273.0,1,1,3
254F98F435D8418EB12061181075CE2D,0.06259474563598633,1,520.0,1,1,3
2d68168925dc34b40a8a902988934475,0.011210000142455101,1,234.0,1,1,3
35252b342d85ef196b3b6dbb5970af2b,0.017720866948366165,1,886106.0,43,4,3
4c584f63fcf733fe997db2bca53a8a6c,0.0410296656191349,2,1291.0,2,1,3
4ca39837f9b7a6d7f1b4f1645bb43f9e,0.02466677501797676,2,6129327.0,804,22,3
51e390b0ec01736bb1beb44c9519b0a1,0.010083808563649654,1,1178640.0,178,10,3
57837a0b8fb14959c6f642fb400981af,0.011155680753290653,1,105632.0,30,2,3
59158f9c0f9b42a2c06c92162794146c,0.023680209182202816,2,2776612.0,37,12,3
662cb3b5ed052c4375f185027582dd77,0.009999999776482582,1,985.0,3,1,3
6a0c54904608b6b2b9159666f8728495,0.004310285206884146,1,5358908.0,527,28,3
767c805fba9ec3dc37b666ad322d042e,0.01041856687515974,1,1180.0,2,1,3
799ed5e48b404d45a9bd45ab9bf842c6,0.0014913055347278714,1,1328162.0,61,6,3
7b5fe9acf0aa8ae694ae45fbe67ddd97,0.03682554513216019,2,1883456.0,520,13,3
818e92ad5454b8ead5f3826772fcdf5d,0.14305733144283295,1,264989.0,186,13,3
84A696A0555D4E69B98A29FA92956821,,0,,128,9,3
90c780380f041bec92375877ef8b399f,0.9523805379867554,1,1365.0,3,1,3
A54F9360416A4BD2B0236FB8ADB17D8A,0.20007716369628908,2,1009.0,1,1,3
F8DAA31C73AF4B6EB4C73135B6F98C1B,0.06176772689819336,2,5204618962.0,42,3,3
a9e088c05a366058838c653594fb1f2a,0.020334910601377487,1,694.0,1,1,3
b3ea1c2843b9a0adfcdc00bc7f83c6ad,0.009797499747946858,3,,343,13,3
b51d2b031f25a05d8b5cd4d4c8e94ce7,0.08058343827724457,1,46222.0,14,2,3
b5ffa8f8429355112e1faaf85826b0e4,0.026080595329403877,2,8420414.0,18,5,3
b7085d325ddbff3e958e8a2879047390,0.10688388347625732,3,1072121.0,42,2,3
cad144617b56c7fae9ccf5b924a4d11b,0.055933933705091476,2,17188818.0,1,1,3
cffafbc0b6feb45cbb72f5a1437205a0,0.10000000149011612,1,729.0,3,1,3
e0e588efeaabe86e9a5f58e10ecaf117,0.00032679998548701406,1,2414725.0,486,16,3
e128b24c659ca737b5c2afb952da0b88,0.005905559286475182,1,1175405.0,208,8,3
f1124eeb3e31e35a90033a0f73e7dedc,0.04557221755385399,1,1985953.0,3,1,3
f481909498c41ac99c6cd76d3a307104,0.0020779226906597614,1,657476.0,385,6,3
f9639931d99d526948c586df618fc915,0.2229977808892727,4,1655821.0,287,14,3
0a1fb7e58abdfeb07cc1a45789ae5531,,0,,225,8,3
1020d317d0436e2c528f363487044dc7,,0,,884,35,3
224252585b473bee7e5897b5f95d7d27,,0,,17,3,3
2c082d66ebe512a792928f18db03f3cd,,0,,111,8,3
3180ce8bedf0538f75979435b2feb474,,0,,15,3,3
44d0ebf5d5a3ad91b6935a6482d29e04,,0,,9,1,3
4b6afbbca178c123b3f88d61e81272aa,,0,,16,2,3
51e99daa3e4f7e8edacc78f6371044ad,,0,,9,2,3
61894ab57408596b68ab05eca4ea345f,,0,,57,6,3
70fa7b2d169d3e9252bbd787e723566c,,0,,4,2,3
73dd276bd89cd35215402bdaec8f3607,,0,,26,4,3
94517e6fdabfe6e10f35eeb105156a3e,,0,,54,4,3
ACCF73465C9B464E9340FC3D1B919347,,0,,357,16,3
b9afefe9d8217c48d97dca02867bd005,,0,,15,3,3
b9d3b2838fd5eb3927bd6c827e75079a,,0,,604,22,3
c38afe165f6ebab809bcd7d9ca4fae7e,,0,,22,6,3
cd1495956769d2a2ba517935494a6540,0.11340447515249252,1,77277.0,19,3,3
ef3bfc671c51368650e64c111cd9021c,,0,,20,2,3
04fc2eb163d6b4caadca9ce901ea1fb5,,0,,1431,29,3
05492ED3ADA94DC9AF37885CCF1E77DD,,0,,326,15,3
07e853db96bae391dcc4f150152f36b2,,0,,11,2,3
082e648f053e842484da761dfab737fa,0.22163449227809906,4,26353.0,3,1,3
08d4982be045ad2a1635fa6ed7b0dc23,0.0006597119499929249,1,464720.0,147,5,3
0DEDCD125C90473696EF3D3EF87D1C63,,0,,137,6,3
0e1bc656480aa6456c94eefe0b5830d0,,0,,12,2,3
0f6e10184e5db32c59a550f53e826bba,,0,,69,2,3
10690a5589acead4f61309a257d8e6fb,,0,,172,6,3
13fb1bba45dee17ff19e19edb6836c26,,0,,10,2,3
1404be6630e43234e9a44b502be57af2,,0,,58,4,3
1969426d0bd00446cd371455c5462e64,0.012562799267470837,1,1234.0,1,1,3
1E3F5E35A3D34C59ADE85A432E8ABBA0,,0,,333,6,3
1a0df25aeffba3b32f7abd6fc50467e0,,0,,1,1,3
1aa7e8cf49d6ec13c468dc03cba9c2d2,,0,,1,1,3
1c7c63a9ba77f3d0008795212bca7222,,0,,2,1,3
24e5f63a9c163f3521cfb7deab0cf70e,,0,,49,3,3
27fe1586f4b0e5c949f531402cd31f2e,,0,,1,1,3
2a0e606726358639a52b7d1ac8c9a5f2,,0,,1,1,3
2d98f59e3ba2dbd079f1c2ff759e5b0a,,0,,21,2,3
2f9112e050f4e35bf987f209b8450665,,0,,1,1,3
305ceb37679a3b1acb93929edbcc716f,,0,,146,8,3
313e9a52e9ef8039ada5a2bf60130dd4,,0,,452,11,3
34c46c6af4ec22a70d4faf9c5ea0ebdd,,0,,48,8,3
3580747af09dda8db2e17292ad7ba0b8,,0,,3,1,3
395d26674106aff705e1864103411196,,0,,3,1,3
3c4ec10d4c6c953b512bed12df9600a0,0.018368681892752647,1,499089.0,26,2,3
4031df8fc889e74010765cedbebe1586,0.013633029535412788,1,290.0,1,1,3
40b684760ae484893c844b53f93019b6,,0,,83,6,3
410953fcba02038119c3ddde59ddf318,,0,,1,1,3
41e34308332498efbb3e982013dbac03,,0,,590,17,3
44f5efb1e7b89698576cc9ff13ac6445,,0,,1,1,3
4789f7ff8cb784709d0d9f9160eeac62,,0,,1,1,3
4a8070ad2d79a0704de335f1a3c307c8,,0,,68,3,3
4b26ae209fea362b5c1816c90e054790,,0,,24,4,3
4dec7a1f185f9c1fe62af78da9293d49,0.0012539367889985442,1,1268.0,1,1,3
513f165ce816a0a6cdc172daa67398fc,,0,,1,1,3
51795cc6e8e79cd8bfafa04eb04577fc,,0,,104,39,3
56ebc1709e41f606fbfaf5af4523855d,,0,,2,2,3
58fbf5437797af524f4e51772f8b7b58,,0,,1,1,3
59A18AD09BF34695AF4E636169F5D169,0.01467771053314209,1,10312124211.0,635,26,3
5a9a5283d530f552b0bc7b92b7d1c75d,0.1792466826736927,3,48456.0,14,2,3
5b0bb47b224784c7c3e857d75490d19a,,0,,448,6,3
5b83f1ff73f93cec4f9cef3299e267ea,,0,,199,10,3
5da18a03de3f781749398f1930f8b8cd,,0,,630,18,3
5f4afa53db1d4617058cfcb2a8ac523c,,0,,215,6,3
670c24d5d1d7647ce179de3307518d2a,,0,,330,12,3
6a03e53c691bd82ccc9436f96168cd9a,,0,,6,1,3
6f826ed76e1498aa87a2d7b4fb720a40,,0,,35,2,3
770d3210ade4faaaf4ae963fb66251e8,,0,,58,4,3
789fe53dd1be4f9685b6e13d7c1339fb,,0,,5,1,3
7e23cb219ffcaedce1f6d19ea19f40cc,,0,,3772,33,3
7ec1eb7724df77de83334031c0bc0309,0.23837754130363464,2,762930.0,190,6,3
832c803face169175afcee390d7a3760,,0,,3,1,3
89e7933cd7cd418e344b4ea562bc0f19,,0,,2,1,3
8ABC5549FEC7406BAC8939656755004C,0.04766179847717285,2,1791.0,1,1,3
8D1457B570514822AAAD2948FC23E753,,0,,2,1,3
8b2913347902c697ff402568ee819f89,0.0024122281465679407,1,105342.0,8,2,3
8c036cb806e61e49eea08c73c3bb7aad,,0,,2,1,3
8cb72af75abbde3ef093dfd2fda5f899,0.009999999776482582,1,7283300.0,25,20,3
8d2a165ffa5f2a6876c10c11dd27d085,,0,,1,1,3
91E64E461A214C949B58F9B87F0DF8E9,,0,,1,1,3
92d92541de8bae670d5af35915617c57,,0,,1,1,3
9600725b887890b848ca91f36c50335a,,0,,13,1,3
98c4379c3e61d9f17c807b1ce38460dc,0.005114643834531307,1,1939623.0,372,8,3
9adac2ca4e0a5c424bb4858ef7f44f79,0.00347270374186337,1,2034.0,4,1,3
9bf655eaf349f39a7862c202a172c792,,0,,9,2,3
9d207f4dd22d4b8976f9522937524e95,,0,,126,11,3
9fc5dfd7645ba03249ef868e7ee1ed07,,0,,247,14,3
DF3BA8A412DE4D2894C1456D0EB6CE6E,,0,,1,1,3
E596D66CCE004B8F9E21E61CCA764A53,,0,,119,6,3
EBD036E8D2D1430F842F2EC7262D5229,,0,,714,28,3
a39d22d282c52a1fb6f92cdbf736e7fb,,0,,618,11,3
a59668443255e57bbfb0f22e72c214c9,,0,,1,1,3
a6ea2c0dce3fdd58754718448d4884b6,,0,,495,8,3
adff02a010029c5382649d99a5b08aad,,0,,1,1,3
b0cd74f234253652f1a54f45197f8a25,,0,,4,2,3
b78e35a25452d9e72eba25c6a7c7a3ae,0.029984310269355774,2,2303884.0,77,7,3
b8d97a5acb50dbbf7903e54a38ef501b,,0,,5,1,3
bd97826dc77e2b0016b8885a8f8d3a62,,0,,2,1,3
c180f80d115e14849ba28a75771ee8d7,,0,,8,2,3
c1a9bbab5e18d3a0597480550e6ced60,,0,,2,1,3
c24b273ff0dbf88a6d8d0faaae6b7c73,,0,,2,1,3
c34da03e7a6f94b118c97db4f8c920d9,,0,,2,1,3
c6aef5de50b30a3c54c8980cd64cff43,,0,,492,22,3
c8df8681efa725ed1dd5ba0e4b3dcde3,,0,,1,1,3
cb59accce4a3f187ee9b106e863e88b2,,0,,1,1,3
cb6d3bf4b255502fd46f929928566f57,,0,,4,1,3
cb8b468f293df9d1d88990da2ccd7d1b,0.012082592584192753,1,634903.0,44,5,3
ce3155394811d35affa5bf9ed2835520,,0,,164,6,3
ced8d4411b41dabf1eeed502b257a554,,0,,77,3,3
d2e7eb4474f18873d5bc2fa410efa005,,0,,2,16,3
d61a8c46fb9eb1436e9e5cb49ac4131a,,0,,318,6,3
d707a0ebae5224b7cbc7426f6f6bb750,,0,,258,8,3
dce8ccf00402ed0be146b700cd0afeaf,,0,,26,3,3
de23c56906c140265129d0d75e24e64b,,0,,1,1,3
df8ab0d084e6f5ebc1415f3deca88099,,0,,104,21,3
e143cf0aba3c3ec3666ef595fcbfa385,0.10585221648216248,1,739.0,3,1,3
e3ef2630a06815b6a5d6869178b65522,,0,,6,2,3
eadf53c93df988a79d0b31f371df9c8f,,0,,101,6,3
ed82e03d9bd9c0024adb6b9b7a1d9848,,0,,144,2,3
f17f2e7bf84087f1dbe8161b34ac0de3,,0,,2,1,3
f2087ea1cd4cd9a7513c788703cf5eac,,0,,107,4,3
f3f63a403d59e40fd5e69c1cdb351a99,,0,,1,1,3
fbc4c313981c3b5a5aa4298cd5b57f74,,0,,67,2,3
fbd2e9c085260131ebbf1ba7cec27d40,0.022671474143862724,1,915.0,1,1,3
fdb643de1aca817e57684ee6026b27a1,,0,,2,1,3
ff2fa30195f3614cec64fd36af2a1bcd,,0,,108,2,3
0cbf64650d4d71ec670f058f8dd18571,0.004650000017136335,1,33301.0,13,2,3
1f12746b218f92490666c2f48cdddeca,0.0520671047270298,2,17717333.0,2,1,3
327128b06f46d8aa51478e975bd4d6c9,0.011257775127887726,1,384153.0,39,3,3
406e4782a8c7eefd27e334b1eeed9277,2.2137173414230347,4,29622545.0,7,1,3
44bd5b2c3154a7478e3b4ef4d345202a,0.006319110281765461,1,1362.0,2,1,3
62c38335ef194c7d703c3fea20df6c03,0.003283299971371889,1,510531.0,154,8,3
729C8CB8149A46DF837770F25485CCA1,0.0655696277618408,2,29837.0,16,2,3
DD7860E20F7A4086B33C3272C15598B3,0.03515315246582031,1,4761.0,3,1,3
ab8b90d79672b1d4945f8a34af6a1642,0.009999999776482582,1,2297979.0,149,19,3
b1738ef28d2a2db03b89e2cfa5f39926,0.05129098333418369,4,567769.0,53,4,3
ba026a28a6b276fa8aabfb084021e479,0.0013473279541358352,1,17643346.0,3,21,3
bedeae44f5ac8f3a0414def74fdada9e,0.026184460148215294,1,2183.0,2,1,3
c0c079f538add6381be27c81a1348a00,0.17433319985866547,1,1725.0,7,1,3
d772e151f2ad58be1e9484bdc8c406e9,0.01651242980733514,2,12196812.0,141,6,3
e69c674de1b68832d20e56624b5bd8e9,0.028504876419901848,2,54933.0,11,2,3
fc55153f9d33279abc965ba365c7cbd8,0.008164673112332821,1,90909.0,23,2,3
2ac518193dfe575942ed70f8e7e3b078,,0,,36,3,3
f7a7dbb2b65e2567ca686ec28675de57,,0,,340,22,3
044be1c1b2f7f72a570121bb57c45cf3,,0,,3,1,3
070c54bf34cefb8cdc074ca169d137db,,0,,216,6,3
0d1ace30eca446ba3a9384dc39980f53,,0,,1494,30,3
0ebb7c07377823a3b8f1fe18af36d214,,0,,25,2,3
17b766cea6d7e3ae7f2c200e60052830,,0,,12,1,3
1f1389bc4a8333161a77c1432109f65b,,0,,241,13,3
255f060d0276b978bbbe2b0e07cd9fef,,0,,61,2,3
25713fe1d9585352eddf2a5e32eca8ea,,0,,221,6,3
2661a807b63febc8fdecd64c2f743c69,,0,,17,2,3
3c67c1a10a61682589ec21d0199a7e33,,0,,3,1,3
3e4672c1b3b9dc7c0385e89709902db3,,0,,5,1,3
4c7a9a8673398ebf4e3098c89790b46e,,0,,4,1,3
572f7bf5f3478343476c7ba974255668,,0,,2,1,3
5be1233bdf2feb5351ab922e78a135f4,,0,,199,14,3
6150d36980bd6f73121ad97b37aa3765,,0,,535,11,3
62d3f07f013e88707a10280f267522b4,,0,,87,3,3
67EF103E74B14FCB9E0F64BD4F8E814E,,0,,14,4,3
6BFCB0B430144106AD6286BC387231AE,,0,,19,2,3
8e693e7805196d1dc5cb41f3e2681245,,0,,3,1,3
912F0378489E4D0CA32FC70AAB382CE3,,0,,3,1,3
972598ADA08048F4A4472C52636CCEA5,,0,,179,6,3
C4C088577E9E4DD09758C3A0C2FB8E9E,,0,,170,4,3
EB6AA14CA9084001850FC83ED9A1022A,,0,,257,12,3
a08aacac69de21478c21d329d3ced460,,0,,61,3,3
a7ea41ffa050840cec60ac231c1a2ca5,,0,,28,2,3
ab97eed1c28e0b22aa0a1a4e70fd973e,,0,,2,1,3
ba129410c37d7095400a23b1de9a47a5,,0,,4,1,3
c8e288c28fa77f3d6baa32a7667330af,,0,,92,3,3
d3eefabb4c6603d10697464f84f038a6,,0,,134,9,3
dacd10bd142a8c40d11467e619ea2a1c,,0,,354,8,3
dbb9edf161be2bfaa615ed49c24bc5bb,,0,,2,1,3
ded6c77d1c5726f48f0c624a64805e3a,,0,,2,1,3
dfd99a304bb03f9b7d48eb74a6e8afec,,0,,23,2,3
e1cefb5892a80b3242b120b5f5b04ea4,,0,,2,1,3
e592ffd88827f02a1351ca7db17f1d13,,0,,503,8,3
e8f07b7f9f714cbdefb8a57ff9d496c4,,0,,145,11,3
e99fd968393f38ddd8af4e4836f10bf7,,0,,117,4,3
000c3da1f60be491ece164ed5ee7ee78,0.19134024623781443,13,2010040.0,43,5,4
020cebf71a0fc93635d5ebb29631a0cf,0.03703971847426146,21,2102987.0,107,5,4
022d30661900e5e3e5f14515d46e6567,0.6102125095203519,75,72200.0,19,2,4
032369A03AA843659D65014BF5AF8500,0.14358530388336183,9,13720092228.0,650,39,4
03478fdb7738ce4a00e66a7bdaf82845,0.0007307341293198988,4,3383641.0,1188,24,4
035ca71cbddbcb53a1f9e617ae0fb2fa,0.2547188764438033,13,697650.0,114,4,4
03f88a46bc0cef2b9ef5d37757f470d9,0.07845115661621094,3,3980.0,1,1,4
03fc33bb4f7ccd4d3e386371664422fd,0.049434309476055205,27,14898442.0,1740,41,4
0555ae5688670eddda8f0bf730072153,1.6003603362478316,61,4607020.0,501,8,4
058516b75b802591c633c8544b28609c,0.33570644725114107,25,8421991.0,112,2,4
05c893c2cac8421d1e0b1841aed5d5c8,0.01234863162972033,3,64193.0,4,1,4
06e0f246c812c0ad687a27201efd357e,0.06383925210684538,4,3181.0,4,1,4
072d87188dddac989d209dce3ac61d2c,0.04156217351555824,3,3652.0,1,1,4
088d6b9494488dd11f3be1d515669636,0.021752921864390373,3,6680315.0,1199,21,4
08aed2a8e75ad22a6d46705bdf77ce54,0.5961334900930524,55,50185.0,3,1,4
094D27C162FD4329B998F274D64F4D08,0.286001823425293,3,3626.0,1,1,4
096092f8f92bdb6484aa1502eb411969,0.1831949157640338,32,343518.0,18,4,4
0BD7E576FC09490DAC1BA5ADCC554494,0.07177636705684283,16,239036845132.0,299,10,4
0bc56b25c9e216b398868b15083913a8,0.046326655603479594,45,3176101.0,33,12,4
0bd5518126a4addceb9b30562ec6439a,0.08198073547100648,54,227110.0,61,2,4
0bf3b90265b0e98b5027c360397b3c42,0.04200871638022363,11,2891308.0,374,19,4
0d24931c9ab739dd6c750eb48a71d262,0.01775301992893219,1,3814365.0,325,15,4
0d3e28bc9321d6671b3b56d2e4329041,0.14126135868718848,74,1019417.0,105,5,4
0e1e45b3cf77f57fbef7f05a7816b8aa,0.0013092434674035758,5,3436479.0,660,19,4
0edbcec3bb9f03936f2278496d3469cb,0.004129067237954587,6,1481105.0,241,7,4
105c7e35ada6e42fac2a60547af32cb4,0.12283043313072994,75,2155000.0,613,14,4
10D8F3A09C06416DAE521D76C4C14DE5,0.12679078865051271,6,6934323580.0,135,4,4
1151969250fc8126a00aa51f60b2bbc7,0.012839640025049448,2,6282810.0,377,17,4
11694045827080a5e90513e0648e2586,1.137320511159487,69,172645.0,42,3,4
12794f318e75253cf616faf54f631a84,0.020425416063517332,3,2286018.0,507,11,4
148803cdf7b1ac8d4c91efdebbdcc5f2,0.1602070853114128,12,1319815.0,745,12,4
155779066730dbbfc520e506ca68e8ce,0.03159917239099741,2,655.0,1,1,4
157442180C204058A755DEDC7DA57FAB,0.389496397465682,37,10397390663.0,116,8,4
167290647DCE4EF3A520123F776DD5B3,0.02171447181701661,1,3409284177.0,10,5,4
17036d06a1302cb30c81c07b153a78b3,0.020485976594500244,19,1934171.0,111,4,4
1721ca9e2f327f307222b30c54d2d35c,0.6543310061097145,7,2520.0,3,1,4
193e4dd2284270f8b34a03f2dd1a24e5,0.026055107126012444,28,1968373.0,637,14,4
1C8A5185F71041AB8D349CEA0ED565E4,1.2668394470214843,5,19043297166.0,115,8,4
1D195D2C4E5043C881340E963B07DA95,0.03736866581157448,66,3090668304764.0,2251,20,4
1a1c848ffa23dcaa43a1b56b3e3bd241,0.05480583384633064,2,856.0,2,1,4
1bc16dac3382e525c8b9f57393329a02,2.3413943350315094,35,15303.0,6,2,4
1d50f60c18bc2eedbb0ed7ec42676b84,0.017150287050753832,3,3101.0,1,1,4
1dee8d4b828fd4b07857475996661d70,1.6832272745668888,20,10449741.0,11,4,4
2218d22d775bd676558613c0efed94a3,0.25244767125695944,18,723941.0,22,2,4
2225541bad17c012dcd8cf9e3f1976cd,0.005143777001649141,1,955.0,1,1,4
2233971fd1a6de7d7b22f17608ac12ac,0.03457191493362188,9,1765533.0,318,8,4
2345841e72d8cdd8f0025deeb0bedfd0,0.020038602640852332,16,1320784.0,338,7,4
2502f64c796bf2b74fa0469bb0783cfa,0.2652381347725168,36,21475.0,4,2,4
2578890cb569ae8d38db20275562532b,0.3487859219312668,8,2067.0,1,1,4
26707d178c2a5100c62e32a613fc4254,0.19525515427812934,12,137555.0,30,2,4
268554bfd393f8f1c0b510596fb34de7,0.012812648783437908,9,2031091.0,879,27,4
2699a25e516127a0141b1820fdee5bca,0.05146238300949335,15,547378.0,134,7,4
27565d3621b6a027eb684b97389c0abe,0.005995024839648977,24,1903468.0,1198,27,4
281b1e55a352cbdc69e12ff067d00d81,0.17976003512740135,4,1053343.0,140,7,4
2965e08e857248e9bb1df8f7cd48c8fd,0.03717075381428003,26,4342246.0,1924,26,4
29e933268ba62dab3f40f00e05d97e7b,0.02370059333043173,19,3530.0,2,1,4
2E26946FABB54EC1857BBB98D45BDB6F,0.0442040810585022,8,6092.0,2,1,4
2b70ad1c5645f531e7e351b9f36289a3,0.00906248582759872,13,21718827.0,109,5,4
2b73c154a987780368e17b9b20a79d79,0.19837484415620565,20,182743.0,38,4,4
2bfea927aa3278ccf640532885ebd5d8,0.031316512264311314,4,403683.0,38,3,4
2e20e3750284997bb692f2e01746fb45,0.12893978436477482,14,1699622.0,402,7,4
2e60bdb5647dc838763b5048c04442c3,0.015002595027908683,13,759172.0,183,10,4
2ec2e32817ca2d8472c785963ecf5599,0.5741133838891983,4,3232.0,2,1,4
2efe339bbbcafd9efb13a340777be5e5,0.01610641006845981,23,91909.0,14,2,4
2f5d2df92830498002d76f4051b027b0,0.04228995740413666,4,6983389.0,127,8,4
2fa227b3546fef09064d82585813277e,0.009176147170364857,2,861323.0,57,3,4
304B610E0AA849B5969508C42776CBDF,0.4139238431062761,81,13864827719.0,150,4,4
30a437304112e897245d8c617e636dae,0.0014782710932195187,1,254703.0,8,1,4
3254eb9fc7003f531ef41b15f1ed336f,1.3655459433794022,5,1284199.0,33,2,4
3328d49455875f85adfe3cde2670f1dd,1.0953033100813627,18,253682.0,113,4,4
3398a8d402e8edd5977050d04ca0e4cd,0.06847867323085666,6,2137.0,1,1,4
33be8039d0ce49e020d109128ef7b0c6,0.08847777359187603,8,3867.0,3,1,4
33da11efba447951fa14541225cb0478,1.2674317536875606,40,313547.0,87,5,4
3517e3c6ceba4e2f0c77538ed64867e1,0.0022465118672698736,2,862114.0,144,7,4
351ca67e9783f49b4829d59dd6994f5e,0.01734720543026924,2,114467.0,4,2,4
35f2246107bcda0dd0afed8daa26e0a7,0.7591144447214901,122,199189.0,45,3,4
3741c867cec0e69c6eeafceb896adb53,0.30910572479479015,49,47277.0,7,2,4
37b3eb77865076eb953caa1514b084bc,0.02181553258560598,3,25472971.0,1,1,4
37f8a724132dff848f022ad7d4715d6b,0.012170952977612615,49,812941.0,450,10,4
38270edbf41e3480117086295c5a4901,0.021743876859545708,1,693807.0,48,2,4
38504e49ce6c4e785696eb91234ce2ec,0.15576916048303246,13,2165.0,3,1,4
39605b493e294901c844882cbcbfb6f4,0.020999880973249674,21,463910.0,71,6,4
39ae72d312c3a3b70d784544b064b055,0.09248365834355354,6,479917.0,61,5,4
3ba530e057d25883fa9ca1b03abeb04d,0.05193800327833742,17,87609.0,22,3,4
3c0c7df2a7d88dc43ea92bb5b60f9f8a,0.1168697401881218,3,3010.0,1,1,4
3d1b66ff0394e92bb6f26ce506b75d35,0.69020551815629,20,103528.0,7,2,4
3d585ead4f93637dea609564771815dd,0.16635642177425325,73,750571.0,138,6,4
3db8fdd87394a93976520b389bb296bc,0.31007155892439187,53,2734750.0,235,13,4
3e5800ff6afb5907f4be835f5323b638,0.04166017659008503,4,574042.0,56,3,4
3e75963057c8c7a8e12d5e2aa474b8a0,0.021881479769945145,1,3076.0,3,1,4
3e866dbba3565146dae46d5273b5c50e,0.013231266289949417,2,1861.0,3,1,4
3e9cbc68e6fa2791d2f97e4f3397c0f3,0.23395007057115436,80,1055861.0,372,11,4
3f4820004d0ec55bc13bf56e362801f4,0.2681371122598648,6,144895.0,45,4,4
3f62fa5bb41140d8552529f286a4dde8,0.01394805358722806,3,1542422.0,419,8,4
403395596fe3aeea051f69d7a75c6a39,0.06695643812417984,22,286756.0,154,3,4
406147f846b9e34336e96a66a061339b,0.33577848970890045,5,3278.0,1,1,4
41293a47d857ce351ed654f7d06f7afc,0.0042074015364050865,2,1267851.0,135,8,4
41c61b709e300ba02ec7e3c0b32c2105,2.7301237881183624,10,13597368.0,12,2,4
435DE9D43C8942668F0262500A1186E1,0.7435116338074232,10,1735399919.0,4,1,4
449f0386b3e4a450e409ae9503a478e0,0.5765981678850949,29,14313368.0,1131,29,4
44d7a0f4357d7d21008965d0e533aa39,0.009854188887402415,3,2031507.0,248,6,4
44dc04a954d9d5c733025236e3d9f3c0,0.27895601745694876,25,3237770.0,17,11,4
4549e7de7414883b4af48cd5c173d4ac,0.06711168703623116,16,139809.0,19,2,4
4559e2d205b6f4bb5f191e5497b87114,0.0014157425321172923,6,1335462.0,298,10,4
45ad86a14def0ed24303ebafbb2aedfd,0.06769231334328651,2,7707942.0,47,15,4
47f339b1cee0c13c73ee46f85a87e412,0.058135551982559264,7,44615.0,24,5,4
481b15c77906f48bddc5072260763f83,0.026519653387367725,3,26575699.0,3,1,4
489be3827e5cb22daf200da2bfff3282,0.12937291245907545,15,3085616.0,250,13,4
49975f0459dbdbab86e38db3bdbfa338,0.05904175201430917,11,350507.0,69,3,4
499bc35fff7a78fc77d7f061d54e5718,0.0034016751451417804,2,20347926.0,19,21,4
49a7cd1842606f182e7fcef305affa93,0.8534573344513774,32,382629.0,168,7,4
49e413dc24a5d13887db4314098ced9d,0.0033876124070957303,2,8707206.0,2113,32,4
4a91b0b34f2d602a6252037013d07ec5,0.08880922198295593,1,4010.0,10,1,4
4b76faa0ddd8081c3ecfc66bade7bb24,0.009841250255703926,1,1403.0,3,1,4
4b84a2021a97ecf67be708db749438b9,0.09286602307111025,9,3911.0,2,1,4
4bbea4aca5d54fd5741544a396a88099,0.08550731395371258,4,433628.0,78,6,4
4c24990e11812e8bb5655e4f2a1a1756,0.3036711427848786,34,7819302.0,47,3,4
4c3a389595bcf09aa56e47d2ec912710,0.09343726933002472,4,3447.0,1,1,4
4d8a4a08e438a37f3bb633812269dc81,0.2609780775383115,30,1372559.0,40,11,4
4d958909a01dcd2bfbd121e98418e570,0.022087501361966133,3,1586.0,1,1,4
4e519777ccc37365af4ea50ebb9b4b67,0.10481559205800295,70,1155542.0,39,9,4
4ea3dc7e97a543688e0a93eb88868c55,0.017758885398507118,2,1111152.0,110,4,4
4f265b8b0ac314cea9cae377c010e970,2.1164879202842712,4,741532.0,108,5,4
4fb438fb4d636c44bd341116e2b5a496,0.02123255527112633,8,1728001.0,95,7,4
4fd93d923364b043d18513932b9b7d15,0.3540822882205248,23,4721.0,1,1,4
4ff668c742067c39cd7a184492e1dcf4,0.3629273250699043,10,5807040.0,72,13,4
51fad2d118478e0315de200cda6ebe3d,0.02535086136776954,10,1754728.0,349,19,4
5222bc2c0b223361cf140b3f87e7dc78,0.46106545627117157,4,1183739.0,807,16,4
522814b713dfab163796112bcd0f0111,0.009650080610299483,18,809793.0,150,7,4
5241c38be2a89bfc2b3044544bffb604,0.017677938216365874,10,917001.0,57,4,4
53ec219decc8825a48f5e4cbdf04d484,0.10076925717294216,4,2477670.0,504,16,4
54CB3E1E7D99433F87A04307269BCFE1,0.04587990760803223,2,167947605082.0,387,12,4
54a0af896e6b92142771bb0d0d7ad048,0.011378860101103783,3,6306728.0,3,1,4
5606b4c4f3603b5bbae92617a8321396,0.006006297888234258,3,1061847.0,142,6,4
5663a41a5a00eb5c8586eccf04d5a8cf,0.16418214770965278,49,2344820.0,108,3,4
5775ef590767bfefe396fd3b9d39410e,0.22171356808394194,25,788323.0,35,7,4
57993474d85f6cb48c2430cba423bc5e,0.00301192922051996,2,24718.0,16,2,4
587c1faa57868af7b67edcdd08c07060,0.9737760778516531,62,617334.0,63,6,4
5987AE2206DD48C2A20F546B0D371192,0.14567678317468602,91,17309040830.0,581,10,4
5a5acdb5e08f218ae30e5378b71cf0ab,0.012249084422364831,3,1394.0,1,1,4
5a5dbdaa1e6e6df9941ecbdc3234b5ad,0.018834553426131606,20,4887721.0,787,24,4
5a6f2ff1fb5c4ddd3e50d8146f412bd7,5.17374587059021,4,2005.0,4,1,4
5b381743eb7404482ea5d876c7178e72,1.3247835338115692,3,199704.0,16,2,4
5c22a0b7e2232709c3568358db289c14,0.0548748979344964,6,752534.0,81,3,4
5cb60bce754bb6ac5185242ebed7885e,0.03381597064435482,2,7331.0,1,1,4
5dfcd7bcae282b8d65b0c4318c15f6ec,0.026044276426546276,16,610641.0,156,6,4
5e2921c04b9c639f5fab77d8ef6287f3,1.4383839666843414,6,4151.0,2,1,4
5f066258c78ca31c1456d0e281d1af94,0.13639371190220118,5,117132.0,29,2,4
5f13f0954b4b42c0bc55f30c173aa72a,0.02513644826831296,21,,189,19,4
5fd03116ef9ed56990eabd82314dfce1,0.6680497452616692,6,11627.0,2,1,4
60200BD2D00C4EB29AA6710341A04AFD,0.07875503279629517,22,1735359112.0,16,4,4
6048e4a27bf53056472df5a3330418a2,0.5960044786334038,9,21983784.0,1,1,4
60983f4ea4dab558465595dd6e8b6b67,0.1949516220483929,278,1144856.0,89,12,4
60f8540a1bb9e627ff77fcaaf8ed85c1,0.0764383408240974,68,1823951.0,253,6,4
616085dbe1b4b0c49e4235208a5a95e6,10.999104797840118,10,2537.0,1,1,4
62647f618067fd3cf7ef8c668e23df1b,0.01998877528239973,33,1508585.0,228,11,4
63fc91332cabb794d2b5400a77403af9,0.03628948771802243,11,642443.0,139,6,4
6489fba51c903f1c58e7445417e6e6ee,0.010013326769694686,3,163227.0,40,2,4
6777406b1a2a5ab73112aa86991f4403,0.19146510399878025,11,1028849.0,104,7,4
67ff0975b733a4f5dfeb6ba46f183e38,0.10097445920109749,3,1917.0,2,1,4
68dfa2541ba746091186876d5b584961,0.24551415629684925,10,4650.0,1,1,4
6a2bbd93740c4fe2ebc0cce6709b1066,0.03527160966768861,5,11076887.0,7,2,4
6a2ccbb81b2eebecfc2565ac88062877,0.024299417447764426,20,177071.0,49,2,4
6b269cb0009245a26aefc434f1064e5b,0.10886287604807876,120,167111.0,38,4,4
6b99c85f02a60cf88e38ded3773ae5b8,0.10051835555350408,64,101846.0,22,3,4
6c21298da6e9cbf815b1d504b005b3e4,0.06162853958085179,6,1245314.0,198,8,4
6c686004ea12d144c27886b41d964b64,0.06940767541527748,2,2490561.0,172,14,4
6cd52553c604ac2c425ba07bc97bc9e3,0.13578910380601883,2,969733.0,432,6,4
6d59c55850ff065ed77df2632620fe9f,0.19155814708210528,29,2263491.0,260,10,4
6e0bf84041bc5a4c0a3400883b8be083,0.012641704641282558,11,1304726.0,204,8,4
6f2651bece8e4823539ac9c84b46d992,0.019935430958867073,1,740.0,4,1,4
6f5dd6dd7b738cff7a320479dfdfb49e,0.060122180730104446,2,25994.0,4,1,4
6f9ac96addf920db88040470a0b04c82,0.29981958121061325,3,96526.0,3,1,4
70f3c3299f55073fc231a92ec025dc91,0.012947058363351971,21,154754.0,30,3,4
70f4f2022a6ebbf7084760d413c5234c,0.00537260971032083,10,537172.0,95,4,4
72815872d4efaab9100eae96ddb7c2ca,0.0739016521256417,20,3986444.0,738,13,4
72adb84fd434c8d7d4e30eb55f01f2e1,0.007464576046913862,1,97283.0,19,2,4
730fb7693f993032f33d807c4c10cffb,0.27815391309559345,6,1492.0,1,1,4
74963d555309ec635e88a7d249b18846,0.11534687969833612,10,6157718.0,1759,36,4
751927748fefe4e30491486c751fa524,0.007229057024233043,25,1380670.0,176,5,4
76917b9356e07601594c03ebef9fbaad,0.06440168805420399,3,1424.0,1,1,4
76d65a788722a3f9c8d4e360effe81be,0.2232157113030553,15,737456.0,201,8,4
772BFD2C4B24415E874D7501F6FAE3C0,0.09411551818414307,14,148352.0,158,8,4
773eb66411b596e7d5ce56a8d3929d5f,0.7651548366993666,18,34785.0,10,2,4
795056C6AB7E46A38C3D95F72F1A7A9B,0.04368500089645386,10,3469170009.0,70,3,4
79b35e6033f2bcf8fed1203971e18a52,0.24575885757803917,7,1333418.0,73,4,4
7A9A0DD087BC4AD0863F3F16B1B652D1,0.08699202537536622,3,1672.0,1,1,4
7DFB8D674B554A019F69E14375EE2315,0.08448858863546752,13,8672892396.0,223,5,4
7ad1cf8da8dcbca8554d23f3b951c0e3,0.7765099480748177,18,69708.0,32,2,4
7b99326ced1d7fcb1052451fb725f833,0.17051358707249165,5,1944.0,1,1,4
7ba6b4f99c81c30a61a1099c123b4bd4,0.12000938877463341,5,2604630.0,18,8,4
7d4a10a5b564f64067f9f5677e68c3e5,0.23666800744831562,9,25257.0,12,2,4
7e634bf86af413bd67673659c101d68c,0.12671002722345293,22,479061.0,24,5,4
7e8c38f4c279d37021f204fd9b001723,0.028357455506920815,3,4135880.0,1149,23,4
7f3e09d58d78f43a65edf4f41768edf9,0.019052766263484955,1,4483.0,8,1,4
7f6c9ff32c98ec8c3d3923e734606cb8,0.010844515694770962,26,,314,10,4
7f9bd3da71f6b63dc378538080edfe10,0.11532147880643606,6,8507.0,4,1,4
7f9d5299c642a8d0ca791263905ca52f,0.001700771157629788,1,74831.0,26,2,4
7f9f30a936233235c1c1416a1100d75d,0.01582580665126443,3,1869.0,3,1,4
7fd32783505a517bd04626669fdda7a3,0.13518915220629424,26,889726.0,190,6,4
8063c53bb2dc0727bc6376aaabaa33a6,0.021000607288442552,6,20978661.0,253,4,4
80d95c86abbfe8c08c18c0c922bffd69,0.3242168645374477,29,3416.0,3,1,4
82683e3e2d9be8137c5cafd09470670c,0.04030864452943206,12,,934,5,4
83ec59e4561d4b8e58819302eda2d340,0.0427107666619122,8,1219622.0,36,3,4
848c90f8b5e56fb2e98a31dde0d1d624,0.17099143084487878,14,,37,10,4
84a9d84e216b6a06d49e4be61586485e,0.10769807267934084,12,183365.0,36,3,4
84c66b1654564afdd7d244f36bad894e,0.02010481432080269,3,,74,23,4
85c4564a9e37fe08e2d6393b3417b5f7,0.15462225675582886,7,1670924.0,835,5,4
85eaa57580b7d06088206dbd8af467a9,0.24657469405792654,41,7270839.0,474,26,4
85f11de7b19ef0fbeec34d6b03341544,0.04843898885883391,20,1528552.0,246,6,4
868910a27f524b6216328f4e0a71f085,0.02771466225385666,3,2243.0,4,1,4
8787ad2bb94ec9a9e55b84ba5d1130c8,0.005579242133535445,3,1016693.0,56,4,4
87b0c41a3c8b6dd2ab5a95765ba62430,0.3394270855933428,24,96936.0,24,2,4
883176dea754a8be8ebffb1ee9a6b576,0.01826283009722829,3,8934621.0,1720,29,4
88def224ad01a0a1f33524e7bb07a650,0.7588654942810535,26,969636.0,290,8,4
89b491bc5f9c902728339dcf25af6220,0.11911112442612648,3,3023.0,1,1,4
89b75d345b4ecf37563212a9de5ad49c,0.08644346706569195,3,4643611.0,134,34,4
89c6112b0db1867b1b4e96ffcdf743ae,0.021008679643273354,2,1421.0,1,1,4
8F5AB40ED19F4347BBD83B07A656BB49,0.16486372326804694,40,5203015339.0,126,6,4
8ce710352f73190c8ecdfcf8afb475e7,0.053705088794231415,1,1239398.0,208,19,4
8dd66a7722ad751a2843fb0d5ef3c69f,0.14363898243755102,7,182415.0,31,1,4
8e6ab997fe9c30225b76bc2e48de21e6,0.060990656609646976,21,361568.0,63,4,4
8e7881be45051e4acadac9dc382d16cd,0.003572415909729898,2,2247722.0,232,13,4
8f19cb425805973bfae7a335afe6d03b,0.06504896166734397,55,14311.0,8,2,4
8fb45e5821cc694faf8057046bf492fb,0.04005318693816662,3,2948971.0,306,7,4
9102614e76d2b50076a966f69914c8c7,0.007246099296025932,6,2664792.0,421,7,4
925043A576D8424E80649A656163A362,0.34950245683670045,12,27735568309.0,36,4,4
934678d4fa795d0ea33936a70353f3aa,0.009478696621954441,4,4645613.0,167,14,4
9352ddc8e329240057df91ccf46bf869,0.023643767461180687,3,2022915.0,487,12,4
935C58DDCE91477DB84CD6A85ACC2B33,0.47628332572218357,16,6921689086.0,372,18,4
937c80fb60dad6890234c2102fe8346f,0.008096963167190552,3,154004.0,2,1,4
93aff1447c977dc90bb16b364b23d886,0.6008778661489487,8,21323208.0,22,2,4
9425135dae8957931ceccbb3ad24cb73,0.01532202772796154,1,4334.0,2,1,4
94718295f49c282ac72149cd47f911ba,0.10262689739465714,1,1998165.0,144,6,4
94ccb63f483690f4c601f95b45bfc9bc,0.004299016436561942,2,833434.0,354,4,4
9507945fb9d46b77958317488326256d,0.05347359459847212,4,3750.0,1,1,4
951e0646c39dfc61ba6e561e4fbab35b,0.06082811579108238,6,2118826.0,448,11,4
9573f3aa9d57b157700f8f22f567ba7d,0.13562189042568207,1,2846.0,2,1,4
95896011f8aae0cbbd2cc564ba68fe9a,0.007702347822487354,4,933999.0,255,8,4
9599a7ce2ec989ab17dfb864d3381368,0.02221216866746545,3,18299413.0,17,2,4
964b962b88915c1706e48d3a51ab01c7,0.1292636999860406,27,586762.0,281,7,4
9671c5304b8e0e6bcf84def5f6f5b0c6,0.06389872502768412,42,1020573.0,129,8,4
96bdaa89d8d8292eea90c62e3954f129,0.4367777045117691,115,875179.0,123,4,4
9773ea6b86c9ea0d2f90d2f7fefa65ec,0.4111526608467102,6,6087791.0,319,12,4
97f91582264f5e8b09f829f670731fea,0.8159104585647583,7,595118.0,77,6,4
9CDDDF2B133346A6B3276108C4ABE331,0.03682354736328124,2,3462304710.0,266,8,4
9F4A5F1EA6974778BAA505D170E765F4,0.00491430377960205,2,145099251688.0,443,9,4
9a829cadbe3d581895ff4d949df9a7ce,0.3625588482245803,18,3849.0,1,1,4
9a8544e919684bb1b1ee5fc23bbc187b,0.2072353344410658,15,4131.0,2,1,4
9aa0b9ffd9db276b208251af3dd37ed3,0.056856961688026786,32,456835.0,63,5,4
9b31ea095d2591ca5990a54494020efd,0.004894926678389311,2,722671.0,193,9,4
9c6e7db7e4a692dc3bcab7a2ab857f02,0.22076565911993384,36,656470.0,22,3,4
9cd3c2621511410f6dbca3841beab0a5,0.023414303199388087,8,24943.0,3,1,4
9d00608e1c17b2485455822c6ea40889,0.003827299806289375,2,3914.0,1,1,4
9d67dba49e6c0081d4fe63cbc61ea862,0.00404127812362276,11,3171950.0,681,29,4
9ee24ff8431b91099ab823edd4377a90,0.006875248625874519,1,,999,24,4
9ee6319b9b13385b3ac0a84e15a3408d,0.06755036022514105,12,439522.0,68,4,4
9f4da8be3e4ef5021782934cde38cdd5,0.015483521856367588,1,1847264.0,388,15,4
AC0035077E764BE08FDD64B658C55C86,0.16523459764389764,27,3469684583.0,104,3,4
B4AC340655E54F7E8141DCB454F3AFBC,0.1105641722099958,118,36374652999.0,597,10,4
C51E14C965C44707B5A67A0DA4EBB26A,0.1917783599080926,16,3469013171.0,44,6,4
C9301A874BC742B1BBC007DAF145B60A,0.11356960413818362,2,6227278.0,1,1,4
D150E2594A86480AAE60066A9A4879EB,0.06917046505993496,16,13796167942.0,673,17,4
D5F1921267C046BEA3DB17A236E8A8C4,0.5489619744685315,139,412212.0,249,9,4
DB3A217D16354623872F068F380C1A66,0.01865269851684571,1,112401288602.0,491,10,4
DBF45D0AD4F044A7AE36B3589147F889,0.20261109161376953,3,178507095263.0,175,14,4
DDF46728A2804DC882F39099DB879BA2,0.5507166556622235,70,5200025578.0,229,8,4
EBCC0B629A15488ABA2B9D013C7D7540,0.09758630898431397,4,22551228454.0,90,4,4
ED638ABADD0144D5B4B09D8B6EF20E05,0.020846724783693035,3,2038.0,2,1,4
EF39EFA9D1B041D3842A3A9E497161EB,0.09702902137454891,40,164001.0,264,6,4
F45F2B19826D4FDEAD0A43CD7C457CDF,0.25128784267016824,4,3452312041.0,30,1,4
FFF5A61A5C7D45B1880CA91139150D42,0.0679135736988272,6,3465353873.0,146,4,4
a047ebc96da2f9b073ccc0267ec38035,0.29321444034576416,2,1710.0,3,1,4
a103990e75cea79c763c59647647b155,0.02695285389199853,10,2545682.0,112,3,4
a230d05b8bbd09d629e2c504c68383f9,0.10689685214310884,8,1309.0,2,1,4
a243db77ea85ca25fa1af59b49852fb9,2.632664645090699,32,4773.0,1,1,4
a32da6281f5eac89c5797d8a4715c757,0.17373062763363123,15,3158904.0,335,8,4
a32f799a1c5360b8005a177b3828050a,0.7651954144239426,5,63650.0,2,1,4
a33d7d736e41ef0d7fdf2c40bef7f762,0.10087968944571912,20,,66,4,4
a4f66ed1f4d7da5273c11df6a94c1425,0.4466682095080614,21,3274.0,1,1,4
a5b2fa6a50ca2a21cd7acffe9d131007,0.05700776167213917,2,1176981.0,186,5,4
a5d7e3d84088c25cc340fe20b500e8b5,0.023485403042286634,5,797389.0,182,4,4
a5fd84a1c09091dab65b921ca8a2014f,0.8540130145847797,36,53396.0,9,2,4
a68359ec32ae662faecf56c0f3c8ca07,0.031166512053459883,6,5555217.0,777,37,4
a6e465bb25a629e5257f02ca68628139,0.02642491750884801,9,763771.0,236,6,4
a6e859fc8682d3a740834ae982c36f22,0.058646109187975526,22,110652.0,11,2,4
a75b71e94ccb45d7d0a3b2803668118c,0.027552552754059434,6,4327669.0,318,16,4
a7f85069ccb86824e0ee52486a08d81a,0.018109244294464588,3,981.0,2,1,4
a8079c730b92246b1880f6824defe606,0.15165375638753176,14,5372550.0,436,21,4
a890e403c86bb9e51c884665c3a2f2d1,0.1873439298942685,11,4424407.0,201,17,4
a9e898b503272c6f14ba7e58c145bbfb,0.022711810655891895,2,22269.0,24,2,4
aa6993a1b753eb5299621045afd866d5,0.06871502660214901,2,1093.0,3,1,4
aa6dfe0321265210145596b42d720b8d,0.12426000786945224,15,49523.0,5,2,4
aaa303e9fc576678ff54e12e3375e789,0.003817286982666701,5,4558988.0,748,9,4
aacd8c10fe492fc364abb344ef865353,0.11195330321788788,1,964.0,1,1,4
ac2a9ca3db24557b448f18b59b84e579,0.10924300644546747,21,169619.0,18,2,4
ac6337829de3009c6686e882e63366c7,0.025522932410240173,3,4572020.0,247,9,4
aced3892a671f3c7cb17b9f8b5c4bc5c,0.01529545127414167,15,1393727.0,115,4,4
acef71da2aaf93d7f822a0ba4b24d9c3,0.018858605122659355,16,63840.0,24,2,4
af0dd68cbe9696725b88139e9155d3a8,0.08171537891030312,2,22418994.0,5,1,4
afeead8d91e33e984e4864be9ad2390c,0.016645568422973156,12,3214854.0,496,18,4
b02c804fd1a196f8026beffa5baa28ab,0.10325533896684647,42,2148187.0,143,20,4
b08482f0bf46ff41b3c5e33a29e16c16,0.027862009359523654,13,1548228.0,147,7,4
b0cf8c00940c7f03dfef1b6943f706c3,0.5322505487129092,25,4232.0,2,1,4
b1184a5316542bf848ed5daeffc166f7,0.06391898961737752,24,1067028.0,150,12,4
b2fe52d49951a14ccf2000aeea165bfe,0.004528066056082025,13,65788.0,30,2,4
b3f73ca718a5f17143cb3d6549934a72,0.41078536957502365,51,7373139.0,826,29,4
b4017c78e7bcd0164888683108dc1874,0.04027253622189164,11,101094.0,33,2,4
b54ebeff4e8a501f2e9cb5d61c98a602,0.0715896351612173,66,1545625.0,544,16,4
b62162ea08ba38dbb76c0b25f5d28f5e,0.006784987897844985,6,873351.0,155,8,4
b65a094de9bda53de81f1058a5898ae8,0.09475153754465282,32,446128.0,177,6,4
b7b8c999091a8c70c05d450ab2d19d34,0.4216473549604416,6,22937863.0,1,1,4
b8ee16d7537c5e5d5fc7ca5d6edb5a7f,0.01678367890417576,9,3178.0,1,1,4
b96e692e3f37bc390eebfe44a7d1f241,0.19438506243750453,22,2067549.0,470,25,4
ba9a2bbd47c9397382e2e1751f62edf1,0.020884006284177303,2,40428.0,25,2,4
badbbfa52a2a7721db7700baa9fda107,0.7273063631728292,34,200303.0,73,2,4
bc21defb47c8cee556df2ffc5ae2ac2f,0.20277043245732784,82,2613677.0,700,30,4
bc9443322cb01f047159659e7fe32792,0.42965614050626755,6,22936328.0,18,2,4
bdb7881fd040d14fcd48269bb0bbb5c9,0.25252339988946915,3,1623.0,3,1,4
bdf01df6955722de85ba62e5610d0baa,0.027214652625843883,12,469778.0,83,4,4
be1873cdbf320722da3e211a6ad47fd1,0.3061125986278057,8,700277.0,219,7,4
be597e337b328867a42ae2f9a97facee,0.083642837125808,40,1990644.0,325,12,4
bf70d214d7cdfe6f769abe6ed27be9d0,0.004039269872009754,2,1008172.0,270,8,4
c09cbf6aa64e8a82252006f920ac8d6b,0.045516617596149445,5,177343.0,2,2,4
c119509214b6ba80d8847bb687cc0819,0.19141296413727105,61,2825641.0,184,10,4
c1a280e92a61b955057358f1a43a431a,0.5273932702839375,12,2772.0,3,1,4
c1b9c5179ab87b8c32c0ce31c0c77627,0.02146722935140133,1,3367517.0,51,4,4
c206edd8fe6cb3bd01d433e97d1f8562,0.11184041295200586,10,1875448.0,599,21,4
c51c6e3d48fde71cfc235d6419f01118,0.0038499669171869755,1,5867837.0,2909,34,4
c527e3ca24214abede426d9c980820a0,0.8079382497817278,15,3004.0,1,1,4
c5ef8300bb1c745e7c73f4408e3167aa,0.8099995171651244,89,490393.0,148,5,4
c6f0cea6fe6aa4c2f1128e410ba467ab,0.009841908467933536,9,955925.0,118,6,4
c700a3be627b2206a35c362b36f5a3ac,0.40687714517116547,2,1361.0,1,1,4
c90644248762c3df7471aa3432e71ed6,0.014701386215165257,4,271243.0,61,2,4
c96d8356fffa15a5fb458ea08b48c965,0.14728176314383745,51,150998.0,27,3,4
ca2f1caceb9040a95a43cd1b028d6e50,1.7068330235779285,33,179625.0,31,3,4
cadf0e04fffc2183fc567e76678d39d1,0.005792622920125723,1,6645841.0,759,29,4
cafb9ef6689856db2cf5f794cbbf4672,0.1344538090052083,39,277893.0,47,5,4
cbd8ed99c36544d9cd22c9fa18288574,21.564367666840553,84,22405418.0,6,2,4
ce641119866789da8c9450fba0b5eb9f,0.008040811750106514,9,3439.0,4,1,4
ceb917e5e39b0f961dc60e939f7ed2c6,0.005806989822303876,14,5044422.0,307,12,4
ceddded25e1523b9ae19a576421e59f8,0.015876899007707834,5,600854.0,92,5,4
cfa0db35c32a3df98ced361aa9357010,0.3184125944972038,4,12602.0,5,1,4
cfb8a5c3a74538342f7dce7f34c822ce,0.1843220554292202,3,1831.0,1,1,4
d0f86cd3db46aa64a2e1a450030d96c2,0.5150509611703455,56,1024243.0,341,9,4
d1c7b8d80ee889e7663ccea5fa7c26fb,0.1043674573302269,9,75469.0,15,2,4
d28f603c4134b9b49f875798bc7526f7,0.01445780973881483,1,279.0,1,1,4
d2d09957af8464b084ee954fac13cc4a,0.0018239759374409914,1,28073.0,2,1,4
d36c4437cad8e2959680c68aebf0372e,0.005142810667166486,16,6244863.0,2440,32,4
d39310c0ee7ad93c97ea41c0fbcd28c4,0.03159404918551445,1,1929.0,2,1,4
d4770d8e44d071faebfbd9de86c1bee0,0.011535535784787498,16,491497.0,53,5,4
d47c065aede0ba07196e4d73ef1d59cf,0.06754612940130755,45,128893.0,38,3,4
d5b97f993dfad523b1bccb60b62e7554,0.042033627280034125,19,452725.0,70,6,4
d68fdbee9713d40377cfde2b4d8c6d94,0.16131480038166046,1,1021351.0,344,10,4
d72c8b2d75a5828447757a11debabda7,0.0014590504870284349,4,4124598.0,1283,19,4
d7a66bc4e8e1c789d7223dd5162cdf82,0.022382656228728592,15,208937.0,77,3,4
d7bb119f33cbb0b63cddae214ebd569a,0.03701778128743172,4,132530.0,21,2,4
d7dc5960f36cdbc21192ac2efebd76ba,0.009652500040829182,1,3085.0,1,1,4
d85b40580713666a2983c5505c8351af,0.12026214599609375,6,2629987.0,37,8,4
d8f41c7db2b2c83ee6a3009430d25495,0.05338383212802,93,12840884.0,3388,35,4
d908f1f6e29cb2c75e39811b5f4eedb3,0.06357074156403542,9,5807.0,8,1,4
d9f109a7e970cfe695a8e371a0f59a78,0.13400575192645192,20,888043.0,279,9,4
db5d95af89ec259ad7e2ec5480b5261a,0.031619999557733536,1,5760910.0,73,8,4
dbaa2437f639782b86ba1e6a0d3b8ba6,0.2801508540287614,41,7805.0,3,1,4
dcbad7115a1dac272a7d4aa818da2f95,2.6970513612031937,7,1266381.0,13,4,4
dd6eaac27c2a25322c0d3b1c17e6ab0a,0.03999891225248575,4,2840326.0,493,8,4
dda20a4f1eed1f7c03fcc7ab5b271ea1,1.2318969061598182,36,1783990.0,363,12,4
df358e615a2b9cd147d8b5fcf7cdde37,0.8009075177833438,39,6312.0,2,1,4
dfadc9df4ba18d5b8fdcd902f1496660,0.1171711590141058,5,950652.0,252,7,4
e055f8aefdb0fb26d246e73ac0e402b6,0.15618066303431988,6,2548587.0,414,10,4
e0ce0a4f0de5566ae7c4ba10d50a12ed,0.014404148096218705,6,3146296.0,320,9,4
e14351992ef1fc073523412038a6887d,0.10731438361108303,4,3750.0,3,1,4
e386d92782260c6cc0a96379c83e124f,0.05616397806443274,25,1741728.0,536,12,4
e3ce4d4d53c14d210d357bcfae95d411,0.03473833715543151,19,136102.0,13,2,4
e5c35fdd35b432f79552cb8092c46ae9,0.028488331590779126,32,2395581.0,101,6,4
e6477d745777ca804fcb7f06166f6255,0.0021729094441980124,2,1144602.0,124,3,4
e8a23b93ee0ccbaeb28d28e2f98854a0,2.5541874393820763,17,2987.0,1,1,4
e9eb2d58b1377bc7b808dae018eac921,0.14981760270893574,4,1789.0,1,1,4
ea20eef618955a0f4078fed974c7ef2d,0.022714348509907722,1,12960.0,4,1,4
ea7e98d280983c92519ab14ba4c9ec59,0.03881152893882245,21,1593298.0,213,12,4
eaa78115f3a0649951b40e80f6ac63db,0.008626309165265411,31,875168.0,237,12,4
eaee1e5cd7f566897c5d9b687deec770,0.08483330113813281,31,23707284.0,21,2,4
ec19500312b21a2456ae984a57f8ccc7,0.1774321375414729,6,1312506.0,513,16,4
ed13f9a333dea7b8fe72bf81fd288c95,0.2885335562750697,22,200072.0,22,3,4
ed4abd2d631b4bb7421d1027545d58aa,0.059351883654017,29,3425734.0,881,37,4
f0aa3c089304b27d4a92e39929a1681f,0.004936978919431567,2,42435.0,4,2,4
f16947bd460226041c200dcc0e3e1afb,0.28832530975341797,2,1195622.0,265,8,4
f1f6df20405f3b68e7721548ef9a345f,1.3408540624659508,135,398138.0,49,4,4
f2c90016cf2338be6ebbb37dfd81b96b,0.03620350721757859,20,1563122.0,362,9,4
f342bc319fbcf895c7c0229a15adf14e,0.007349031278863549,3,2289911.0,559,21,4
f3e49a70ea1834b4828762c533f9622f,0.15631051873788238,13,2888512.0,318,2,4
f3f17037b9387852825b63deee75e9cf,0.06966073618968949,38,2909468.0,250,13,4
f59a09b0a0dc1170bbb3649e3e4f5b25,0.1328309178352356,3,355008.0,46,4,4
f59eb16b673c72d1b926a1163b862f3e,0.18637406360358,13,22049987.0,34,4,4
f59f1273741b822bfeaf9c7f76af8af3,2.446107290685177,18,381759.0,15,2,4
f63fbbf0cbdba879f2e47d602e71576e,0.005467439157655463,9,141572.0,9,2,4
f658662632f2c870b1af1d74d7728f46,0.002870730209906469,69,2639303.0,410,15,4
f7196eb3ea53941e089c80e5c23e2c31,0.014142489060759544,2,312216.0,194,5,4
f7ae324dc8547e65ff61280704375918,0.4756254726089537,28,429859.0,166,3,4
f947284adc335f372e8e3b11963ed452,0.09529641456902027,7,686895.0,53,8,4
f9c6e674d000018811c6aa8a30fbd8d0,0.04963648389093578,35,488051.0,46,3,4
fbdf76f79eaba84de7f3438248f040ae,0.0330740986391902,5,9608451.0,296,9,4
fcb0061e01daba8a04ebd10e74ce0931,0.020208304631523788,17,2233962.0,421,10,4
fcd6da7046dd642cda0b9db282e91b5d,0.009433161758352071,7,3914080.0,292,17,4
fd901919dd80df7d6b1fc5e8699233e2,0.02954864874482155,2,2528.0,3,1,4
ff640ba5614fa418594c8f5862370487,0.041246464068535715,46,32746529.0,120,11,4
01780fdd9bac19963261e35ab219e658,0.05390887218527496,9,2603647.0,97,7,4
2ddcaf2d9743f84c0914af538ef13cfd,0.004345339490100741,4,3606285.0,1053,14,4
43c525babe1d751a1e1810eae4fbd409,0.00018000000272877514,1,,82,8,4
4965f1599b80b2ecd0f7c4ce3e6728a8,0.0016904446529224515,1,2481286.0,512,10,4
4bf81d035adbdf232818288ee40a032b,0.0010285841999575496,1,1721204.0,482,12,4
4dab6139ec0007bd8f7700dd393caa77,0.006984672974795103,3,2024270.0,334,11,4
68fca8cedf391afd6787d583dbe61ee3,0.036370194517076015,3,1433874.0,242,9,4
6a8e85faf1e2d737b6e3fda0100664bf,0.008948098868131638,1,1954.0,2,1,4
6aad2a5ead174cbe525615acf2f8f631,0.1932624876499176,1,171575.0,31,3,4
7f805717620ad6884a8f24c500e149ad,0.034334778785705566,1,1291825.0,254,10,4
9f277d1651860526826db91a3f820cf1,0.0030960000585764647,1,3288366.0,313,5,4
9f40b9e96b4e925bd8f7055a7403e854,0.23819123953580856,3,14063754.0,1,1,4
D131D7BBE4EB4932907452D9B86590B0,0.01911989460897827,2,2778.0,1,1,4
EB236A7E294E488E96B07E7A902FAD46,0.008356439590454106,1,176219097727.0,554,7,4
a20b58dbd6d1727dc3541a8ba48482ad,0.0045820740051567554,1,1092.0,2,1,4
a4889722413fa8fa77d38db7586daa67,0.006144518032670021,1,737.0,1,1,4
ab85d2633ebf03a1dc68b26406e06c54,0.014733525924384594,1,487924.0,46,4,4
b004e1545e6d7c2944f0eac8c76b6860,0.055239999666810036,3,1841542.0,209,6,4
c29fa6c052060121ccfab0990abfaa3d,0.10162205249071121,2,2849288.0,269,8,4
c6ecec144d436c817d9ebe57e03df5fd,0.44422826170921326,1,15956072.0,125,7,4
d0c6c35c8ac0a4311518daf2dfcbc098,0.058813828974962234,1,7676588.0,44,4,4
d13ff8d2bce54c876b8a669de517d476,0.007634754758328199,1,2148.0,2,1,4
d943e2cd0498698f81b4eab490a00876,0.010592734441161156,1,2073189.0,125,8,4
e4bf655925ad84c74c27d3b87c8ad47f,0.012693280354142189,1,36337.0,9,2,4
e5caf9da6c93c0ad9979fe4a751db7fb,0.025659848004579544,2,2106.0,1,1,4
e66d83e832c2540b3f65f71917513ca5,0.0117345224134624,2,2620564.0,493,16,4
e7bec6808dbd2acbec3f5c28b8534e6b,0.027596646919846535,1,1759617.0,1,1,4
eb9bdf235751ef9df36537a54d0826e4,0.03076831065118313,3,1316.0,1,1,4
f84c0e1121596ab17d06c90f3248be17,0.05739201046526432,3,749233.0,282,8,4
26acebf7eabc2fc7813bdc3bd918e981,,0,,117,9,4
321EC45BAD8545808DD9C6E4AC4C0D7E,,0,,235,2,4
6984c389429744618f7f4ed4ff136b57,,0,,57,6,4
8b0b3c0a3559a5ea56054f75d32d7ea5,,0,,10,1,4
b323694cb6651cdc8a049b92897340f0,,0,,1233,32,4
c129b0411fe9b5c3875b36caecd2f868,,0,,318,16,4
ce6125716c7696f014c7a4101dee3bd6,,0,,155,10,4
e4b8f540c9e693efcb6cc2096393698f,0.3181999921798706,1,50005.0,28,3,4
f304faa1a1ab416bb4e9a1d997ac9813,,0,,199,14,4
f5ff651e3e5985e5cdcdf3a0492ed762,,0,,44,8,4
0682a68714a1f5b96320547d49f2cabf,,0,,168,18,4
0e4fa4584b44d3afb0f903346c34beeb,,0,,243,6,4
0edb8d0d58f68b0ae7a15f2851ac4e49,,0,,215,7,4
110d881dcbcbcb622e58f7abefd029c4,,0,,49,2,4
122a36569a7a577a04d43a91325e0976,,0,,204,9,4
131c2d930f9b2abca9ef02b02bdd0e82,,0,,2,1,4
19de0889f89e16621f096c60cd2e11fb,0.009999999776482582,1,7300301.0,85,20,4
1b2a259dc14622d59a0cc11283af109d,,0,,421,20,4
225535b3359029f1d3327ffa3a0715df,,0,,134,4,4
236861e27fd3b9e5be764fb837b2488b,,0,,1,1,4
2456a990ee28e7e9de9f560d90ae60c7,,0,,441,13,4
2460672794b7d8d7487817e8aedd0e5f,,0,,74,4,4
28f05d4145c9e7c72cec0bb3f9867f49,,0,,2,1,4
290C6D4052694560922044EE4091C9F1,,0,,3,1,4
2e4000eb227b14c206dab0ab3b97ba27,,0,,578,35,4
30b3625660530e82724d0042e38611cc,,0,,127,5,4
318e80369d0a7a51ea203be9cdaeeaaf,,0,,1,1,4
339f2913296c1f765326f42f36f6227a,,0,,3,1,4
366de783f74338db4b264c5503493eb8,,0,,318,10,4
382c4ef85e9832f677f751bc8f02ba6a,,0,,1078,24,4
3bdef9710e021cea6dba3d56cdfd010b,,0,,66,6,4
3d20744daf2e944fe489b8d876d2aaad,,0,,21,2,4
4014afe7b44be0298b41b21d2f008d0d,,0,,512,9,4
4392348A47CF46A88F3872AE428CCCD0,,0,,1,1,4
48264395709341108EADFDFA9201EF07,,0,,160,10,4
4892d3f6effba3a2a4afeb49ec531155,,0,,61,5,4
498bcc70d13520c9cb99fa768906ddf3,,0,,3,1,4
4e4f65c8b4ba95936a796720fd0b2941,,0,,38,16,4
52032d05d3949bb8e110f802c1dc9146,0.010088754817843437,1,843.0,2,1,4
52ab5eb7d9862bf9047ff498260498e3,,0,,11,2,4
52e7f0934f37c5290c55165ef3499647,,0,,2,1,4
588fc5290bef504ad4e03c94a1955615,0.006300000008195639,1,19894.0,14,2,4
58fc2702b04a50937bf0ca6b0ec0e1c7,,0,,2,1,4
59fe0cee35fc954b3b5a657c66dda5a6,,0,,2,1,4
6cec774561dd20ae2bd233ce1b4afe0e,,0,,30,2,4
6ea716ba67d25db5f69f3a12b567bea3,0.007833728566765785,1,2208.0,1,1,4
729a98e62c1120dd52482cbd2e45cffa,,0,,190,8,4
72ef79035198e27f8ae1f423ca068ece,0.006640904815867543,2,4563.0,7,1,4
74f58685015364239a9b07d4a8ab716d,,0,,1,1,4
757FF5E748B9491FAD70E7725B609C65,,0,,2,1,4
782f1d04f0dea7108a7a0581f03a8d53,,0,,2,1,4
78e6e34b5ad25e4c46d7d4afaad1129f,,0,,193,6,4
7eb6b2d601d040f8ef0877976b40a698,,0,,1,1,4
7ef7139cd23c637f556b2aa8ef8ae0e5,,0,,40,2,4
87faf2e836e0b820f76242db34574234,,0,,114,6,4
8826c86460792e5f1aa826882d1c0cc7,0.003748904215171933,1,26977046.0,29,2,4
894dba9428bcdd8e12a6d7442a6bf945,,0,,1,1,4
8ccc3f477f98e1e9bdcf39fd7819cd2e,,0,,222,18,4
95e3e11b58032fce503b820e860cf541,,0,,1,1,4
9697f2764f3cfc4ea88c75612e2dcc94,0.011603889986872673,1,763.0,1,1,4
96fa1295b119d0f212df428ce207c97e,,0,,88,5,4
9dda050725d230e371f57a11ef5aeef0,,0,,162,8,4
9e77665939253fa7653c62197d0b04ef,,0,,124,11,4
C07183A2650249C6BA3D571297341504,,0,,234,9,4
FDEEA85BCCC4462F949549B3D21539BE,,0,,314,7,4
af00f53f95380cc0b294a48c0b68e6fd,,0,,7,1,4
b0f8d4e4313f56cd7058e7deac76a0b6,,0,,411,7,4
b545ed0eab00c2ef6a378df8723654e0,,0,,99,6,4
b55030be2f867bd72e43565b7efb2420,0.006819999776780605,1,170.0,1,1,4
b61f6151d898d261e69d24376d6c902b,,0,,420,18,4
bc127876a3aecb40513a49dff54739d6,,0,,14,3,4
bcae4edc1bf25c4ab4a49fd090f0ab0b,,0,,729,24,4
bf5220da600bc02433edb57d08caec44,,0,,2,1,4
c008462ecb5443073ae658b3643d5e87,,0,,12,2,4
c116ad3e6c146833809479d2acc42a96,,0,,9,1,4
c3df96ef5d58bb4aca6b58c230438d3a,,0,,72,3,4
c75d57b678e3692d537851e635b1935c,0.19722256064414978,2,13903118.0,721,29,4
cc695e04e7de693003375bfe861bbf76,,0,,65,4,4
cf39e4943b47eda92f1452c4990f7292,,0,,1,1,4
d21bd0c3a2bac638ce4abb022f227bd7,,0,,3,2,4
d4dc641bd04c1eba8bb8d1a54a746366,,0,,66,3,4
d4ee26bdf738ce81ca5aab5afd4a14cc,,0,,1,1,4
d59d5913d9d095b10b349f4b66d020fd,0.0015886161709204316,1,12669958.0,6,1,4
d9ecba37eed3b88119da858a3ef1ca48,0.37081360816955566,1,3836978.0,958,26,4
e0cdcf75b4175567660e40cfa27da290,,0,,2,1,4
e2f7dd548b5de23285c4fb6dbefcac04,,0,,4,1,4
e59d73c856621222e70049464a04feb8,,0,,430,10,4
e6a3de7dd466842f1d69680bba0e85d6,,0,,260,8,4
e70381962c1160207773edf5186b1eb4,,0,,149,8,4
ead0b6784d74d6be96436bab4bacdc78,,0,,133,2,4
eb1496740cba66ed59a96fa3ead279f5,,0,,8,1,4
eb2014eb48c58c4143085160b931742f,,0,,125,7,4
eb551a9882cbe4bd21f9c09f2f85a49f,,0,,487,18,4
ec0019b92f1e54dfbb6193975760365d,,0,,6,1,4
ef3ae65dac22215d0563706b2c674c86,,0,,1,1,4
f3b769dbc1bf816baa9b675a833192f0,,0,,3,1,4
f7c127db5b4d8ccce3aecf6fd02c725f,,0,,104,8,4
fa62475ce6a7cfcc162aead02f2ca384,,0,,679,16,4
fb3b9a3bc1778c1abb8611bea58b1734,0.0006118119927123189,1,7353.0,3,1,4
fbab75e06c8f948ccf15c1cb2a1b7482,0.07140325754880905,1,2611919.0,51,4,4
26d563ae68a2d8f3766d59543244a41c,0.09413362294435501,2,3851000.0,390,17,4
2846c29447c50f611d776cf5068fa033,0.007625022204592824,2,3078077.0,100,4,4
332951a4349d2f2eeff370838b60a43e,0.0027412129566073418,1,702968.0,42,2,4
3a31e96d6c57207d76962fab1f851bc0,0.02500000037252903,1,2747612.0,674,18,4
49f04ef9a121632fb4306de46823ae63,0.013906999956816435,2,1476373.0,181,12,4
5F354971A60643E994D79C4F5F40F1B5,1.187267456054687,1,1735276835.0,2,1,4
6492e4d499035358dd786fd32ee45db3,0.012701750732958317,1,3119559.0,375,12,4
6D95B065A92A4C0D998580711FE3DF7D,0.07300149536132812,1,1734845845.0,8,1,4
754a175fa5ff31fdd05276e842e44ca4,0.006394225172698498,1,2511.0,2,1,4
78e5d0af73f7ad9b7c559f91759c6c37,0.008743672631680965,1,767110.0,92,4,4
8f03ec4e0137ccda3a0cfa369ec6d910,0.005933120846748352,1,1392351.0,321,11,4
940fff763a5a40d9e0a6f83299858ef5,0.002565475180745125,1,496406.0,171,6,4
95eb7ae9521f19f1ba6c998c83a349e5,0.01532202772796154,1,814273.0,230,6,4
9a01bb0eb808c3114e3fe2d9a408c19f,0.008972115814685822,1,5352279.0,94,28,4
ac918ae4c08ec713f7bdacec6bf5580c,0.006781329400837421,2,595790.0,281,17,4
c7880f6d17860b5f1c3a4d8176400b07,0.09321334213018417,1,2982288.0,191,12,4
E4F391218261401188951487850BE319,,0,,1,1,4
0607fb10bbd3f50cb34f6874630a0de3,,0,,258,8,4
0afe57594d50487e6ee3460b527ea8c1,,0,,502,17,4
1EDE2D918D584C76B0456FC6CEB3283D,,0,,141,9,4
1cab5e6e2d12a89912c88ddc4ed31f03,,0,,155,6,4
30DABACA69B240728091C4CA27090422,,0,,450,11,4
32523d3466280cb860001ec7f08ebdeb,,0,,32,13,4
32e06725503aa9474d5fb0d4a866c21f,,0,,1202,21,4
337f51ae96412fb0c527ace375f109a3,,0,,25,2,4
40041730c3e3b0fc2cfcf4c151a0a143,,0,,79,3,4
4063c59578075283eaee14560a4fe909,,0,,328,12,4
4bf75a09cc6fec42f276c2ec9bacbaee,,0,,244,20,4
4e06a3334a684c38106e96a1000304a4,,0,,754,17,4
51612fbc30ca114a8705a05a232a9252,,0,,210,4,4
56db1262960d89882b2530fb6d40aeb6,,0,,881,30,4
57bd8a996e3eacae2a0bc6ef5df51fb4,,0,,39,2,4
5e94e75d4101f2c4e51ccb67908853de,,0,,162,4,4
6a74f98e887b4651ef8294c138333cb6,,0,,47,2,4
8cefec1a5c3fd77e4e3e9135cd9d7775,,0,,81,11,4
964d36a6c37cbc76e7391b2fab7dfdf6,,0,,176,5,4
9759707053304AD38FA05E1D2B04C869,,0,,69,6,4
99793ac58cea3b78119c558d551a3f0c,,0,,905,26,4
9CA4C368D94B4E66A9A0E3D467F08633,,0,,100,5,4
9c58a706ddf7c9379fa7453f0475894b,,0,,3,1,4
9eda85a789a9049c61bf4fbeb067d119,,0,,4,2,4
9f2701424bea07140e675c7dbdba4f6a,,0,,92,4,4
CD24060B35884B5B8A2A9C834EAA3C25,,0,,235,8,4
CF9DE924C27F4CC0AD59C7A2EDF60FB7,,0,,218,7,4
F8A7B2F0B7FD4898A4E127CC0475A7CC,,0,,107,8,4
af94a48baa4160fc68a1c60cb6ad58ab,,0,,285,8,4
bbc0d83ec5cb15a679fdee9a0d64ae5b,,0,,2,1,4
cc836dd59148d44309884860b08c1300,,0,,781,14,4
d73cf7c57a79b560c25dc3cbc83501f3,,0,,2,1,4
f05a349991a6e4996cb1bc4160105a35,,0,,26,2,4
f0bc3f316a041a16638c4b677abb2d7b,,0,,305,15,4
f428cc35a22dbc20b4535b2ee7bfa8be,,0,,1403,34,4
f74889b73a43ffc346c6b73635f81765,,0,,4,1,4
fc564ba0cdb488f877f2ddbe34eb4f3f,,0,,6,1,4
005a5cb728db818e73de9d56557dec0d,0.012608211487531662,2,1444.0,1,1,5
01fbd6cb3ecdf657d991bfeabe04204a,0.0019837396685034037,1,2754474.0,49,23,5
033eb64c23ab5fb854c3fc396531b14f,0.0027065796311944723,1,7139253.0,1132,17,5
03d6ce2dbf790c97efa8ddf0f38d9cc7,1.1842533964663744,29,552948.0,15,2,5
03f27c192edb4a137e1665f156695200,0.1231771670281887,3,410136.0,152,6,5
050ed0003f41fb9c16b6cab8c314f0d7,1.4876125138252974,56,608929.0,172,5,5
0593a8d89763037b2140b87ba064c01c,0.14894911041483283,14,1594857.0,167,6,5
06b1a4f5d7534c8671e7205f9fb87b6e,0.5590484496206045,15,258887.0,40,4,5
06ecd839e7acf997659a23d19fe7226a,0.060883982107043266,10,1335143.0,403,11,5
0709844c9ff93c009ae885552fd56f29,0.24851122125983238,2,19374031.0,9,3,5
0732f560ae4a09f90ed8a3d10205ba4c,0.2679252624511719,2,70928.0,27,3,5
076e7c7cb7684872b2b2f213b1eec5e3,0.04558304286911152,62,18082.0,3,1,5
07c40448327fad02b9a78d0eefbe3c05,0.03917565941810608,1,5156.0,2,1,5
07d1e1b97418a545f18343d669f3a347,0.00981980562210083,2,866225.0,58,4,5
08323a67d5f53498ca70f8a0c2eb491b,0.07560371002182364,6,331148.0,22,2,5
089774d8260daa10292d9459fed5b67f,0.023049007504596375,99,134304.0,19,2,5
08f9716ac9451958c29576a4725bb1c3,0.3184596747159958,3,3989.0,1,1,5
0a7ad622166cd6bc91abce2e859136ad,0.022570205852389336,1,356.0,1,1,5
0b355439c20f68d5ee5e546544a1b80c,0.12888528569601476,17,1787551.0,68,10,5
0bf10c0107eedff8a3b3d38e08a7a744,0.02940513752400875,3,337383.0,78,4,5
0c6e53fe35465b5b5f65beb0f58ca23b,0.08087047043954954,60,5861122.0,613,25,5
0dbd4b15f3be6971d8b5c88dbc640ca9,0.018095229723257944,27,1096633.0,24,2,5
0e9c5a81f0869273d3953befa44881e1,0.217361158458516,89,1878245.0,443,23,5
0fd0467c4ab01cad6a40c564ee213f26,0.003128015494439751,3,1977623.0,172,7,5
1103b40835fd221fd034cdbefc84cb44,0.10878493031486869,35,742436.0,171,4,5
1191ba020e662b30d27bc18d8563f478,0.21500545740127563,5,8718.0,3,1,5
120d9c9b405ccb4c64e7313b17b14e3c,0.06081202765926719,21,1469102.0,79,6,5
122875a8584e816ed838969197b39400,0.08154618949629366,15,1631715.0,578,9,5
12E4B6AEE28B44AF80A15511E9877451,0.21875608825683596,22,17352291206.0,26,2,5
12b3448782d9cfc27b5db82c81431e7f,0.0014971609925851226,1,852336.0,131,5,5
12ed5a1ce60dbc096fd67960ea4db42f,0.3057514224201441,16,2184882.0,749,16,5
13705397f216b6e8d20c4d2a288dd3e3,0.006998618831858039,2,2041556.0,420,12,5
1456e431ce7ea42b2ad1dc82732ff3f3,1.9257888123393059,31,449237.0,5,1,5
15a03633075a28f426c3764e321733ae,0.015913803945295513,6,658100.0,21,2,5
16c6d3f8614f8e58b69de1e8559a9851,0.498293848708272,10,4442.0,2,1,5
16caae904ccc3779868aa295f96e92ba,0.5008614957332611,2,5425.0,3,1,5
19092ecc2da01de6860dcdf9d2e1992c,0.23666656017303467,5,6878.0,1,1,5
19558c9931b5eb70a40e0430a245d197,0.10805870546028018,8,4660.0,1,1,5
196835db1ceb6e844999884bb255045e,0.23846625164151192,4,2011.0,1,1,5
19971c20594c231fb7342b483b1db1f3,0.034001330845057964,8,2200430.0,563,17,5
19BE49475FE84294B1EB83DD224014D9,0.0797256426692009,4,1734581480.0,78,4,5
19a01137b4c045e0b2edee4dbbf7c4e7,0.029634172096848488,4,1370.0,1,1,5
1FED7DEC00784F6095016AD5C411380A,0.31259427452087396,17,42487.0,15,2,5
1acafa7a1f31d170aa0624ced250a5f4,0.07519221166148782,25,465185.0,100,4,5
1baa17292e4cb5a9bde760200f1e7510,0.012899105437099934,8,241116.0,27,3,5
1cce6ef549f72b7fac40930cb738f3e5,0.15889275167137384,12,1765.0,1,1,5
1e6fd7f5bdf5b00f8d65e00e87c8ee0f,0.0035027634585276246,2,4039083.0,302,12,5
1f35ef9e7685538b3bd5148777f2ea8e,0.17420942429453135,7,621397.0,71,4,5
1f391499668a20397870f7108226fd76,0.03231757879257202,1,447660.0,20,2,5
203f57884c683d7d9d4f213f27c3f167,0.056988983415067196,12,2424675.0,508,16,5
20e97562aafcf8d96f6d19d946d32b7f,0.045942252210807055,9,1572791.0,182,8,5
216fccda98e6cbd6880bf55e47994426,0.040178339928388596,5,645420.0,46,2,5
21dbd52aedad1f8ab1564373aa7ca522,5.328516483306885,5,310006.0,37,5,5
22051f5be3bba9a73975c206ef6f8c88,3.530776023864746,3,494640.0,32,8,5
22e53c191bf39c3659adeecfab0c637d,0.031921755988150835,6,79663.0,15,3,5
231c2298d7e0397de465873fbb187698,0.04684233188163489,43,135815.0,64,2,5
2367289d1694bd305c45064a69ca1bb6,1.3279861197806895,87,4634563.0,1182,26,5
237f75ded90cf43d1098c9eabf568cb8,0.05868231051135808,43,2698631.0,397,18,5
23c266ad205997a95eab3a2660be2c8e,0.02072544756811112,17,1050230.0,179,11,5
23dc5e969b67cb8805bf976a42ae9fe4,0.02043477410916239,12,3552.0,3,1,5
245349ef06c7d8bd9a04ad98ac30f232,0.006082200910896063,6,597570.0,189,3,5
24d7ea04155e65b61d6e6e826215a9c4,1.0594085366465151,87,2545436.0,249,14,5
24fbd25efb4d43b5a6a23f5e02c5e58f,1.292326483875513,45,6724514.0,31,2,5
2597D0DB073346F5A96C7CC3E8E97DDC,0.1824888700162989,18,8647420937.0,840,17,5
25cc9990ee1e6414b2667f2a17948ab7,0.10637516528367996,2,4336.0,1,1,5
26528ce122b187413a544a7d65f7264b,0.010931691154837608,1,13026685.0,28,3,5
26b27950edd9aaebb9733f3d3752be71,1.0303253754973412,9,4483.0,3,1,5
285baa5e03bb394a2e54ce82cc8322fc,0.3318621094804257,75,942599.0,180,5,5
28a4dca2738a234883429c8d28991ab7,0.012126544032071251,47,4987627.0,473,53,5
2955a3d90700d8d884c3fb0a8013f09d,0.009797933278605342,3,293514.0,32,2,5
2972B48E1437452BA3A1D34FB7BD820E,0.21172729682922364,9,1732276211.0,439,23,5
29e66be4dc09f2f7e97c554f48b545bc,0.06099161086603999,18,2831746.0,106,16,5
29f7d3d20023bdb59f7137de91f8317a,0.16452379152178764,6,1407826.0,295,4,5
2A4E41DB84AB4DF5AEE8D5C7647E23D9,0.12715954071134525,28,83156740451.0,492,8,5
2a35083dab3c9b786fab340567d4ba54,0.060732941841706634,21,,37,11,5
2a5b74081b326eb9c933048d988d42e7,0.0005873893042007694,17,597384.0,66,6,5
2b6e1b6fab8d7e33e3eaa10e4c5de9a4,0.005277152871713042,8,1479918.0,302,6,5
2c2f3eff2c4addf727b9fd4b41416465,0.032953544054180384,5,4910878.0,522,13,5
2d29e681159c231fa59dd4f78d0a1351,0.13418957218527794,4,265960.0,71,2,5
2e0168d4d77f8899a2162fd4bc15960d,0.6550495699048042,14,215208.0,5,1,5
2e58655ab8c221bb5eeda9f4e0317f2f,0.12503280630335212,16,3891.0,1,1,5
2e7a6caa161dc955908acadce65e856b,0.02477014809846878,6,1671217.0,102,10,5
2e935b910168654772e5b63d36ca4bd5,0.4740920513868332,2,2167.0,6,1,5
2eaca0dcad5d43c1e4e486287f9ef30d,0.004247189499437809,1,80680.0,37,2,5
2ede0f554b23162b1a5581938109eab6,0.08680575073231012,41,1502810.0,489,13,5
2f455c007136c596550c83fc54b5e40a,0.030535873025655746,1,1412.0,2,1,5
2f73204458a83aed793c1d2b985008f2,0.13280785782262683,18,1361023.0,453,14,5
2f7992f37ed531aff578666e384d40cc,0.012161382474005222,10,1250021.0,137,6,5
30ddb77efe6290968637f64803446c4d,0.005822129896841943,5,4408050.0,110,7,5
3273a6bb3fbeaca32b5d2aca41a57662,0.1428006556816399,38,724446.0,154,7,5
330beb1c82f6ae89f0ed508cd074e8fa,0.14875825680792332,39,263275.0,14,2,5
333319cf9e328eec91d76f22dd2c1e20,0.3808587845414877,20,151957.0,16,2,5
336732d9ce807c98c7180bbf3d29b057,0.052610003971494734,47,704297.0,141,6,5
34db55935393267b47629b87d59c3928,0.026773032848723233,15,32844.0,18,2,5
35ec9fff6da3a5e80531037d2601a722,0.04686043318361044,12,1954827.0,192,7,5
36174db81893535a593cb27bef0de308,0.6135333180427551,1,198937.0,85,3,5
3672ee8a6329740bd8e425fbb7f4f9d0,0.020630958315450698,14,,10,1,5
36f4a51afe8237e6bdd193c98a273e2a,0.18820353131741285,20,,153,30,5
3715bfe93f7c055bd24f7e95054df3cf,2.0335581302642822,8,5508031.0,4,1,5
37c91d47dbfc0db8addce3a700903232,1.0959711149334908,4,1644.0,3,1,5
37ca21b6dcedffd55e8c3c6fc389aa94,0.647243931889534,10,3812.0,4,1,5
382d4aecdbc0700672a369be895dd21e,0.06283182592596859,23,97093.0,18,2,5
390ea030ba5a53fe8ac5d675c6127bfe,0.04500288865529001,10,5048051.0,366,15,5
39191daaf8047f8161baf2286a50fef0,0.0627728421241045,2,976901.0,64,4,5
392a0bf48440424f67b70b4a51a2bdcc,0.029386913403868675,4,8603115.0,1385,27,5
39d43325e9469dab59098ce071383a29,0.013336655334569514,7,2314477.0,650,15,5
3a329043ab3064da24a9957f18d45aae,0.10171801224350929,5,2861.0,2,1,5
3ab77412918d638dbb06c9f5f209dfbf,0.2004002332687378,1,22249918.0,4,1,5
3ba354a98b8aacf79a59788e0e851bef,0.008267878321930766,4,366720.0,21,1,5
3bdf428755bafde40316ce7b5821eccc,0.013592577073723078,2,736313.0,530,22,5
3d9e45bddd2dc9664cdfeb600e75f8c2,0.32235304452478886,11,40507.0,3,1,5
3dd26a4f6a61c18f403bf12e1c0d8766,0.16653609368950129,21,27015.0,9,1,5
3fea19b6f0589fa3986b403e483349e8,0.01498156221350655,92,2458063.0,485,8,5
40df9ea15c6f301c43c87b4320a92135,0.007599262520670891,6,640209.0,126,4,5
4187f9e1a19d94024d0a5e2a85356108,0.024472832214087248,4,3887226.0,862,32,5
4204131066c3921440e15d1fa442af3a,0.07419372373260558,60,1939280.0,491,6,5
42D8232A1E954293BBF71AC195D92DA5,0.061939900330305095,3,3469149819.0,115,5,5
42c3f48535bafa0a0628f9370a1a86e1,0.051326600369066,7,4438650.0,152,10,5
433c18ada46f4c56c2914dc508225000,0.034127937629818916,2,10684543.0,50,6,5
43a28024d74587449726f07501604693,0.2099769078195095,5,12061.0,3,1,5
43b4b220af31a939b0f0d9393aab1335,0.006267167627811432,1,2678011.0,359,21,5
456a60a909e7292903b31e645bcabff2,0.0039635892026126385,2,194324.0,52,2,5
460039a05787f017a57ccd03a2f5336d,0.015598288271576166,3,137728.0,6,1,5
46FD6F07E676498EA206F0764AAB42B2,0.1153170680999756,5,9863.0,3,1,5
46a2395e76dc11a017fdcb92d110c53b,0.05155557033140212,21,4705.0,1,1,5
47267557466b04c054ce336a386c24ad,0.01086078176740557,13,218569.0,35,4,5
48DB24ACD95F418EB132CC321F408905,0.02061383819580078,1,232.0,2,1,5
4ab764069a16c57049450d5542f0a383,0.04582384182140231,12,1104427.0,152,11,5
4bbcf867a9c374a669493528092a3e1f,0.37762224674224854,2,28917.0,5,2,5
4d8e076cd618ac3f5ddb76c662bb72f3,0.2989221718162298,47,496023.0,46,4,5
4dffe64615702748a5b02790e3e5d4c8,0.02302760223392397,10,680959.0,106,5,5
4eed5fa8dfde88d6a591b4a6e0ba4e5a,0.0660191411152482,11,57493.0,22,2,5
4f08a2d96fd478f6fac799211ad1b0bf,5.288596078753471,16,30293.0,2,1,5
4fffbee6050d5984b546c1fb0f426099,0.11499380180612206,6,658509.0,59,6,5
5007aeb2775a2c17fa9190ad7a078ee9,1.576156860217452,29,359862.0,86,4,5
507a5ae6cfe8387988e66715f39e6afd,0.22610515169799328,9,385283.0,49,2,5
50a0059f7cc52c7e88cb5b0402b8c3ce,0.21672119107097387,11,473712.0,78,5,5
50f0fa5a4206ec36ea7540f483207912,0.0397976835956797,9,10247.0,4,1,5
5162b3f82198c6ddd679de8362d5336c,0.5165451616048813,5,643440.0,63,5,5
5174c4ccdb773cd18957f832e17746c8,0.009270783513784409,1,11834341.0,31,15,5
51f58fe73216c647bb38c5548e8d0e3c,0.05232254136353731,5,3065834.0,13,2,5
544ecd39715b329ccb63d33439ec42b4,0.004692810587584972,1,105996.0,51,2,5
54B71FB96BEA45C0B09210B835AFED5C,0.08151877343654633,26,3469311425.0,99,4,5
54E821E488EC4809A796521C0BECB4C1,0.08227388172718675,34,1735366912.0,90,4,5
55d35538883015dea18afe6d6d478fe3,0.09765002294443548,21,998017.0,161,6,5
55f91405f17f057c6caac30440f5d0c4,0.06618680153042078,4,2946106.0,25,3,5
5694a836b859f544df2a3a762d6034b7,0.025750571861863136,2,2006348.0,331,12,5
58375828cfc50ccfb2c7a8d441ee5471,0.02212992706336081,6,689377.0,180,4,5
586ad4726382f8c5b8d7955dd3442948,0.00351162493461743,3,556944.0,74,4,5
586b27e62edd352d5bd1d04968c2e1c3,0.19550428679212928,62,468240.0,17,2,5
58ae4bd1021c5ad473367be114245ceb,0.0815609423443675,5,747763.0,252,6,5
599A0AC6D977491EBAF154EC9D7F3D1D,0.24241660376301666,12,338603.0,88,8,5
5a7366b07b6ae9f3cd828bab398030f1,0.05782695044763386,13,1388878.0,169,6,5
5ababcbc18a40c07de3ba545bee248d4,0.42430541291832924,25,433791.0,9,4,5
5c072b2545a279864b27a2d7eae0c053,0.2053927630186081,1,2973537.0,200,11,5
5c7b5e9fda4fd8a9f6566bc35854f6e4,0.1454326743260026,55,1651480.0,224,8,5
5d3b69c3890750c625280c6b71874db5,0.03861470450647175,11,27307972.0,181,16,5
5d593ad37a1c032fd48b0aaa9e7790e0,0.005927551770582795,2,1575.0,2,1,5
5d67da1b26b50062a44972384952cb39,0.969629094004631,18,1514495.0,34,10,5
5e87b06573e9947ce5aac8eddc6f3440,0.024161954876035452,3,630.0,1,1,5
5f106555cba91ce205cb4d3aeff67442,0.16940121352672577,13,9527914.0,61,6,5
5fba193bf1388be2afe3af61428f89d7,0.054498118872288615,59,4498390.0,607,28,5
604de37c438217c10464af9611a4dc5b,0.03683200804516673,5,662336.0,87,4,5
60a7789771e6f8c027ba2e25229f8c0a,0.011848337948322296,1,2942355.0,471,7,5
612ef7c21967abb24f8e07fa03c1d846,0.03432592563331127,2,445419.0,229,9,5
61a5b69b0bd464ee1a8bb9ad6f831319,0.002618469385197386,5,819695.0,176,10,5
61fc5eaf810f1630aada32299688955f,0.012350539211183786,2,2097022.0,321,13,5
6253d19b4aada562edee1ed5c59fd758,0.022054932051105425,40,115805.0,8,2,5
630329f7ff5d046478e91802c953fdfa,0.00340454513207078,1,3268911.0,652,26,5
6459acf25814668a741fe267f702b062,0.15529070515185595,10,548580.0,46,3,5
64dda12a19791389f6222315acfb8388,1.1283469758927822,77,1570921.0,285,16,5
6703e1492ddf9fc7513ed24028b49b38,0.06715874001383781,5,5315577.0,28,11,5
67124c169cc7397dbd6bc833f2ee176f,0.03322591143660247,6,764028.0,125,8,5
67e4a1505d9fffe61975e212d6786bbc,0.016968995158094913,15,2232057.0,354,12,5
686f342b0f2259a1ab2f5db2ccaf4640,0.7657465934753418,1,31071.0,8,2,5
68cdd67f9bbadf60e8a4eadcedeebe1d,0.3970683254301548,14,394867.0,67,3,5
69159ab90718ab2a50154358e3641c4d,0.18651648191735148,23,222421.0,18,3,5
69bb0e007429cc9a04a426fcfb1c04e0,0.11699878331273794,6,3116224.0,563,8,5
69d7d98a2164a48fe051c30b95816b3d,0.0031210299348458648,2,1813821.0,684,13,5
69f6e23ae18efe73d734081648095ec9,0.1710479047615081,11,2944976.0,380,13,5
6a04de966658105b079368f5faa0e134,0.03696538880467415,1,644.0,1,1,5
6b3d6382c4778f7db525817e701779cb,0.3424039251403883,108,374423.0,22,4,5
6b91a5f2fb2f251fdf6dd56875731db6,0.006271155783906579,7,1292859.0,143,6,5
6c65a0b41a1bb0325aa15bcdc63654eb,0.02146722935140133,1,1693.0,2,1,5
6ce27848c6d0b0e64c52fc83c79bbeeb,0.02092770312447101,18,2668055.0,110,17,5
6d62d30c1ecb17e57b0d3e8edb50dc05,0.4488562112674117,20,870784.0,264,10,5
6e6300d120d21f2f2d4074c814e6e179,0.023699308396317065,10,7196264.0,55,4,5
6ed1c8cb0405efce4fddd900337d0fea,0.0013830000534653664,1,2128203.0,291,8,5
6ee1c606ab4e3029ab494005987428bf,0.051010677590966225,2,2467.0,7,1,5
6f27a8d1c017b5733e458acc9ae9d552,0.03242809837684035,4,3749335.0,461,9,5
6f98c4375937751749e53e7ad55f0a0c,0.12819434609264135,104,516764.0,427,4,5
6fab1679f95d805e7853c9878720c411,0.07021421450190246,56,628645.0,135,6,5
6fbb3311f7bfe4a63318a0bf5e8f7a06,0.01578861998859793,12,97234.0,49,3,5
6ff4e1fcbffb5acec4535d946bd54d03,0.02566711977124214,1,185413.0,27,3,5
70F025C14FC54F478085FD7BD456DB37,0.11096201515197755,6,1734989932.0,19,2,5
70ed4443fccd9f96a70f70559050b6f5,0.007670213817618787,4,4737647.0,594,35,5
72262ef38f935bfab2c9b19753220800,0.029226523591205478,14,237558.0,57,3,5
72600e513a969526bf1fab245d736f97,0.025099665683228523,35,13609.0,5,1,5
72dcd84b2dd20e65e996f33b16c20105,0.21337652672082186,16,279222.0,32,2,5
73145200d69352a6a3c12ea7edc034c0,0.06379009911324829,17,448334.0,136,7,5
732ece48c701b94b4346268298bbcb94,0.1003841063939035,11,214305.0,32,4,5
73e6f5901ad71a26182342168376d9a1,0.004033845732919872,3,7006865.0,498,3,5
74c8a71d5a166629fd24ed619f555263,0.048822551034390926,2,2071.0,1,1,5
75549be73b89152ff9edd84ca3f704fd,0.05147179961204529,3,55064.0,6,1,5
75c6d0e1d32353517c3e933879f02914,0.40416037291288376,2,1884324.0,192,10,5
75ec4fd9a7cf5e3d1ddd69c0220e6aaf,0.07524763362016529,47,625656.0,90,8,5
760e23b5898255d175f9af894469b361,0.038431643042713404,14,4569.0,1,1,5
7677ba0376a59b34474bfdedb4097ce7,0.886517395498231,127,5565074.0,383,29,5
76f91037be47cbc73b229b559a50f864,0.334991704672575,8,6014107.0,23,28,5
77f05612ae60cd30e16194382b66eb1b,0.008604068541899323,2,8752833.0,22,22,5
78ae65002d02793e558ad988047885b7,0.2818551539967302,228,477107.0,68,9,5
7a80fa2394cc81329159b1bb14f878cd,0.011762128444388509,4,209357.0,23,3,5
7aed1aef4666345c7c89052d7415f4e8,0.03714959250646643,46,3172306.0,340,18,5
7c349b61b556fc4862119c7c48d2ed11,0.020142486202530563,10,869527.0,56,4,5
7d3130b9db4b49188f832cb013944285,0.07706608372973278,43,542904.0,153,6,5
7f788b2da89372c9fcbbc2b3a830e025,0.30730503890663385,95,871916.0,42,6,5
7fc00ab849426d035818c983d53fb095,2.97018239274621,52,5489.0,3,1,5
7fc7c59663e316f4ea6db9e3fc190572,0.2856222167611122,7,40991.0,21,2,5
80a1217daf2a2b1198e54939e91743c9,0.7443853840231895,13,3783.0,1,1,5
80d1dc131911850ad7a1962f20f44e6c,0.09181921370327473,4,5579139.0,756,24,5
812736563df8472c8b14d3495fb59dd9,0.21087693609297276,12,4909231.0,120,12,5
81294d4b8b1559a996f6bb71980b5a28,0.08623919263482094,4,6121163.0,17,3,5
8146b36ebb8ce3af842c4ef597613c0c,0.2358415718190372,28,680943.0,167,4,5
81EFBCB0107F4955B009EF37A30D12B9,0.12460491561889654,3,2592.0,2,1,5
82b4546385aa04b87e1ec28929042f70,2.082843393087387,7,4760.0,1,1,5
82b8dcc3bf29c81906685c467b1f847e,0.03168492903932929,20,132780.0,30,2,5
82fc714dc23d86df6eb432003b795a00,0.13656547758728266,11,952472.0,78,4,5
837e875666c329acf0ea883533fe7029,0.022702137590385973,22,2735063.0,266,10,5
83fdc971961bcf0e1ae4e5dceb6e6851,0.008196892391424626,7,239470.0,20,2,5
841A894B58F8489EB4C630B625FF01B9,0.23971730089331053,7,25686.0,17,2,5
85e70d65f2cf50b5c38cbd2dd1ab2089,0.16907952341716737,111,467342.0,55,5,5
86b00a95a65a1b512e2582d932b53f1a,0.06329721107613295,31,2565969.0,643,12,5
875d033deb1d98a7519243deedc79703,0.9146834621205926,60,765068.0,108,4,5
8763e52b8954498b0faa73ac011f78ff,0.02607059432193637,3,609023.0,71,3,5
87ba1c20a47f406520dacc2268baf587,0.07357489492278546,36,787258.0,523,16,5
882406b5d802e8af24e3d3e9acb91f82,0.019172330386936665,13,3840908.0,531,27,5
8975675cbcf24230589ee509416f8475,0.0014134000521153212,1,5094.0,2,1,5
8D5D73C3623E459398F30E46DB1294D4,0.215763671875,1,3469777569.0,5,1,5
8E5CCA36BA644A5390F84B403B372D15,0.010553834620941251,2,169212.0,18,1,5
8F539B9B40EC4AB69A3F63A40A264651,0.08439555447419483,6,1734849149.0,16,2,5
8a052c1a2bb0b383a41c851459fc0c05,0.14732367917895317,4,44800.0,13,2,5
8ad832f4bc3fe9f90b9d5f9de7557eda,0.12274362589232624,29,1651417.0,408,17,5
8beea8325b5b8d7b4fdcca487bab088f,0.014980129897594452,1,590685.0,191,6,5
8cccc9194e065410f22025d4a150c740,0.6790103986859322,8,296648.0,26,2,5
8d10dbb347690eda5808d15139371835,0.015002987813204527,3,55966.0,12,2,5
8dc49822bcadbf78b41f740be927f044,0.002172963577322662,2,433126.0,51,4,5
8dfea3c78495afecdf275f43a28ca7f4,0.031185599451418966,29,1046176.0,259,5,5
8fd486bda0997aaf1d853c43bfbe1f2d,0.016261291195405647,11,3426568.0,343,11,5
90325ed92d1dca700dbde7f425bb07e8,1.3570663533173501,83,324319.0,50,5,5
90D068606FEF4804B180C685E683EF11,0.04251234436035157,1,345297.0,56,2,5
90bcf1178f6a7d10ab13c3035c83fa10,0.19951761537231505,32,302083.0,17,3,5
90e8172123854f5e9b9a913dcf11e7a0,0.011233086726861075,15,9568.0,8,1,5
910d323d31d30b296827984c3ca59c0d,0.026559375575743616,12,64092.0,40,2,5
913725f5d17058721492601b2701011e,0.013628540560603142,3,2158.0,1,1,5
913d239e4b73952e688524274695dd92,0.09822208527475595,13,2517136.0,408,20,5
915790b526fc43dc7095d4aeb1eaaa9a,1.407619133591652,26,284304.0,63,5,5
915e62504016c4344a8efa044fac459f,0.008114536700304598,9,1330106.0,362,11,5
9192cf4033e4d5e318299f00d4ea8c85,3.5578975677490234,4,113278.0,30,6,5
919b46a247ed9928afd73c9cde66b571,0.03614040843967814,127,1070416.0,232,12,5
9206F3731EBB4E8CAEF6380421F4C38D,0.10221392822265626,3,71577.0,35,3,5
92f54593cccc29ae2e28559d28abd44a,0.494681722484529,15,2368779.0,369,8,5
93bba48165d07168143c471230fd6f39,0.18354879692196846,16,108457.0,5,1,5
943338dde1400e23f9777364aac3ede2,0.9374071676284075,38,123434.0,14,2,5
94f58f0268bf79ae2e375b1115abf3eb,0.09594381786882877,9,1005657.0,67,3,5
95e995ad50ad66cebeed4bea4022519b,0.007622360328241484,89,735904.0,158,4,5
965ea1d65e152ab22dd9db84f6f0dd27,0.015569680195767432,16,2427543.0,376,17,5
9662639cfd77ceafaee08b6c60f5791a,0.08067617285996675,5,1980516.0,66,2,5
96fcd07af4b3712cfa53ecf23cfa788f,0.5392601490020752,2,17696762.0,3,1,5
97a2a313635ab5ed9b34f86c47aa0e1c,0.06514704413712025,4,5613851.0,2,1,5
98d4273d46ba851f8846a8a4eb54fbfc,1.002944658510387,30,5353197.0,246,24,5
99dba0b42f2d8ccd40e4f71d9feebc85,0.32829616824164987,58,8266.0,2,1,5
99e4fa5f9e9be12b2efb3b07749e879c,0.0393814065027982,12,60272.0,14,2,5
9D3B9A7FF38D49CA84F91DCBB70123EF,0.07460137997246016,37,93816.0,32,2,5
9a829054fd7d58f87190d05dedbdf5ea,0.5806713700294495,1,2997875.0,236,7,5
9a8b1a51aa5ad3fc0556e6b8c9eb9af8,0.2597554731182754,47,958806.0,86,6,5
9c6f4bbc5f1fc3ca842187520cbe9cb1,0.20533970143878832,58,8208.0,3,1,5
9cd0f7bff8ca3a957dc4b8733ffd3a3c,0.0027790460735559464,1,35633.0,12,2,5
9debbe81e622a3372e9096ce1570026c,0.02318547200411558,36,1727762.0,283,6,5
9e4870904ea342bd44cd85748a3789b7,1.4055180773139,21,2640.0,3,1,5
9f43a293aff4ef2c728f9c7db015a6a7,0.019233220897149295,17,3845454.0,104,5,5
AAAD440FCF514350A7635723AD96ECDE,0.03166325939235232,3,3469392837.0,37,2,5
B2E0379BFB32499AA1B63D7D992DF888,0.05743006896972656,1,3056.0,1,1,5
B49BCB661CB94E0DB8E15E681A49CFFE,0.43220915625112055,101,10411013088.0,44,3,5
BD38F940981C4843A9B9E36222B6FEF9,0.06930275378667969,4,19238429.0,6,1,5
C74009CB5D6143DF8AA047C8D16FA344,0.19468162953904697,6,5205005529.0,38,3,5
C74F6C50C3DB4A0F966B926CAFA72925,0.05694519360608992,21,15614696787.0,45,6,5
CAD1655055C843AEBBC20C059DD41AA6,0.065790885925293,1,3467571832.0,37,4,5
DABD64010C67477881E9048556F60DD3,0.10364730701006247,23,5196442216.0,418,17,5
E068283F0C6642EAA470892E5B7D8784,0.2605797647379456,29,566187.0,249,3,5
E364C8D4314D4418B04913378DCB8616,0.022847949028015138,5,212870.0,59,3,5
E439BC78323C4E18B4BC5B9F3D84CAA4,0.5913589424985106,102,1734932297.0,39,6,5
F851C77B60464826B7A61C5846E0B4C8,0.07662389993667604,9,1734378262.0,297,4,5
F905C690B817430FB8563103A7444119,0.044839598388671874,7,1735373910.0,3,4,5
F94038225C91485988910447C70D88A6,0.39052510224924886,22,6940394779.0,46,2,5
a063d3974f4528a6caff8ab50ecac925,0.7522257938981056,8,294999.0,45,5,5
a12e6e64d9143f1f1702bff2b5f03777,0.01004580082371831,3,360591.0,98,3,5
a13c0608d3992837f958c7f2fea25576,0.04659781203372404,42,811212.0,90,6,5
a1745e56ec0d12ad3e3ffe92bb137ae9,0.32323164492845535,12,5305310.0,43,27,5
a2d0cd6c26f6f44d4f24ede2e9e2cc8d,0.06523163057863712,3,948558.0,87,4,5
a3715f36b6f428c8157ccf29a9c80d53,0.060011484660208225,3,7124042.0,273,25,5
a3b2afc602d4573341edceecfe383380,0.027276391861960292,11,2365301.0,41,4,5
a3d30da03dffe0115ee0063403e39cff,0.41685593128204346,2,1883903.0,193,18,5
a498252580645004519bd507d4d8c100,0.06105840299278498,52,208924.0,50,2,5
a4b1e0e69c8aa23cc3d7aa80062dae63,0.056600021896883845,15,612070.0,282,7,5
a5519b9912d05a97165eaacc53e8d1d6,0.038275593891739845,17,297993.0,22,2,5
a64ea07b8f04247d340b89e00d0aed4f,0.08060801774263382,2,300397.0,18,2,5
a7c2c500ab6f3dd97fe2bbfb8df67755,0.10510498657822609,2,246088.0,66,3,5
a9ba45c68e1dba30a0b7ad94bb3d72e5,0.0555063933134079,11,104650.0,21,2,5
a9da6f06da00ff520fb86dbbe2cc57da,0.009116998233366758,14,5404149.0,13,25,5
abefb3d853d8d3fa3613d997a7ac9e2e,0.07816448446828872,25,704410.0,36,3,5
ae47dbaa429e14c91d55838ce5b819c2,0.1093219737522304,24,101920.0,18,2,5
ae870a26b180fed2096b3842d55bf8e0,0.029969869880005717,25,2914250.0,60,4,5
aeccd43f07d10ba236b1607af50a3354,0.038074358366429806,3,3215.0,2,1,5
af16e3573ce5352965734309debbd8cb,0.00485499830392655,19,3272617.0,812,16,5
afdcff7cde9b1d316c8ff3728af6d5f3,0.19239396380726248,53,6517812.0,713,21,5
b04210cdb1aa20be988c06795c549369,0.1155098038725555,10,19285292.0,3,2,5
b06bbd6cc5c6cca9fc47253b595985e3,0.01813740996294655,34,,145,4,5
b0de8f8428ac1aa73f4cc8f9a2f9b2ab,0.20095516555011272,7,8125.0,7,1,5
b1100b3de14d26531053ec9074c2f66b,0.841935464181006,67,337714.0,91,4,5
b11acbd55ea2e63713a7befb8025fd0b,0.05673326249234378,7,1878.0,2,1,5
b3b18db178b7423b911152b33246162a,0.0071750282077118754,6,98962.0,15,2,5
b45a7b0eb0e45c2d4c25a64fccc70521,0.2267482802271843,3,5349.0,1,1,5
b49cbb8d32abee9eb74e584c9f0ba448,0.10448586742859334,69,539290.0,110,6,5
b5218a6407380c91b9aae1da164427a0,0.7727486602962017,39,2883827.0,275,10,5
b576fb0349a7cd3c7333494ce98e9eba,0.012146160937845707,2,1853184.0,181,11,5
b5c50c5109902306753729d559f157bf,1.0743185684550554,117,4073171.0,4,5,5
b5d3c8e4b1d7f369411819a2a215fde5,0.05605052871396765,62,1028342.0,59,6,5
b709fd4b3c89724a8bfe69df7f36e374,0.009035035036504269,1,806723.0,1,1,5
b7aad740276dce567a05b788f01b638b,0.025989185378421098,21,848422.0,120,7,5
b8484a23f0ea6ab15dc84a02776b190d,0.46131536923348904,16,464590.0,17,2,5
b8f28b5c118d08005e562aa00b86d96b,0.023083217391103972,92,2669524.0,702,7,5
b92a7197f66ece99c22569d16ee1ca37,1.2976092887111008,67,163319.0,34,6,5
b980186aaeb9aaa3a9c2344391477456,0.22785826958715916,27,242715.0,123,7,5
ba718ceee4601f3578ca56a78042be39,0.0018252120353281498,1,296164.0,24,2,5
bb4ddac08af7e0ae06e7c2cac0b853b0,0.21500501781702042,6,27907.0,38,2,5
bbb3c7ff240c89b14141528298337f5d,0.027114728465676308,2,429127.0,37,3,5
bc4144f906b8cb2c462f16c4d86852ce,0.013427788740955293,8,1009464.0,239,6,5
bc632018e06353fb0a9d6b5dee6516d6,0.24611619976349175,20,73644.0,12,2,5
bcec2ac80f46f2591ba23b12ee395a0d,0.003267923486419022,2,3999539.0,340,11,5
bcfa1fae07babedc2181df165fcef87a,0.06325195985846221,31,957609.0,71,5,5
be96f9b2d6f8e4dee87eb2830a2cf3d0,0.02403520792722702,12,218917.0,29,3,5
bf169b7df3f3826eb2bb9f811b32084a,0.01714119565440342,17,436694.0,98,5,5
bf7ddab731c9fa0dce7a5af211f08887,0.11737700365483761,5,5065.0,3,1,5
bfa1f21e406b5ca7448a872ef34c6019,4.017328905698378,91,2590052.0,1131,16,5
bfa532325057c57cf869e25d3cf5a8b2,0.10045184940099716,5,284789.0,134,8,5
c06aa96a0133e7cdd702b3a89041f754,0.02222007908858359,7,5028709.0,402,6,5
c088a2eb35c441ec36f54b0a122e203b,1.2446711994707584,16,50030.0,1,2,5
c09ddd24d747236a58126eb1c013e704,0.8928392753005028,4,8084869.0,676,27,5
c1b813c55b2d24fe4b53d6aa53b594e4,0.0360748473322019,17,93693.0,33,2,5
c1e79b46ff7d170503e7b477855c4498,0.028753183083608747,16,197540.0,71,2,5
c273fa23d4613b906ac33e4a4fcda12b,0.6661242309492081,65,5099612.0,3,1,5
c30eec0f52d969baf4f7b6a074f67123,0.03677372226957232,24,147600.0,33,2,5
c3190e083ffa96e09ec504599c21d6a6,0.008150843903422356,3,990432.0,90,4,5
c3acbe7a830b0720a1e1f9e32aee7791,0.15481826337054372,18,1419351.0,167,6,5
c3d2abc9b1f1241c3a359d336d6d9bb0,0.5391818116186187,105,876100.0,47,6,5
c3e09a81f22d47170b61ea5c50ca333a,0.08857739850645885,18,1397093.0,80,2,5
c462d844d22385a56a2c081bfc12dba5,0.006296600215137005,2,888.0,4,1,5
c6cdbc0b827d2b32fd92294ead038205,0.8507501110434532,7,263015.0,75,6,5
c6f557a0a944e7c1ec0c441550cbf2f3,0.08371429773978889,15,566513.0,91,4,5
c75167bc2d6a4fa2b383ae954cd01c53,0.04836650434299372,59,502686.0,163,4,5
c79ca5559b7ebd4b247ba11aee66317d,0.3324739425443113,18,908508.0,221,7,5
c817ef54251418f42b02a0deac9ac393,1.734329282771796,121,351059.0,41,3,5
c88de442c9073c5c495a6eebfe917010,0.028708388446830213,15,407777.0,67,4,5
c8d5a9ea71a4a21fb9bd2bb754b414c6,0.7012758534401655,21,4956.0,1,1,5
caab9e61fe8e8b9e51426319b23b0827,0.024759322521276772,6,1748938.0,237,6,5
cb2b50c31803f26676d82ce60ce68923,0.0424764578929171,18,1325117.0,199,9,5
cb6976d5257d7870ef5283aa3645a301,0.46205878630280495,4,7307.0,3,1,5
cc110157dfc6edd941b1450b9df7fcc9,0.4878621995449066,1,5292275.0,578,25,5
cc8e46505a344b8dba98ab3ad660d67b,1.8127242821501568,14,3430668.0,418,8,5
ccebd8d8145fffcad613cc23d7aeab86,0.11195182194933295,10,1564719.0,119,5,5
ce4dec8e5fe6d7aefbac7803a4cd5213,0.5459380634129047,47,5400.0,1,1,5
ce95ec88a6b800851b2f7463da8a74c6,0.20647495810408145,71,13772.0,9,1,5
cedcd36053bfc1a5b2fe6f97588ec9f6,0.11376373376697302,6,36569.0,24,2,5
cf1096ad89c5f7d3d496b9387d8a54a1,0.021042129956185818,6,11039.0,3,1,5
d035269ad2d8b13e5f3b138485102fb8,0.028847828041762114,31,,345,15,5
d0c6865426d3bf6c9e4ce0c91ef3afba,0.023323114961385727,2,619319.0,369,5,5
d17223520f37a6e4ff20c7254eccaaa3,1.2067896705120802,35,2637027.0,610,22,5
d2d94df3bd133cccf9e56db01698ed22,0.02325733011821285,23,2662648.0,204,8,5
d48f0c6ffad642209b9a6f5c6de5dd3b,0.10121194506064057,12,2519672.0,192,8,5
d4c9100166656b137b189aadc21ac833,0.0165053172968328,7,68397.0,14,4,5
d55963a12071bd127a36644656619021,0.1027108933776617,13,1587878.0,256,13,5
d6b835268e486c198d38bae3153cc3db,0.02986829774454236,13,1232223.0,224,6,5
d8bd625a827908b850fd0ecf66735039,0.004038367129396647,3,15327545.0,174,33,5
d914aa5a8cf22773532ec464b6dc30e1,0.18142466788413003,110,4008763.0,454,15,5
d9aaeda64be1fc840c5cb007f0e403a1,0.013061331410426646,32,1772373.0,734,12,5
d9fe3d5c8fa5e32f1709516a99032f83,0.10951385134831071,15,5261715.0,1119,26,5
dac3f266ec4609620710c68acf82e9ba,0.021142987709026784,20,611711.0,72,3,5
dbbcbbefa7f1e5dea2459471c623d3d1,0.02709011174738407,4,338597.0,62,3,5
dc53902ec47a5914254585cbdffc87f0,0.02848363993689418,6,3714532.0,612,26,5
dc7c856c31ccf58ae861f562c6980f74,0.003751218318939209,1,3376491.0,535,18,5
dc831cc1dce493db64b84e952bf30707,0.018492505187168717,4,3290682.0,664,26,5
dcabc636e0b49adb88bfa117d85dafdb,0.20642597181722522,24,367546.0,54,3,5
dd6cc00031dfcc4854baed514599d77d,0.0626090643927455,8,3672885.0,1283,12,5
de32eb4b2b4094e843e7f12387fcf55b,0.033122139575425535,31,256671.0,65,4,5
de87c4f48eb1e013a025f4a50319fd79,0.013004972483031452,9,4650127.0,681,26,5
df10b2a5d6e1a3226e6df5e71aa85dbb,0.00893600145354867,16,1656771.0,99,2,5
df9c86237c1b359c96db25d197b3535d,0.06430277554318309,6,3869.0,2,1,5
e0a3668f34e1d851c28cea7c34537442,0.08175056613981724,4,1459730.0,202,6,5
e0cc3111bd14381e4188b9dc9bab2d3b,0.15706792753189802,13,391475.0,48,2,5
e10260dac438d7868c28d78e647fe944,0.01013822085224092,4,2646836.0,554,15,5
e12d573d6363aeffb4fb6d5acf371711,0.03310701670125127,5,3431395.0,399,12,5
e165a91c2a1ba66ea0f0b82fb801492d,0.035769262351095676,12,2025708.0,98,4,5
e1d26d3233bf5278adec7aaf2ce27ab5,0.029546716017648578,12,1914800.0,538,22,5
e2774af911e0739334d1590909bbc569,0.04802436474710703,6,204801.0,46,4,5
e2c43894ef89f889aba33af0b57fd510,0.02497741172555834,23,1209650.0,332,7,5
e2c4b10c9d47a8e702e559034fd068f0,0.044097982347011566,1,526158.0,86,4,5
e34958f21eb14c803068c49a671a8056,0.05647667672019452,53,,439,17,5
e3d90bfeeda39811f1a3f1f862889a17,0.36090431828051805,16,194723.0,58,3,5
e3fbb15cf6f6a25107b67821f7c0eb5a,0.03202010132372379,22,3790193.0,303,10,5
e406f22ea4130f77b594d4a3cc23d6fe,0.00972510315477848,3,1099162.0,150,6,5
e5c2409e3ede9bee746135429a004f80,0.10529574565589428,5,1106006.0,199,6,5
e611c5cd4b6d87a0f8cb243c5427ddda,0.015174193773418665,2,318989.0,39,4,5
e65ada8959b349cd3246b534279586fc,0.10672900266945362,12,3330063.0,496,9,5
e6bb7ad623030c89738c3e81a1b96ffc,0.028716328233713284,37,,453,13,5
e6d97f4f4e5191df396d69128dee0192,0.0418624916637782,63,19673.0,6,2,5
e82c1df9a3d4ab911bb0225fb1ee2a27,1.335015525110066,149,745177.0,66,6,5
e869ce053df5b11756b8eea01b657d8e,0.23469572700560093,42,5247.0,3,1,5
e9078a857181e933ba685e519bbaf44a,0.07230357616208494,18,361634.0,66,4,5
e9c50d4b70da4fc953740d1aee4d4e66,0.07682572305202484,26,1416736.0,193,7,5
ea02539786b2347e229a40501569d173,0.010166358624701388,12,1076245.0,195,9,5
eab21aea02144f00cd30d8373a55100e,0.015615079726558179,16,2990086.0,185,10,5
eb513b03d5fcede58b696c8592865d07,0.4090363387949765,64,770617.0,151,4,5
eb60ec44b74e4271fa5280052739709c,0.0362066850066185,4,536369.0,50,3,5
eb866434c217362053f517cb475ad342,0.04476150800473988,9,284404.0,15,2,5
ebe79528d432889ec701222bea59c85e,0.14567816630005836,2,2220.0,2,1,5
ec6fe7670fe1f88b03b691d4a43c420a,0.0020517439625109546,10,740348.0,141,5,5
ee37d5c2310ace7d656337319360ebd8,0.11776887625455856,9,1318423.0,394,8,5
ee393eb58893f5bc2cfc1c3b320af48f,0.012608300428837538,2,5747.0,1,1,5
eea8779f247b8e9c812b388d39a45ca7,1.3815648555755615,2,1465.0,1,1,5
eeb5a5a254c569cdc5f0e3591019420d,0.0046477909199893475,3,2636945.0,225,11,5
ef7aef1a118dbc3d330a4d9ab9a2d8b8,1.031039521098137,16,20330399.0,3,1,5
f0bfd54cd4a469568b56634676286dc2,0.06958699692040682,15,484747.0,124,8,5
f10abf4247537193dfb5e50fff47dd5f,0.047344391932711005,29,3954299.0,1856,28,5
f306f1ecd3513012b203e179bbaed716,0.10545312648173422,67,657849.0,156,7,5
f311464dac900106f82779f0f7114465,0.011114269495010376,8,513328.0,20,2,5
f41b967c7f9408265bcbaec9ffe043d7,0.04432003735564649,9,1629047.0,162,5,5
f41e2af6accce947756b4d524ecb613f,1.356784611940384,5,20223517.0,1,1,5
f4927a21b0e67f32f9b7d4fd53415014,0.05846642307005823,28,3783027.0,614,14,5
f4acfec3d2554e07c7e21c7c403504fb,0.2330232746899128,4,2262.0,2,1,5
f4e597f40cbc40deaec31d7d09aaee21,1.0134234032593668,43,617226.0,110,6,5
f5110b4a319623c9c3131dac9cb5872a,0.6939950343221426,29,4815.0,1,1,5
f52dbbd5d712ea2a74eb5b97fbff41b8,0.04132613114779815,52,9909503.0,170,8,5
f5df9913f5ddf6e3d455a84200c6e9a6,0.03164606189238839,60,260686.0,22,2,5
f6543cb71626f64fe2e27d25939348ed,0.18225476145744324,2,1165828.0,230,7,5
f78b93186d1357e07a7f316d59a3e1d7,0.04565258417278528,9,159307.0,70,4,5
f78f63330685c8a4b221002512a91543,0.8367332816123962,1,21663513.0,23,3,5
f8df9c4173ecab73bcf6c060e957885a,0.01877601456362754,10,1234096.0,98,5,5
f970bd906d8ab44d67366fe557285699,0.004410747438669205,1,122506.0,44,3,5
f99b3d8a71f19b4ed6d3be387955ac25,0.15065203607082367,8,2880005.0,347,10,5
fad1ecc2b9b2f66341fe8825b3b646a4,0.03375647170469165,7,3273964.0,104,17,5
faef8475ab257f9a1ddd113abaa4e779,0.01051889342488721,10,6347767.0,1919,23,5
fd10690f6a71f16d2b4d08262c1fa176,0.04931622603908181,15,16080412.0,11,2,5
fd1a42f4733fbaad6448a23a1f218c79,0.020955205080099404,9,1652097.0,193,10,5
fdf686ec30cab56792079ac62434f1c5,0.03711646725423634,15,3759851.0,116,28,5
fe4a3baf19b266f91b1fe5e5868cf26e,0.8033264130353928,4,15262582.0,8,2,5
fe79de43ab2a7488a88738acb9775899,0.009920294396579266,1,25326443.0,2,1,5
fef8806b3ef27989195f606a82cbacf4,0.8224617820233107,24,49950.0,3,1,5
0063113E4BCB4009AE90776628AFDF72,0.0777459945678711,1,1732401196.0,2,1,5
032e5aa91b5245b5c9e7c301945fa482,0.08075292408466339,1,986.0,1,1,5
0cb3a33fb4b01fdc5d0762b880217f18,0.11113817244768143,1,6103968.0,479,18,5
196481607AEE4189A3C9C7097C79DB41,0.6388531112670899,6,1735427839.0,135,6,5
2e2befa5d7796f514c7b94f007fd4e1e,0.07231515645980835,1,8442388.0,349,21,5
32d890fb83930dad4258a771d958e67a,0.0033243499929085374,2,237230.0,52,3,5
3354cf0b5cf2296ebc63471ef5edf98c,0.0036095420364290476,1,54649.0,2,1,5
3794bec6ca9d5295d0688d6bd9b3fcaa,0.006354788085445762,2,1362943.0,98,3,5
37994449ffadbc5e74813d5514eb7df5,0.11889014765620232,2,2128981.0,161,8,5
3f096b6a9b7a5f6230753ae7e1201ee5,0.015119366347789764,2,10675892.0,4,1,5
41101ac7a9695b5bbe473b921a90e8af,0.035015515983104706,2,8293163.0,21,6,5
4bce5f9d9086f985db178cc2e7f2b0b6,0.009610002860426903,1,933783.0,97,4,5
5c27ed8f11478bb0b5fd5f394340ecb9,0.09743478894233704,2,7438.0,5,1,5
65482db808ce1c863310fa7a7d393e46,0.005449377000331879,1,1573963.0,136,4,5
70a96099d41138c9c3878219aef346db,0.04656113497912884,3,209557.0,67,6,5
75534a8d12cc8ad9a8f8a191e658c1a2,0.0023193764500319958,1,4809612.0,1616,29,5
7b82a2db5909f1e362dcd7afcf014248,0.004211605992168188,1,197279.0,98,7,5
7f346e1ef88da15a03e1ac499188f0bc,0.06932704150676727,1,3227.0,6,1,5
80fef0b33bf80bb01440b310efb4a26c,0.0037833000533282757,1,282898.0,71,4,5
82786f9069c5be83cd7ba365b3af3c00,1.485801339149475,1,2264760.0,296,8,5
88734de9be662b26ccf3f9a4c945259f,0.25461962819099426,1,1214.0,1,1,5
8c93bbce7b65e920a941089328e17f3e,0.011510399170219898,1,2020.0,1,1,5
925611901aea4f1043598fea3caa9d86,0.0040343874134123325,1,2055346.0,263,7,5
9b5cec00fe1978fca50197837ce6fda4,0.05636349692940712,3,3582972.0,316,11,5
a3fdf32775cbc0e395ab8ba01b7dffad,0.007252081762999296,1,2840.0,1,1,5
b133c87cf842982eda94bf23a254081f,0.012313544750213623,2,1810866.0,260,8,5
b1439da9aa7fe58174475a6379280183,0.02696479856967926,2,724056.0,64,3,5
c13c6efa7ef2205122663280da9f907f,0.01030671747867018,4,4853924.0,728,26,5
db0a8e71347f628665f89afdd1f49e5f,0.014155983575619757,5,261505.0,35,5,5
df293f07ae59bbb188f7a30a12881559,0.0048025017604231834,2,3976573.0,232,26,5
e080fd292ade3c643478eb249912df81,0.007822041399776936,2,1475360.0,295,6,5
e23f122ad2256d1c774515b7933ef1d2,0.020069872960448265,2,27684.0,28,4,5
e3eb5784c6984fecb38af44ab7e87cd0,0.831827238202095,5,18597.0,3,1,5
f4ec0be7adbae66ecca1b0a3648901a2,0.004179010167717934,1,1071.0,1,1,5
fcbb83698bdf3353aedadf4dbeb3fdff,0.4529675543308258,1,6702.0,10,1,5
fea3dc0501f5b916b4f921018edd576e,0.03660405706614256,3,2918.0,3,1,5
0a97535c0f03c2d6fb7ee5faab144b32,,0,,121,11,5
145366d456a9b2d3158a0eb414ceb0ff,,0,,203,7,5
1ddc17ba9e5183c41d8d5282ef3614ea,,0,,22,2,5
3097a4d6a62c7c37eca4ee2508097491,,0,,147,9,5
38578fdbba48ec5558574fb261c7add6,,0,,141,11,5
3a3fbbcc26605cb59a2f23da203cfbf7,,0,,23,3,5
40f9b42d71d0e39bc74d8152dc47a85d,0.03507329896092415,1,1305813.0,336,11,5
54e54aecd993accd1f3793dbac3f518f,,0,,12,2,5
58fbc4a4097a843799952f8427b23c08,,0,,14,2,5
5a8ef0028f698b5bd1d889d63c653d83,,0,,50,19,5
5fda4c58e56e374935a379a6d428af89,,0,,184,8,5
7ac401e2cfd9c160e1220191609d86b6,,0,,3,1,5
ade6d4b3a16febdb3e60f21c47e1aa97,,0,,11,3,5
ce7fb19860175860472c21b99d745b7f,0.20471134781837463,1,376015.0,29,3,5
f0eff4c6e68458389bf0ee7b4c2dd7ee,,0,,12,2,5
f279974e47dcfba556b53efa8b697534,,0,,571,26,5
f976516bfac880054cabeaa378aa7d03,,0,,187,9,5
002da7ab844c17ea8303a02ff83d3a31,,0,,140,5,5
0207358d12961c5e36be14d2cf24eab6,,0,,100,26,5
028694d8dbaafa64708bd4706866b86d,,0,,453,7,5
08ceecfebe382c90063ddf87f627c2b8,,0,,4,1,5
0B8E62BC5A20440AB2AA404D79328A30,,0,,146,4,5
0D9E60E78B154E629F07C15E18A04840,,0,,19,2,5
0d0116447af180ce0835eb5253441a02,,0,,26,1,5
10bb3b2390ffc4ad191c3b018555d887,,0,,225,5,5
10c011ee867738e327060dfc6ea1963f,,0,,332,10,5
135e5d33c77fffa76afdddb13ee0418e,0.0615287721157074,1,8718283.0,275,10,5
192009A257BB4FFDB2F53AD5B531F03A,,0,,353,4,5
1de737172f89095c7e7be74ef3cca761,,0,,24,2,5
1f355905b041556f41e08f83d7d06503,,0,,15,3,5
208e4a637a5c02737f8af3742e5e4905,,0,,25,2,5
2a73f3560bfadeba1740d1407fc3fbeb,,0,,828,13,5
2e9c5b05e9c126a5309c6b28ca8f3b43,,0,,31,2,5
34c4c5218eaecc26d1fab58fc786b21d,,0,,132,6,5
368131ed2c47975dd6667e957607bcf4,,0,,3,1,5
36f64b378afa30f0fbbf869cac800823,,0,,119,6,5
36fe6e3c4e1577c08b880f689c6ffd83,,0,,3,1,5
3fd8ce883bb2d9ddf4b06256d4d03765,,0,,147,14,5
404dea328778a5d85bde396e8f806eed,0.016767246183007956,2,92315.0,15,2,5
42901c7aea9f7956c319d0256fe9d305,,0,,2,1,5
461a225fbda0cd3f81b69bc848ded97e,,0,,27,1,5
4665ee957a115d6bdb28286e3944a10b,0.011637271381914616,1,4333.0,3,1,5
4683EF8EF4A44FAF92510E5572C35FD1,,0,,37,2,5
4C1A079921144FD3ABE6E5D61D70131E,,0,,80,2,5
4bf4dc1b9a57a7685c922fd54e880100,,0,,2,2,5
4cf973ed69b1957fd0d70a362ce2e22a,,0,,370,13,5
4fbe16f725b69d45d4c4cb91cbbb7e8d,,0,,2,1,5
54ECAB7A6AFF460DB68F4A2E9678C758,,0,,390,10,5
55c2e2666920eacaf8c5717fafac9c03,,0,,225,13,5
5c1b267c18b633342f0154c1b64ce385,,0,,28,2,5
5c24f2ccc1670274ad59dffbb91e6fc4,,0,,212,11,5
5e19eefef32eac492fe12b1fc3484423,,0,,1,1,5
609beb070800aef460a3ac1fdf6c76a3,,0,,50,4,5
61f3c4207c54bdfff8cdab6e1fd25809,,0,,2,5,5
643f29e1f82641a760f0bb495fbf738b,,0,,8,1,5
6ac04933f944274f93fcf06c7b01da4b,,0,,338,14,5
6ad2c876498176d1637345c9e76f16c1,,0,,2,1,5
6fccd6d25a93643852bc0eab80749483,,0,,5,1,5
736c7d16afd222c01f82857883ec52d4,,0,,22,4,5
73EEAF238D544F189D820469C3896CFC,0.02207318305969238,1,83224617495.0,29,3,5
74acb993bcd87705c9f21d4558c866de,,0,,21,2,5
77cba4ed4fe1735dacfe5e2488869649,0.06432561576366425,2,450206.0,137,2,5
7eb976e6ca7844c79c3ccdcfee3c1c0c,,0,,43,3,5
80b6ddbfe4deb31f4ab81cb50f73436d,0.019390922039747238,1,272026.0,16,2,5
8117204d018c176f669953c0af731853,,0,,144,7,5
81294bd6fb8e9c5c58645ba46df050a6,,0,,1,1,5
8151e7d1d453d422c5dfdc9eb6946f6b,,0,,33,3,5
8188fc1a0e4013841433d2724d6209c4,,0,,24,2,5
8619520bfdbdced2af2dde8095cf21fa,0.012190000154078007,1,7153.0,5,1,5
86e7102468748925cff6da9589f49018,,0,,32,12,5
875cd456f9ea69e3ceea01bdf617f7cd,,0,,14,6,5
88dfb7130bff78f216a17a7861488a09,,0,,352,9,5
8d4272fcf9776c7553d5bf34b5ae4e58,,0,,20,2,5
968e644ce9b0e0f5a513d6a9e7036989,,0,,5,1,5
96C6EF7211574AF99D12AFB1208249A8,,0,,201,6,5
9a61c90f0f6bc3fa435da18270262716,,0,,42,7,5
B043353752414AC0BE887FA6927468D1,,0,,2,1,5
B445004D3D994573BC06026174D8599E,,0,,92,4,5
D73F5797564C4C09B4A29A4C71030C05,,0,,63,4,5
EA30653F1D0646F5B3789083C3DA3918,,0,,94,6,5
F3520D85ABD24093BFFC33F9672AE868,,0,,147,2,5
a1568dda87584690800182bd37c86f1b,0.01094367727637291,1,311023.0,1,2,5
a2114c2f05556a204d819605cbf47fff,,0,,3,1,5
aaf447b038999253422d9488c8d8dc52,1.2975000143051147,1,5686420.0,1,1,5
b32735435fe1c261d068deca0f1b4a41,,0,,115,6,5
b4286b3f99ab7636a1b2939daac304d7,,0,,1,1,5
b57bf3cde9d696bf1ae11259777042f8,,0,,18,2,5
b68281a38b35e56023e3e648c3f2ca24,,0,,131,7,5
b6dea740b0f6483c6e960dc51e2c6d44,0.30000001192092896,1,1510.0,2,1,5
b7de360ebd0bd0cca88f98f5c49abf71,,0,,24,2,5
b94e0b92dc3be5ead412b39d3e490d91,,0,,619,21,5
be3de8090b9d143c0a032b1bd805cffb,,0,,7,1,5
c60d1471b021234f7dc5ae36ea6f218a,,0,,2,1,5
c66ca3e7d57563bff84a5cf8997a699d,,0,,3,1,5
c8f5c64e52cb1f4594cf237cc7ce85cb,0.05269645154476166,1,4683691.0,339,17,5
cc63991361e6cf95189ee9bff62e9bc6,,0,,1,1,5
d0ccef803dca3472003b7304c2294552,,0,,1,1,5
d4a0f60556f8cd486311c270770ad14a,0.009999999776482582,1,5689694.0,1140,22,5
d4ad5601597b770c4eec3c7bc3814469,,0,,764,23,5
d9e2b57ebf7407de819fd9a6d4ba8444,,0,,55,3,5
dfea368d5db3eb15435012f3327b284f,,0,,5,1,5
e04dffa9975cf1a76fea32a5d9191838,,0,,12,5,5
e9145c9f58fedd7cd19f2a25c0b16ea7,,0,,184,14,5
e96a338840fbeb6a5f036e5c9ea314d7,0.3820666968822479,1,214.0,1,1,5
eb8c1a49363bf0edad1194f679e6e4a4,,0,,2,1,5
f623cbd5b4a296d3a7ad7aff461c0043,,0,,6,2,5
f6dd679f0d591065ae35812ef2e81e90,,0,,124,3,5
ff97aed0603fea72f549175b84b0c09e,,0,,213,6,5
046e9271cdf51478d955e28248ac14e2,0.002124899998307228,1,931385.0,94,6,5
0FD4DE97B7014152A5575065DC2B5A83,0.01262952804565429,1,1710789229.0,12,2,5
2a65814c8fc1ea31e2cc0b56734309e9,0.2287549525499344,1,2291.0,3,1,5
2a78ed2c8f9461d9fbe0b8356a0bc7b7,0.014331682585179806,1,3733692.0,267,27,5
4e7be6c67baf323f2f3bf504985a69b9,0.03819582238793373,1,4828.0,4,1,5
508c81c23e3156143e75735a87d3fa15,0.004559255205094814,1,868652.0,59,4,5
533418979e08ae09ffbcd03d52f559d1,0.0029880469664931297,1,,472,12,5
57ef3874112deda9a781e3bcbec4191a,0.015426065772771835,1,155019.0,20,3,5
63c7bcd8bd715a1fa36de28fdab1a014,0.07130572199821472,1,4467568.0,321,12,5
662404f92ca80256403a97da17337097,0.9523805379867554,1,29353.0,3,1,5
722aaa72f935ab943c07b4d8702587cd,0.0021908876951783895,1,303533.0,51,2,5
8bc8e5c212fdebab068bf56231fb452b,0.01836226135492325,2,41520.0,4,1,5
94c7235711d4c6d825073650296e0ec4,0.006932260002940893,1,54150.0,16,2,5
EB2D1210602048F08288ED2C4A5778C7,0.02626559938703265,1,15466539664.0,123,6,5
b38cdd26bfe3b43ff626058dfbdf454d,0.002730852458626032,2,1928243.0,316,7,5
d5cc17aea73260de019e7ddec428b368,0.000998405972495675,1,,200,8,5
d85cfbf3df2549abc821f5563b20da32,0.011354202404618263,1,1761541.0,174,4,5
dc668535d60b02947a4550d0357af4bc,0.009293640963733196,1,504232.0,87,6,5
dd5018b271fc51a8249f7ade9ea5db8f,0.000609203998465091,2,3863783.0,191,6,5
f1426eb66a7a8adda49167457cc19cdf,0.05824895575642586,1,1264869.0,129,3,5
f6e35e4489cdd07193aa1b0a0bc1c903,0.0027852028142660856,3,1271126.0,219,6,5
0bf542a79b84bc9d73a20a651f673327,,0,,11,10,5
1095e608ab4e6cddf2c6521f173a193e,,0,,273,19,5
f63e2a8ec7325df04d3a387b1c113740,,0,,16,9,5
07cd1e3b7cc9573061708b2cdff65814,,0,,543,17,5
1229b018e8db5d17be938b01166e8d09,,0,,78,3,5
14f14b333daa9335eec146793518f0c8,,0,,49,5,5
1e3d877922cf7c0912e4fba14770dc2f,,0,,108,5,5
2772ae582af83be1783a7ab7040f89ef,,0,,660,25,5
29f4b207927b29108b20b2b0591f3029,,0,,312,10,5
2d0cfb5d05ec9a118d61587792bdb7c0,,0,,101,23,5
2ffe165d7ea7dd2fa012817d07433b68,,0,,206,6,5
39d26b88968be1d302d3448254ccffa4,,0,,3,1,5
6733fe97a8b708dd84de22dd10165ca7,,0,,111,5,5
6e257866b3aebc200ae4c90e12ccd972,,0,,276,8,5
804CC203C854492FB686640862B6D025,,0,,617,12,5
80cb6e1afa4ea31f29013464eb6cdaff,,0,,294,13,5
85290103883c1e5eec600c9644dab460,,0,,16,1,5
8ee16c533ad4f8274755545c017e0418,,0,,32,3,5
B7135D12A3104C6FAC1623F4423A3C2C,,0,,2,1,5
a6755c9ec504fe5d9d4d33738c9e2369,,0,,325,10,5
ae439bfb60409b1437a372fda4db11a9,,0,,12,1,5
af2c5fa8723774e28fbb9be4dcf27c57,,0,,25,2,5
ba9221827267c40299f40990e3900789,,0,,237,7,5
d31cf8eee271baf6c6da4cea371ffb0a,,0,,18,2,5
d55204b0674fd561f662036975646254,,0,,3,1,5
db893ec264ff261dbd79d59f402040c1,,0,,2,1,5
ddd522d655dcb2b12ec375376714f2e7,,0,,108,2,5
f99b79e22528bdb21b4f1d63893af667,,0,,1073,25,5
fc993bec3d12e04e1c88163640f1de55,,0,,95,9,5
01323c89786016fb29e0d817101378ac,0.07972008682554588,59,2137555.0,353,7,6
01687d0a8db8389b4e134e775a74a370,0.031241065240465105,19,169540.0,8,2,6
033c93a0e42ebb9bb529c1b56e374588,0.05940825364086777,37,22896.0,10,1,6
0388024945eabc85ed93ab7e142501d2,0.11678100773133337,21,,6,18,6
03959721ec88b75528f33d6834c2b3dc,0.4360160995274782,11,7123037.0,3,1,6
039cfb9dcf72450795d5229bc474318c,0.21690946444869041,11,1680262.0,35,7,6
03b5e82ffbbb762ef5dfd5ebc44a1f26,0.07785693556070328,1,984438.0,20,2,6
03e3b85437f86ab9300eda881d6b39d6,0.04926472809165716,7,15958.0,11,1,6
0433171a11791a8641004ba143754449,0.002739377465331927,5,1400560.0,396,8,6
044aa310015f0adf186791eb7b7dff86,0.9347065361216664,24,81490.0,1,1,6
052d215e6bc1b5669bbc4144d797dd8d,0.007593464222736657,9,5575127.0,40,12,6
05dcd1e3637b9b692b18375ef4fd72ce,1.7803764641284943,3,9814.0,5,1,6
05f44dd68a88a28bf49f890453368e7f,0.03404885821510106,22,2442914.0,314,13,6
069487be78d1b80f8632aa52108ed932,0.00800000037997961,2,9308.0,6,2,6
0742f9548f496d7a8e73e54698acc151,0.019286935101263225,6,2949.0,2,1,6
0792e5c49d16f9fa8e0b1d39a1e63ef0,0.10936812777072191,25,340994.0,23,2,6
07a9ec7582d52543cc301bdd7c8aecc1,0.0014352172147482634,1,1507015.0,204,7,6
080743019f6d8e69e5bd6e237885c749,0.012373830191791058,1,2410066.0,116,6,6
082d1af983fbb4e6c2b366f7e4e1f364,0.08462853985838592,19,666726.0,110,8,6
086775f5bdfa14276f632aaf91518a01,0.06073572358582169,36,1996761.0,382,10,6
092ce8006d48d1da674ec841825bbbc3,0.009859071869868785,26,1682372.0,201,8,6
098fd929136c48b762b900a1547d973d,0.25487323105335236,5,23998909.0,6,1,6
099934192098ef47023e5b66bde05f78,0.05694093368947506,9,15850768.0,1,1,6
09dbd6c751b04e87c9e30bd639d00d33,0.008637321647256613,2,3928784.0,317,9,6
0E561E6539634BE1A3491F0750418F56,0.0049438830658,1,8613044843.0,629,17,6
0b1d0089ddc17fc9fd41c99f169381f9,0.034168261336162686,9,262278.0,59,1,6
0bb6755ee71965480f430e1075ebabf4,0.025660178856924176,9,386813.0,133,5,6
0bbf6354911b38c96def4da95c59fc28,0.21803133049979806,31,1064809.0,112,6,6
0be02668aec53529626f1d09d5ffa981,0.049280307022854686,7,964505.0,76,4,6
0c77f0455522543ac160a9a52fb65ebb,0.11911221221089363,10,5870.0,2,1,6
0cadf55f5065c28dc7c250d0d54a84f7,0.10952810943126678,2,6369.0,2,1,6
0cb400c7f9ee4100eb1c42705043beb0,0.5781675176694989,57,3511612.0,544,16,6
0db7e36d88591d2437670c1846c884c9,0.26347000151872635,3,27336294.0,5,4,6
0e416786a7918046a9e1a52a8e7f7a6a,0.0054419031366705894,5,730372.0,182,3,6
0e60263bf6b03ed78be209ea342f2597,0.003012330736964941,4,2563941.0,313,10,6
0efe2fe5909a6f19c1c131edfa5f5188,0.03734326991252601,9,197856.0,55,2,6
0f01b533718e6d8c50d1af8e0daecdba,0.1149741904810071,43,3272725.0,314,18,6
0fd685dd4251fb72e8700312e9f42c6a,0.04954869451466948,13,3929525.0,148,28,6
1010a2fa90d934a717c026e9bfd68213,0.009946866892278194,9,611355.0,159,5,6
104f5609811194fc2be910f8a4ddc096,0.08719432121142745,10,340756.0,34,4,6
107c96d2709c780f2553ebd23f178e0c,0.009442572481930256,3,26172841.0,1,1,6
108a097f4a39cdff4a8189bb59198f72,0.007233686046674848,3,1443091.0,330,8,6
10be6d70ff32b4be95f6510ba389a122,0.014576129615306854,2,1065.0,1,1,6
11087BD0861B4250BC171D005D8347E2,0.06924002838134766,2,51540866982.0,71,6,6
11e32c54a3142b1166f18d826da4f3d9,0.028046391904354095,3,827344.0,313,7,6
128fd762b1de0b8240ed3e911bc99f2c,0.9017292186617851,8,216548.0,75,4,6
12c1083e02a20734e55de01bf3b90756,0.040479636285454035,12,7715437.0,1169,34,6
134d31287366f96b6630639088abc6e1,0.0885057820705697,85,1979721.0,519,11,6
135240cfe54ca6d451325a8d2fbb2f51,0.003494285927445162,4,6303.0,1,1,6
1363B8EB4C2C4396B7B455F30E51082E,0.14987485590479188,6,461548.0,93,3,6
13e2bacd1a4c34dd66693e7ff43f9309,0.696153499186039,9,24029114.0,1,1,6
144aafecf110f8eb5e0085779ebf7523,0.1402699942700565,37,186079.0,55,2,6
15389ecb07814f5ecbc8b09abb90dd4f,0.014268692582845688,2,141819.0,8,2,6
1544707b5326d4052f650bda9ac857b7,0.08043736137915403,27,3780152.0,827,11,6
1604441438b301919ec28b714be27ba7,0.06147861754288897,46,1590135.0,173,6,6
1605deec1d59d0ae2e1c28289ba34023,0.09788889437913895,2,112142.0,2,1,6
164cd01fb60fcba827bae14a07b08fc9,1.134739369386807,63,155796.0,33,3,6
168961578d7419265e9c76804ac7bc3e,0.37473635748028755,33,570016.0,138,3,6
17b5fd73d80efe1e159c357fcbaeac3d,0.07194805302424356,16,,321,8,6
1820fbf19547852fd749773947c5257a,0.013474250750732608,45,1473381.0,243,6,6
19193302606faf203db2b6cfbe112539,0.03835920005803928,67,4271647.0,459,24,6
194A2029765F4FE8AF3B9C528A2E7D72,0.14461337506555175,6,5205756939.0,2,1,6
19eae292c562ae05640ee3976389584e,0.07609687000513077,1,19692996.0,7,1,6
1B71FE1390DF4B3091E7F363E3C7DBA1,0.30894841590016603,57,41630512884.0,89,5,6
1E207CC8BEAD4DD898E7DCE19F32AF45,0.8141666275183108,24,6206.0,2,1,6
1a8cf17ace3ea1f7d82458662c082f55,0.0034229259472340345,1,903.0,1,1,6
1b08f379c102d443301cccd7697c2671,0.11464814259670675,52,1116113.0,247,9,6
1b766299fad8bff3f24902b139723baf,0.17009797680657357,54,205041.0,14,3,6
1baf49013f66d531acdea040cf6b617f,0.03531162068247795,4,280658.0,137,6,6
1c2e18c38255be2c2cb797480ec46faa,0.4444306790828705,1,5656949.0,18,16,6
1c9a7f80b2d1f090a9bb28bbcdf574a7,0.02757177222520113,5,1209776.0,4,1,6
1cc7a8b956d519f3e45bba3f4490e6c6,0.49113018065690994,8,6709.0,1,1,6
1d0a39411d2f031344a1fcdb1e82db39,0.023754221270792186,9,1563559.0,360,8,6
1d800951b09f85ab8c098cae2abe0b24,0.053184203803539276,7,1819827.0,995,26,6
1d8aacadfa54fc538ffcd8288a6e0c25,0.020288323052227497,2,1919856.0,177,9,6
1d8f57f4ee70396463da6aa8b969ba8a,0.26482480484992266,42,139652.0,21,2,6
1daf06b6d8594deb50220010d3c53edb,0.09409321029670537,26,712619.0,93,4,6
1e182808cd813016809849d0be270dbc,0.07063700119033456,11,178070.0,41,5,6
1e59089787f4db69cd4013969954f5a7,0.24156453274190426,10,770709.0,309,8,6
1fda061e8a8cf9fba5bd10e0b3422cd0,0.0019397766736801714,13,,467,15,6
2166470e8dbd52fe1b66fe1d26a54bcb,0.02071112091653049,18,8812338.0,1077,22,6
216aff36e09da775f10cc8e05a8ebf87,0.0016906808305066079,3,239326.0,21,3,6
217c50aad5f2bbdd81ca49b9481eb3a7,0.3490338400006294,4,4314.0,4,1,6
21b3cc365da4f311f11cdf47062414d5,0.6509745880030096,19,2621204.0,335,12,6
21b69f66f908dbde1325d6e06847eed2,0.047831879928708076,2,8808659.0,1936,37,6
21c338479f0e3ad0925c2faaf5980f22,0.15057276003062725,3,14279635.0,78,6,6
22af59434f89f11d9f58b4ee7cb52282,0.11943885800428689,40,942400.0,308,8,6
23027a3e252292883be84c4409678c3a,0.504667782690376,46,511337.0,87,8,6
2327bb99695066ff0e3bc87ddf984918,0.15394000709056854,1,1196.0,4,1,6
24097312e933f04b14c62669ff5ff539,0.010820521973073483,2,6382.0,3,1,6
252c6829932b177dc0accae34c0c99b0,0.0023167000617831945,1,351356.0,81,5,6
2739d117e9f8d9179fdf783e5f3ca64f,0.044477168936282396,6,266170.0,8,1,6
283be7fcbf12308b9cc6de5733699a24,0.14540064265020192,27,1450321.0,86,18,6
284941c1a8430da47a8aab5e226192f1,0.010217356495559216,3,7398717.0,481,10,6
2879DD872E064E129FA7B62C7B7AAB22,0.10129418655054909,20,13875862505.0,67,4,6
28b215a329d8325d037fc06a40532b1b,0.16252244729548693,16,125056.0,27,2,6
296024bc3f3ed1206bac2dbdee1a07c5,0.023778865695931017,11,2008798.0,272,11,6
296de05776e60fd6c7e2dca4620e3005,0.7434744173660874,36,653620.0,30,3,6
29BD2D7A92E24EEB848E9B59FB66DAF6,0.12379897970118205,22,1734375419.0,145,4,6
29b9b55e9410dd62187b07f61efb2da9,0.12159264087677002,2,2512.0,3,1,6
2BB80501970447D3B753EF05025BBA15,0.17735451339093017,24,79961.0,25,2,6
2F290AEF3CB94F7A89A66D468EC1E997,0.17401748178856713,17,265761080633.0,40,34,6
2FEAB4B9178040EDB1C9B3B8AE8CCB1C,0.21972817230224612,2,10411881687.0,5,1,6
2a401387d14869b6c5175960265908c5,0.041807266243267804,45,19486228.0,15,6,6
2a9326f3ea8270613e172ce86418b865,1.09764613956213,10,412862.0,1,1,6
2aa1eb5672086d02108009b8982c5004,0.07554309535771608,5,4083101.0,719,17,6
2b06bc7958c790dd67d1ad48319f44b8,0.14925847109407187,43,1597742.0,361,3,6
2b96cceccf52cdb3d37e7305e6602d3b,0.09584276494570076,67,316914.0,74,4,6
2c2979ebc27313541aed79db11487c28,0.009730156743898988,3,4832.0,4,1,6
2c5bfdaf9ae4ef1d03aa27196bbcc2a1,0.7872534524649382,16,171335.0,30,2,6
2cc3d56eee63684cd6973801a2fe698e,0.0034795653773471713,2,3315978.0,816,6,6
2e76032b709be2d4772127f18213bac7,0.01450482540531084,12,240484.0,80,3,6
2e9bff4fe24616b1d6bf9a7a6da55c3f,0.1315094344317913,25,61593.0,10,2,6
2eddcfd3d7be80d530c5e1cb4533e7a8,0.009388899430632591,1,15731.0,3,1,6
2f074fa4525d4d368dd084720041474d,0.09817017312161624,92,682779.0,90,4,6
2f296106ec642baf5f36d23d66decb20,0.16304630786180496,2,2478848.0,120,4,6
2f882c1f5fe6a006b106e9b9b45eab62,0.02737218583934009,68,621597.0,278,6,6
302a214331a999a1362c7d47468b3f36,0.02740413765423,7,2197494.0,594,16,6
303ed5d0301fe155ad607f9dd2798703,0.031021383139886893,69,148370.0,44,2,6
3041d7cd8d2a295141d3304f6d29116c,0.06362150283530354,70,707545.0,56,3,6
3079AF044FAE45EF938B8F973A025955,0.05485592317581177,7,8624474303.0,289,9,6
30881f2ea9ee33630d2e6083e9631367,0.022694962448440492,20,13472.0,9,1,6
30aa89e31f2e5784f76737144e161b61,0.2229835856705904,15,11153.0,7,1,6
30c591f156fc98617a099b9d5ad18d80,0.05153192242141813,18,1344551.0,631,6,6
31481f272286ae84ead7b97a455d7b2a,0.006264320298214443,13,2080211.0,250,8,6
31d476caa20ba12d83b59324ffe99e6d,2.3052072525024414,20,43700.0,31,2,6
33eebd7e6b7be4f0034ccc1ff38d431e,0.009808558039367199,1,3542045.0,343,35,6
33f0621fd90df3d01e63ac715f64760f,0.07923943398054689,20,5735693.0,293,8,6
350e097bfa003f2cecf600378dd22928,1.1020832383073866,31,32129492.0,39,2,6
355c555f2b196ab44ed4276c16ba80e0,0.11030704621225595,5,373808.0,34,2,6
37cd4835bdf175c8edc82d2561f490a6,3.985792338848114,36,1168341.0,59,6,6
384eaa29b685b9a22caa65b4c3e679ff,0.04859243193641305,3,47241.0,11,1,6
3851DE6B5E3B4A468CBBD0AF0607F2DF,0.013941679477691654,3,5512.0,1,1,6
38D8133762A74C59BEAE5FB85DDA5EA7,0.29328102493286135,4,648.0,2,1,6
38E8E21563FC4D43B21F41151DFC2436,0.2415648852340698,20,650879.0,209,12,6
39107b52ac614131bd9253b1e4a53e4b,0.031549626030027866,9,11114.0,7,1,6
392cf8344d5ff59e3cbf8ff70bc7d2a2,1.7722814828157425,9,37877.0,12,2,6
392e91acc3c7bee211b126c8d2fb7f5a,0.0336576362606138,84,456565.0,200,8,6
39a207692cc89ecd42636a1b5a9287f9,0.1047942575532943,19,841571.0,64,4,6
39a63cdd6fc4b3840d6cd98746f82bca,0.162848019041121,19,58778.0,5,1,6
3B9131106CCE4CA884BCC319EE13370B,0.16137811561584472,4,1710248584.0,25,2,6
3D46C8170CEE4813ADCC0265DE333533,0.033830195917571276,2,9155.0,4,1,6
3a3105f65bf624f3d503948e3fb13b29,0.02257873561757151,70,839757.0,306,6,6
3b2c83699582871f303e6f7316ed3082,0.08702391490805894,44,15541527.0,116,21,6
3c3d90f5efc3644c90697b5aba7401d1,0.15654419362545013,3,424049.0,196,8,6
3e49751f1da7185aeac1854cea701e40,0.49011688120663166,15,47084.0,12,1,6
3e9739440049db894aeb58dd6d0cf205,0.04866997990757227,3,3451.0,3,1,6
40fd5f98083842f6dfff52d494c6ed20,0.017764175310730934,3,1305811.0,542,11,6
410cfce9356cd47cabbe0823615fc38e,0.5544914901256561,26,323651.0,110,4,6
417276F87B0A4C0CBBA21B94DB3E2D6C,0.16939742799120228,52,5201885680.0,229,7,6
41a88f76afab320b28a3e25e32d5e459,0.14756577089428902,11,3437.0,2,1,6
41ecbe37ef36256a6909c2753bd2e0ab,0.014590753591619432,8,8312.0,5,1,6
4348bef530c4d5d5e6b464d5479d0ced,0.8863332867622375,1,116395.0,5,1,6
43871f146dba2b3c44de916bd1064d02,0.13349934807047248,17,520653.0,123,6,6
43a8471a47acaa3fdeb99a309d461cd9,0.07513847202062607,22,2741347.0,362,9,6
443a5d43c07317b3ca3ffa3788a9affe,0.03312330966582522,31,864572.0,132,2,6
4453AA2AAC2649888E32BCDF93820835,0.10352196943610881,6,29470636082.0,105,4,6
46379fde1b1378e09be48502c452dd03,0.011574596166610718,1,5589.0,10,1,6
46f6e3a84a901bb9b91c507c981956b0,0.11625907244160771,16,958326.0,161,6,6
4729bc32b449eae94873e7932192ef4c,2.341402545571327,68,852707.0,98,8,6
481e25412c451a2a624a9263df7b313c,0.7974719293415546,14,9876.0,3,1,6
483a634c5369720cbad25b5f15259536,0.038574573351070285,17,34227.0,5,1,6
483da6068b6c5758ce664613787c3c0e,0.026659730123355985,18,,822,21,6
4869d932262b21b433d33a572244b868,0.027204177458770573,15,712468.0,57,5,6
4873c6ac5ea028b0ea6e1dfe0c4e6b25,0.05119776353240013,4,3101101.0,302,10,6
48b36de9b98ead850137ac5fc406e285,0.3544962238520384,12,43526.0,24,2,6
4a200fd0fa962a504e7c6304c94ab981,0.01399186032358557,25,259021.0,18,2,6
4a5648a9b4c9df5de8098bde2ec02f8a,1.3149321898818016,11,11718.0,3,1,6
4a628035a6e1286f6859eaa3fca4a961,0.01215365156531334,8,1382621.0,201,6,6
4a8aa7c5713fdb6c161e1f03e082d8a7,1.4225266445428133,36,5738.0,2,1,6
4b24b0a1593cd56a6dfe53b9861f0f71,0.0281953988596797,3,1370604.0,203,3,6
4b3a6297f0e9791b82ee9480cb151f93,0.010451802285388112,4,13227086.0,108,4,6
4b47e1f895ba3a9d92d1d2aafa2d5328,0.012314442181377672,18,3445699.0,865,10,6
4bb05b9fc97cefe886d927f81e646dd1,0.3953510709106922,5,27479807.0,1,1,6
4c54b3828f546dbaeb7622630f34d75a,0.022439068416133523,6,2929491.0,423,10,6
4c8da2ee52680f51668f105c95f8c55c,0.009713769366499037,10,681056.0,105,5,6
4c92fd0978bb18961c604a92ca131116,0.017874588491395116,3,1314188.0,211,6,6
4cd209a100a053f498d688f6ea1db40a,0.148646280169487,12,825240.0,54,4,6
4cf8a984cde970d06bfef6c031aeb6bd,0.36035168170928955,2,880.0,1,1,6
4d1ecf68f9161b6e54cda42286e180c7,0.07746467180550098,18,391975.0,72,6,6
4ec76c0fb255f79ae107380c1198c070,0.0779343331232667,16,1397245.0,504,15,6
51cd6fb4065ec1ffb02664091d1334db,0.01183440478052944,5,5205099.0,1334,32,6
529b30de4e377c94fe96ea2e2d7a646e,0.0750037138350308,64,661023.0,145,4,6
5335007af1e16ad88732863b62104bfb,0.039641065523028374,3,4657124.0,288,22,6
5362561bc3429b86cbffef938fcf1280,1.0234166234731674,5,52350.0,4,1,6
539503a1e4b237a15fd5aa55b244a570,1.0592140313237906,28,200322.0,61,3,6
548a8d4c28dd90fa2ceff08b7e0cd6f5,0.1186751276254654,2,4858.0,7,1,6
54bbc3cb2ce59b0ceb3538157192a16c,0.009137910441495478,5,741092.0,91,7,6
557de47c3753274eeb60d7777508a33d,0.680156409740448,3,129250.0,27,2,6
573500c270d07ae8dd856b95e2fecc48,0.09406151168514043,46,635468.0,99,8,6
5748bb9e2b78fd625adfda539296d0b8,0.06254063546657562,7,17283213.0,132,9,6
5980fd6ea42dd367cf23ad1d2564162b,0.014893692161422223,16,279713.0,41,4,6
59B11C5D22824A03B4A33F1A55FE6270,0.0460242919921875,2,6075.0,1,1,6
59b4814a7eddfb1554a75843f647ad16,1.288506705313921,31,9400.0,2,1,6
5E359450A3114250A8375D9D93C65F6C,0.2585317173961182,9,440119.0,7,2,6
5a359f16a6c627cf3c65ec7b92123aa1,0.18423854000866413,7,682231.0,294,7,6
5a3f4056010086dad0b9e0ab6e1fd0e0,0.023368436377495527,5,112558.0,28,2,6
5a881a448d01687cbbcf88275c7167f1,0.031421829015016556,1,2157059.0,107,9,6
5a980f69dde7cbede46886a74c3ece5f,0.11049176566302776,8,4652.0,1,1,6
5ad3620d0b6116d05128316f8c4b2983,0.9816909432411194,30,9515.0,5,1,6
5b8dfd952ad1ffbc291b48a29b37b9b8,0.7786911125294864,94,61785.0,4,1,6
5b914324bc1cb0c1d95313435b8a76ce,0.004351519048213959,2,3442.0,3,1,6
5baea92ad766a708c127b133c9949ab5,0.030929591041058302,5,370969.0,29,2,6
5dd476757b02cc6b1e939e3b9ecc1adc,0.26885234378278255,10,472318.0,151,5,6
5e03646c167cc0dff14cc7181e3962a7,0.01122533529996872,1,3469908.0,961,20,6
5fe959eeb21c8830c196959b648646a9,0.1133819492533803,7,7325.0,4,1,6
6069ef8b70e26b694aee92b4059e3e02,0.22553562000393867,6,4324.0,4,1,6
606d5c982f18c229e6006aa412c95f60,0.051967723993584514,8,10959671.0,365,6,6
607fa3646a80761662099cefdac97473,0.22644890809897333,147,2115833.0,172,9,6
61db22f54e0b9e33af7f2452900146d6,0.011163866380229592,4,4274819.0,816,23,6
61feec74352a4d7fbe49bb0439f898ce,0.0486122602596879,34,7243559.0,984,21,6
6214f3d2616ad05fc6a8b09eb8197665,0.2949882186949253,7,5688.0,2,1,6
625872b4fcc6db7ffa7625d5713a30b0,0.009883605875074863,1,2090436.0,315,12,6
62b0405562138fe971fa7cc04396b59b,0.5493091428652406,29,2588278.0,307,19,6
63ef3176d2fa71ad1e82c6eef23407f1,0.37245965003967285,4,218816.0,104,7,6
64fc9070240a4a3d52e6832d322d81e8,0.36857273429632187,8,498454.0,94,6,6
64fec8d7c3995e57c3b08439ad013dff,0.391206344589591,95,6624627.0,54,11,6
650fea1ce7cc4bdfeb2ef34915d43761,0.6513804793357849,5,6176381.0,669,14,6
652e9ae0c3d20297a13156861bfa1b9b,9.53474472463131,23,1385299.0,2,5,6
65624f1bcab6146cd710c3d17cfac1cb,0.09744494082406163,11,693575.0,140,7,6
65AAFA80903A40BA8F78360ECF8BD910,0.02045706174926758,12,660723.0,164,7,6
65d9a7906864b049243a57241fad6ce2,0.023105968350137118,96,3313309.0,756,26,6
65f9f06242b049b0d4d70164a4e504da,0.022329575731419027,6,11814011.0,845,16,6
660ce2314331b4f56317d9a8a11b05f2,0.010628602933138609,11,3172904.0,381,15,6
664b127fb6e7d1adf9c5a0f478ad3111,0.038257572799921036,2,786244.0,70,3,6
66837f40f6dce3d101485b82fd4be0f5,0.011737008579075336,1,171630.0,12,2,6
669dbc82fb7d128f0c3de3227b1121f3,0.024463173002004623,1,53734.0,47,2,6
66ac7ba84b875d698b46f66e933075a1,0.13549163681454957,39,278744.0,25,2,6
679be22b9e61032e67c25d872b87ccf3,0.0813031264115125,16,160069.0,48,2,6
67dad06be188427c76e8e665ee6c9b99,0.004713155445642769,2,2543495.0,460,12,6
68283cf0d2931608e6c25975e083057e,0.05539384251460433,12,85218.0,81,4,6
6842aa8a7c6fa32a8eb086efb31a56b4,0.019541590940207243,3,1782852.0,491,7,6
68e491337b24410dcaa0385f0da31d55,0.046244813478551805,28,993039.0,106,4,6
69161df4eefcd7608f332ba37a18154d,0.1847844417206943,25,9961.0,2,1,6
694be892d02e04789902c94b83493a96,0.26636870205402374,6,1007898.0,133,7,6
6996a693bdc656bc599b7594d05c6b63,0.057102860882878304,11,1678.0,2,1,6
69a010fed7b02fb207874eef687a7030,0.5156839285045862,99,70615.0,20,2,6
69e75f530ee0051a85301d54432000f7,0.3455251157283783,5,49228.0,3,1,6
6BB7AD5D911D46B681D8202623A08158,0.062454430202794745,3,1735598114.0,165,3,6
6BBB9DD9301E446FB0007DEDC8AF698F,0.21163518318812055,13,1735425504.0,1,1,6
6a7fb1c5231e250eff8dbb51bd971f34,0.04481046041473746,7,3537.0,1,1,6
6b08d560b2e8fee5b26413885eb6f8bc,0.03199701011180878,1,184927.0,80,3,6
6ba4931dffc4036efa158bcc41da5790,0.2166037712013349,54,15935436.0,14,1,6
6c70c428bd05c83a25124f18f02ee97b,0.07984823361039162,3,589817.0,3,1,6
6ca517c7aed82207a0a13d388597f94f,0.06246015173383057,22,3712452.0,609,13,6
6cd327d80ac17b5b6d55035af87efab7,11.35337632894516,13,13823935.0,1,1,6
6d4d469a1014bc832a1397d9f6e4539a,0.10365799814462662,3,4129485.0,733,29,6
6d6d46825930e5dcd13b05f5b636f73b,0.08996452414430678,52,26712.0,6,1,6
6d7eeb42f93abf3bd89ee9d59b8e6aad,0.04737697448581457,8,1724343.0,168,7,6
6d92fab124dccc265abdc7c164774d6a,0.9740742212161422,9,25708415.0,11,4,6
6fed2c77f1406aee4792901a1cde1d5a,1.0863639116287231,2,2149.0,1,1,6
700ECE8E69004421AF89CD555E04C0DB,0.10955807499425751,7,5200304119.0,103,3,6
700c7edf178503aa63c7cb624b2f30a4,0.06717917998321354,27,553267.0,110,2,6
70c5c391c4884eb56448dbb00524f26b,0.01773981290170923,37,6076604.0,715,20,6
7123d8cfac162a60d258fa4ace6d074d,0.03676876937970519,10,1976.0,2,1,6
7157d782a8e6bff98d82753185111b94,2.5715896487236023,5,609474.0,2,1,6
720c9dacf9152740c96e95bf31eac427,1.2189618786796927,74,400428.0,77,3,6
72799b13359070d8b95fe84ca61c89dc,0.893324438482523,33,1360111.0,161,6,6
73217a3776334ba4202fe273aa7e9e00,1.1030837297439575,1,919.0,2,1,6
73337133da52816e64939c3398f4bbc5,0.01417889166623354,3,243716.0,72,3,6
7388fbe2aa0c49312170d9530f80e463,0.1505061109783128,92,921874.0,150,10,6
74480025c6d6bcf48d035fec01fe5ce1,0.03744780574925244,10,28236830.0,1,1,6
75133208bae242f051dbc385b800d292,0.09022361622191966,58,1676952.0,624,10,6
752903ec5fd26f008b1be0f64c54a355,0.004671205882914364,2,5441.0,7,1,6
758a2c985d84cc4e82669018a9a92977,0.2964245555922389,15,2482852.0,250,7,6
7620d1c6eff067411ddaa4bf395ceffa,0.11228933930397034,1,2186997.0,243,17,6
77982b7a38d3da9f9dcb739724f803f6,0.06619424308883026,65,25895567.0,60,3,6
785117c6c88e1c8daa688e3416f37159,0.15847319457679987,21,2411260.0,187,13,6
79c0dad207240f0ffa4b9b70ead50181,0.22018467937596142,19,6576118.0,643,27,6
79d7ba1982a81bd877bb0aa05131a0c2,2.229412634856999,84,,63,11,6
7b3a866a7a15e7eecdb087900a6b6051,0.2140800543129444,4,8676.0,7,1,6
7c25ffb35f9638e0cdd816eccfa1e5d0,0.02205970324575901,1,1736794.0,104,5,6
7cbb4d2bb1eddf144aed8205464dee1b,0.025092774187214673,12,15852288.0,490,23,6
7cbfa90d255698022c20bf2c21b41114,0.056364120449870825,31,473972.0,140,5,6
7e82f9e2555d7386e6a77a9c4321c2c2,0.2344595156610012,5,1946554.0,30,2,6
7f9dc2dad57e66a8b7bfbed3d89c566c,0.12507019564509392,16,5717.0,5,1,6
8061bca2d716f59a37cd3b9b1d871fce,0.06288613006472588,29,5396.0,1,1,6
81075596d174e0644f5f2aa6621ccbae,2.1527162045240402,55,2693085.0,169,12,6
8111ADD10D8648F4861DD754E8A2F5BB,0.1236898765563965,2,12147320640.0,6,1,6
827dfde1ae4563a430d6816574dc3d4b,0.026251841336488724,1,11427.0,14,1,6
83646f162e289df94465f3ac985b2cc6,0.455530121922493,8,2272147.0,331,10,6
838d7b6506ce6811a9514b19349ccb5d,0.008342206943780184,2,100876.0,8,1,6
844d92ff046053f06e2b65d40443efcc,0.03750196209875867,64,2786427.0,880,19,6
8454527d86df63f099966eb077742b07,0.0047105151461437345,3,784020.0,124,6,6
8470f2c434ff4d6ae36157fe27575914,0.04089547519106418,13,,367,9,6
849266eac2c4dffee0cf4aa488e6e152,0.043422690127044916,8,271807.0,65,4,6
8511f858951f682ed1f08ea559b200ee,0.4173840768635273,7,413208.0,87,4,6
852616454f0a6ebbf55a99a13a16f5b6,0.7697831727564335,38,459111.0,11,5,6
85925fc280f1d5dfb355edb8964e714a,0.029983481857925653,21,,511,15,6
85b953e5aa81f9179c48c7c0b6517816,0.007331390865147114,2,1415773.0,282,7,6
865970ffdd370a7d41ec83c4297a2025,0.05430560954846442,19,1110934.0,549,13,6
865f4833bfe3b1242c95c9d641a6a5cf,0.1552719809114933,3,6319432.0,315,16,6
86f195ed6f74b3ff430331b849179195,0.11429971363395452,10,69672.0,5,1,6
870a23d596bd8789c4bd4d4e57e0581a,0.08837534300982952,3,979980.0,112,4,6
873754b799e292e4e5c52b7c91450c85,0.31300646159797907,13,9382.0,2,1,6
8785f5af429cb66b6416f9d7ba0fe4cf,0.13092664908617735,17,3473.0,3,1,6
87b35c40883048eeb980a7030c97d67d,0.04711350647266954,22,4316864.0,777,14,6
882d54a3d1d4939615c3761f8147761a,0.6753436177968979,46,562470.0,82,6,6
88917e03452dd57f25de13febdd9a123,0.5785408450756222,49,9909.0,6,1,6
88be19a9003f1ca4af639122bd84d373,0.023995517680305056,19,1163969.0,107,7,6
898f647ec10e30f06f9af2ab4108b112,0.1553434464149177,10,1914.0,4,1,6
89D49E7D0780415DA6DF2CD61239F520,0.395663950920105,28,6912560193.0,443,24,6
89b3542e65a6f19a378ce20323412180,0.02073123666923493,72,12188.0,2,1,6
89f0110602ada01830b6c0568acccb33,0.34913166146725416,26,109379.0,2,1,6
89f59793552baa70f21a1985b009dba3,0.009038656367920339,6,2146188.0,1792,32,6
8A78948757884AE4AAAE1C475DC33D5E,0.22969135851977537,44,6925250927.0,245,7,6
8a6d647091a3b376a2fe105bc1a9740d,0.4312989190220833,13,314995.0,34,3,6
8aa746ee76d41a7e121cd888d35d0d58,0.07054314110428095,7,2282562.0,177,8,6
8b15291502b23e1cbd6e653e8caf54d8,0.030119591305265203,38,296130.0,19,2,6
8b24dda7c6f2ba0b71ce7b3f3306a1e1,0.5665618623606861,54,1519161.0,437,10,6
8b32af70f449d2645c6cb763ede8eaf5,0.1950684618204832,9,498955.0,26,2,6
8bbd786f61fed6325c57211483488a94,0.19695491064339876,105,839996.0,88,9,6
8bc6d9baf1b358b1b84c5c8a75e67645,0.01893144939094782,4,15911734.0,1,1,6
8cec29ab557d5e960547ca90dbd4d550,0.2313218981726095,50,7252.0,3,1,6
8d3d7df911fcee3bffd3cc72edaff57a,0.48765380680561066,6,1824847.0,417,13,6
8d993bb25c7e48185dd20747f1094664,0.02357131871394813,13,4088716.0,1548,17,6
8ddc6ca0d33506cacaad42d2289efe47,0.013444482814520597,14,3367035.0,995,8,6
8e46a1d158f164abd4c6bab049565fa2,0.021047948859632015,2,8735.0,1,1,6
8f0f2a468566f059fdf4d6e2ea87c1be,0.2414604090154171,8,3142.0,2,1,6
8f15c851b7fb8f79b37fc0ae2d6051b1,0.2709180098026991,20,1685181.0,227,2,6
8f166780405d17349b3af11225eac5e1,0.1016033046762459,64,,211,13,6
8f78e668f12ccc0b0d566829f996f66b,6.85891991853714,16,8030.0,2,1,6
8fd86a2f7f9d4ba839b60006368d0af3,0.22686399094527587,230,131252.0,13,3,6
903AD5A6D6CB46A093F62F4F876D6134,0.12519471167276072,10,5206187859.0,3,1,6
907c122d486e99d25f58f91bbabe5182,0.2253997432999313,26,6567003.0,11,10,6
9099fe318d228e25c31ec1ab51461a3e,0.0024097301065921783,1,5511175.0,295,7,6
921f7c6be6011c818a350b1367467e20,1.260812884196639,37,820502.0,61,4,6
92fc7a9fe4ae28f457b9b7b89cd1ef7c,0.026619198266416788,9,2899951.0,42,5,6
934d4377fd0018375fbcf40ac6c13dc8,0.024601134471595287,2,527541.0,6,1,6
93b34a916a3b692bdcb58568846378f8,0.10838457942008972,3,2924457.0,424,17,6
93fac830021f7aff7539ea5a75910e47,0.018045778153464198,4,16011.0,5,1,6
9476dc04970b6d6611fbf68fe4cc4182,0.1056176801212132,20,14146126.0,831,45,6
9497652233d345feede64028319084d8,0.043589865672402084,22,19816.0,9,1,6
94b125260228591ae8404bd3175a1459,0.006619384104851633,6,5797.0,1,1,6
95c8a6e0f09a444bee5b19aeb006d3ec,0.08462567254900932,7,1302736.0,181,8,6
95cc1ab6ae85454a0a00d037f44a48bc,0.007491159820347093,20,815153.0,85,6,6
96523d6cd25f7f759ec1e4aee997ba74,0.0075460500083863735,1,1930.0,3,1,6
9680BD3F7CCA42C1BB32EFA98629E56F,0.25732159022290046,6,4523.0,1,1,6
96eee80321e2fb1dd06a6c74a485ef55,0.013349599088542163,8,918387.0,141,6,6
970d9c0a21d54df25cb081606c1e2aee,0.13564894790761173,37,1477332.0,351,12,6
975263c0b31a9d1f47a0708c78758e7a,0.009108181111514568,1,3869.0,3,1,6
9934d13488975e86fb67a5b6e843ef76,0.006803327705711126,2,93380.0,5,1,6
9973e102c0d38acbe5cc95be16108e88,0.05209569539874792,10,805932.0,259,5,6
998cba5adaad34a9b2aa1eceba039dd5,0.05387807346414775,23,1409206.0,264,8,6
9D7B16958AD041A6A79CA2AA9B02E0ED,0.3296146850585938,2,10402926105.0,19,2,6
9DEBA6F5364A4595A64D35BEE118366D,1.1477341762575684,40,5206122047.0,29,2,6
9E6611FBAB94458F95671118B214D97E,0.27097315663434207,32,25978831563.0,531,15,6
9EAF52FA58D74D769EFC96D8C4FC1E2F,0.02732676696777344,1,1735269574.0,6,1,6
9FC3F7F69DE947AF882E0797E827DD22,0.04978292369842529,10,17342807921.0,655,15,6
9a4aba69c5e4d17a13b7a3055dd0ea52,0.11529883742332458,6,3634.0,1,1,6
9ac37a352e91994a1d64d075bf433143,0.020301113603636622,5,8318.0,5,1,6
9bd8d17592ec993fe5a21a4ebf427b6d,0.14514037780463696,5,6085.0,6,1,6
9c1befe7e795cb86c9af3598bfadc65b,0.015585646033287048,1,539064.0,38,6,6
9d300a840045d3d62e19c63991ba8b63,0.02051562868291512,24,138521.0,35,3,6
9e4645f3e9435d3942db7c83907334f3,0.0700762755877804,73,517003.0,136,11,6
9e4e044d04f924a67496b31abcc66033,0.20818334817886353,8,2472270.0,437,10,6
9e8e694bd7b0abe41e65a9b710ec1bc2,0.09163135848939419,9,391112.0,58,4,6
9ed08d7dbf74b10fbdbbe43ed59c1579,0.017672447487711906,5,1369183.0,117,4,6
9f3030cf4495e2c12a66391080be8ad1,0.9834821633994579,13,1883069.0,355,16,6
A0F6C140CA88441DA123290DD0A09FBF,1.2514729193930114,14,19089653325.0,6,2,6
A223718ADD2F4D85B5843B23D0A6BA83,0.4425503706176758,5,53700899423.0,156,10,6
ADB21E7D2FAD4CD586B9686F4C960EF9,0.008071022033691406,1,1735064499.0,52,2,6
AEB9590347674F1899742542F9F74F39,0.05448938417434694,6,5448.0,1,1,6
AEFDCAFCAEFA4964A7EB4C59F1C8303F,0.2727450744240156,38,3460099098.0,225,6,6
B9712478F45C42A48E9C7B3C8D54CB51,0.005242653965950013,3,85447.0,34,2,6
BCB987D6D8E941528225604470294EE5,0.8066027870178222,15,11641.0,11,1,6
BF68CB492A124D9B854FD05FE32365AD,0.15194497155310566,76,20803470518.0,182,8,6
C685E68EA3D14AC19A22219C6028CAAD,0.2900155962962963,3,84976031700.0,69,4,6
CED1CE75E870405581C1E7CE7CA6E5BB,0.0558015422821045,3,9993.0,4,1,6
D2D1AE04BB274FFCA8D0A05B071D8A98,0.0798322582244873,6,428388.0,86,3,6
D3522A190BC3427FAA22D35FC4A88A0D,0.08406136004119491,18,729342.0,60,3,6
E5D08AAF4B2846F4B9A17A1385CDED40,0.11248206770178223,4,8845.0,5,1,6
E61C7473FF974F3B8D386B5F8BB5B599,0.0416238382883299,12,71042336783.0,215,6,6
F073597CEDD64A88A776BA761B152FBA,0.01330145168304444,1,25990548219.0,108,6,6
F2932D4D435142F5973F1AB5DDF9E58D,0.4160074119567872,6,5135.0,1,1,6
F6A8432C9DF34DF0896415EB26AA96A1,0.12232023210601807,9,5328.0,5,1,6
F74C165EB9AE4A559F67BAE7B2B51C11,0.02900152010659718,19,13861577671.0,279,11,6
FC11E41632F4444EA1C367F9A3F48C23,0.13260254332275392,4,4463.0,3,1,6
FE7C0BC4DC7349C1AD326D6C41F3012C,0.21741403695961783,46,6935407981.0,223,8,6
a022e54e7d88ba2525b3d517161d12a0,0.13411292433738708,1,3759.0,2,1,6
a040bd60858f435655dccb67d75f6d0b,0.006818266410846263,7,192035.0,30,2,6
a074147b29651853ad8565d4a5babf0b,0.44424103759229183,9,14119964.0,8,12,6
a08180306f96819744e4afa1292e0d8d,0.06368227035272866,15,2479629.0,289,5,6
a119c9146e5bec2ee61662e7c28fbfb4,0.014974684454500675,5,2484348.0,702,24,6
a301f2c1cf3372a4f91b567521e415d6,7.707177929580212,49,311992.0,153,10,6
a3e7084071c8abe53de434c6e567c2fb,0.3456944227218628,2,5950.0,1,1,6
a3fcdf53d0f6cb3fe2968ea3e927b90c,0.17074806615710258,4,12977308.0,212,14,6
a421e055785391d6cce513b32f2244fa,0.1048754034563899,10,12152.0,11,1,6
a4a5d5eb7884a9267699c9b798d936f2,0.019918618723750114,1,9206.0,6,1,6
a4a9701ca3ba74f911ec1ddf4b226234,0.010088952025398612,3,976978.0,62,5,6
a4b7bd19b839e365b1223657ea5005d9,6.106606900691986,22,4816.0,2,1,6
a4d422e5255627e119b0979f13d0693a,0.058761384803801775,18,11433.0,3,1,6
a5c77c3070a457b389031b8197699692,0.09817003598436713,17,2276379.0,170,6,6
a6c8eb7f0798cd3b59e3399826b6204a,0.017580446205101907,8,843627.0,56,4,6
a892ab0f50d7ed5adee952eb2584fb9f,0.04726587049663067,3,4901.0,2,1,6
a94c15942f593ec43abedc18a61b411c,0.09435741323977709,7,1478548.0,97,6,6
a98338ce6fb9b5f366be9f5b3220f98a,0.22338848561048508,2,2364.0,1,1,6
a988628025b4163b2e3f63fca5dc36f6,0.02141556580318138,19,6360554.0,951,31,6
aa81c51e84afcf9c24a7c17f3fb46095,0.027417106670327485,14,4220579.0,932,26,6
ab585beb6c3111ca1228d2f058a34ea9,0.03863917919807136,11,7655611.0,2769,34,6
abdd7702660489d1a90f4dc5810ad849,1.7320439368486404,36,17614760.0,157,4,6
ac4141d04a785525cd995a7d1101e74d,0.007007736945524812,3,89084.0,29,4,6
acb6c97f75b977f1593340c7bffbc8c5,0.30855377949774265,22,1417258.0,268,8,6
acf3f3fe99a1767edbb37a3f812f15f5,0.06495127303060144,25,673461.0,125,10,6
add075fc79f1759648be0dc56f8929e5,0.003582974197342992,2,6283.0,1,1,6
ade9613657775bbd84793537a5a6fc11,0.012073921621777117,8,112746.0,16,2,6
adfbd662b31f09b1433ada3c9e1a1a3b,0.47437072708271444,80,704517.0,63,2,6
ae0a98b5a1bcfdb3b06356bb368896b8,0.1128880845499225,101,1298917.0,63,11,6
ae5847244b97032a6c7dc88e7ae9519d,0.23160375014413148,92,77147.0,27,2,6
afced8e984ed54546e2bfe79e4a33dd9,0.02471174197853543,28,1075744.0,148,4,6
b03eee4c5c82bfa2c91142736ff96ec3,0.1570173075888306,37,6697158.0,1462,28,6
b0d838b9e3452712a68b039898537de4,0.06945816264487803,7,13469.0,3,1,6
b215ac82ae7a209a51a1fc860bb432a8,0.650400837417692,51,65744.0,32,2,6
b345de161a1e29442491aea88ba35b7f,0.05900719153578393,132,338514.0,29,5,6
b34cd08719975764df1d09125ea78b2d,0.03471030294895172,6,1027542.0,321,4,6
b4b14e0eec5864e376719c50aeab9b05,0.020589570311130956,36,170695.0,33,2,6
b4f39584662f8e3fc463647620dae63a,0.36604696308495477,148,2755653.0,543,15,6
b562b2f2edd28d53de7d8047d6e4f9a7,0.15841140784323215,11,355802.0,69,3,6
b57930842557a789cf7f92b7f2313b12,0.01256330031901598,1,5137.0,6,1,6
b5a5575d28836bedc0139d03e771e42c,0.18367875926196575,17,274669.0,42,3,6
b60197ee9aab97f1b5c212db6840764a,0.05757219064980745,8,6593.0,2,1,6
b60e30b359719ced793f0402e0f10677,0.09467238979414105,11,1539582.0,174,4,6
b6a93b2de66384e5127f3fdde3e3b5d8,0.37544728070497513,4,6466.0,4,1,6
b81511ff034a1788339d4f565afa6040,0.20315851626219228,64,1543886.0,242,11,6
b8359eca45587d8f53ca7cf31e26ebf4,0.006375331897288561,2,179018.0,8,1,6
b903f59dcb863f61c933a79022766e4e,0.19190643727779388,1,1412857.0,97,6,6
b92ce9d391dc1ccccf103cf8b4915a7b,0.02988177863880992,2,1886275.0,283,6,6
b940d2f67b75e4afe53a02debd1a9318,0.19635619968175888,15,18879.0,8,1,6
b95cdead4fa39f9c4d07d237b89ec0e5,0.0025717823300510645,1,19245361.0,2,1,6
b97fda747e32e937c28d8b3163e6e78d,0.0007351291133090854,1,4176432.0,250,19,6
b9b3e2d83cb261be5a3fb75346dc50cf,0.003592271590605378,3,53544.0,16,1,6
bbca1f7d2d5b41abce61235446f3f7b3,0.006947338959435001,9,127129.0,22,2,6
bc3379085a38eab3f993824f50aad0e2,0.2861551195383072,9,9923.0,5,1,6
bcb9c6f31e3b0d1b2f6628113cd6a2a4,0.06574414437636733,16,9171063.0,1,1,6
be1b1fca273e6d9597044cefc040a564,0.11516431876225397,75,290944.0,96,6,6
bed89d1aaa652aee8354855b251528ae,0.048039163229987025,20,5982.0,5,1,6
c02b44c76f14826e8def6dcc9bfdf410,0.003724040579982102,4,1345.0,1,1,6
c09785881feb99bdc6186e8b1f08934a,0.2555205915123224,13,53255.0,4,1,6
c0ccb2919def529e159ecb215c6a8485,2.576737642288208,8,8326.0,2,1,6
c150571b89a312e1931948ed139f3211,0.013314668089151382,2,2345420.0,361,9,6
c1ac67a0ede737e742ed7456f226d420,0.10803029546514153,12,12906931.0,402,19,6
c1e429b85a895a3ce26e41af6010e3e0,0.24611828941851854,13,3688553.0,484,14,6
c33bb709cb1f3e00bedcfd68eddc64f5,0.041475888807326555,10,2117738.0,252,7,6
c36743656529a7a5d893e209f953a16c,0.003458945546299219,1,5801.0,5,1,6
c4c2a537e7e5d0afd8ceef3f9fe5adb5,0.33591489121317863,54,14382.0,4,1,6
c549f84dbb84d31840c18e1f422f0019,5.031173102557659,15,432439.0,6,1,6
c54dd8c63bff829d1d3eabefd0d7179e,0.005238177836872637,3,820756.0,115,6,6
c570aa07402f9cade453851bdf45d4bf,0.017046146327629685,17,7856630.0,932,18,6
c583f726906a353dcdf20702a767ebb4,0.07285752007737756,18,13545.0,7,1,6
c6cff969301e32891d9790a321564aa5,0.07567263947566971,16,4606709.0,926,31,6
c712c040fc9bb9246028fff4df31d226,0.0339989063795656,21,5464925.0,602,19,6
c73100231a91a2d91301adcda19f38bd,0.16882077022455633,30,552225.0,90,6,6
c7c656de3cfc07dccd97d477dffc13e8,0.03625065996311605,9,4134408.0,987,6,6
c894f2d4d1256a93aa7ad49e3b471c7c,0.08355247229337692,2,1655.0,2,1,6
c9115d53ea50e6f514baf026890114f8,0.07668017968535423,2,2441408.0,16,2,6
c91b266742f5b04b9056355f4c4749da,0.045907580526545644,11,3126291.0,549,13,6
c97b91e099847f2d90751a78b829f951,0.004177103633992374,2,4103165.0,170,18,6
cb6b756d822dbf53fe2c7729eb6609d0,0.015155649976804852,5,244165.0,55,3,6
cb7c9c7f7e13b9a0513bb6251cea1695,0.017977248411625624,3,614813.0,59,3,6
cc479486c9edcd3f7af5bea9cff05a6c,16.849784076213837,22,9389.0,2,1,6
ce13f6ebb5f707a609011d75dd00fd7f,0.845757870003581,29,433070.0,82,6,6
cf2e7866cdf4b7587339316cbedef9c6,0.06823318172246218,14,46409.0,2,1,6
cf5b710393bf2318593c90b3210f9c6a,0.33456137333996594,42,109711.0,39,3,6
cf79ca9681ebce21b52041aa9bb92111,0.13434330420568585,94,382957.0,96,5,6
d08b235f71c26e0d996a727d73c83500,0.009408691781572998,8,904567.0,80,7,6
d0c57257268d12bdeff54594dce89bcd,0.18970653973519802,26,591132.0,125,8,6
d0ca994e347e33c690ac40fb39762af1,0.016749967740906868,21,6343586.0,1560,33,6
d10245d7da43859be60c402707130bdd,0.06468905322253704,4,1450338.0,346,5,6
d1272e5f4389e989d46add3216179dad,0.041321296826936305,19,5020584.0,5,7,6
d268a0cce799d6be6bec0d0c6b276af1,34.50871825218201,12,4417.0,2,1,6
d30eeff0901f92d702f8515664c25e03,0.044843674753792584,32,184176.0,58,3,6
d5c835f2699897deedc17cdfc79377c2,0.04233486391603947,6,37989.0,23,1,6
d6be0df24c01ba81a639a5002f8bc371,0.10067635111045092,55,10223526.0,62,18,6
d6ecd7da1d0670b7d44023f7e007b660,0.004029055475257337,2,2285956.0,631,17,6
d869182fdcfae1584f73cf199ccb0be6,0.00525449076667428,2,3794927.0,740,27,6
d8c78571c6068b3e53e6f4bc1c848683,0.03595005255192518,3,5725891.0,270,25,6
d992c77e92dfccedb35a9f555f025620,0.014748875517398119,3,3366959.0,827,38,6
da2a454fe2b9c93de473c886568bfd95,0.0035166998859494925,1,2464688.0,271,7,6
da732d43390a87560d3ff487c64930d9,0.01678001059917733,16,6653.0,2,1,6
db95fb7a9868e543a200d0882545958b,0.03854313539341092,14,95034.0,11,1,6
dc8345b90f52fe1f966da8cdab4d855d,0.034828029572963715,6,4716.0,2,1,6
dc87d25304f04cbfd8de4837a2c75159,0.10972151532769203,17,207855.0,12,2,6
dcd3edb46f0c96926368ae41d88a1d81,0.14356046565808356,21,6163.0,5,1,6
dd6ad36659f1654628cfa9b0fb89b469,0.006634010002017021,2,68432.0,11,2,6
df12b5128d77dcfa42b2985b5d5bc637,0.07069515250623226,11,582894.0,61,5,6
e022b3e24b494f73e893a593e9a1e2b8,0.08438521204516292,21,282404.0,105,4,6
e142c2fb81162f3eb0f2a8cd9d4a4333,0.00876367941236822,72,1076452.0,326,10,6
e1c4c8dcd2eae37f6eebb36843650877,0.020483868662267923,2,32599700.0,1,4,6
e1de298810a16cfa13a11a513943d895,0.015178544446825981,1,3661.0,5,1,6
e207f71e448efdd78f776d3f2165221f,0.16056548058986664,2,1385183.0,211,9,6
e218e3ee1b438ee8b23de8681e9ad5f8,0.06160968841868453,85,1025682.0,216,10,6
e232f69d920df746337e791797a8d1db,0.1246356456540525,21,3774448.0,78,8,6
e2418f27fb60432db11c6911848d53de,0.07313146442174911,4,1558422.0,196,2,6
e27ff6ea3392c553c958b6528ffeb8ce,0.24764728406444192,15,9074.0,1,1,6
e32fe1f16284b51123ef67bf45c77a45,0.05618747137486935,5,362222.0,118,2,6
e4794046e11967b61ed88b01ea6080fd,0.0467365609947592,23,546763.0,190,6,6
e6f8d2c19ff5fe63a2d413233fb01711,0.08355247229337692,2,2245430.0,382,8,6
e75a2269ab07400e415b0b4dd56add63,0.018719593062996864,1,40403.0,8,1,6
e85c9a518cd329ab9cab6e69adffec08,1.9727103989571333,54,17912.0,2,1,6
e89b6c9b314a696d62ada68c21afbc2b,0.04286307061556727,23,238305.0,12,2,6
e8a093052e16db2fb1b0939060d4d315,0.14555160887539387,9,111368.0,28,2,6
e8d49f1e080d9c190f744dc0e3f7c84c,0.17429238930344582,4,519632.0,55,4,6
e9c32634041f912adcc1ba1eff84efe4,0.031146976863965392,8,569101.0,165,10,6
ea4d7fca433afdb65f27188ab8d5a6c7,0.04651814640965313,16,5048201.0,3,7,6
ec396aa46bf3b7ccecdd3c934e1e3980,0.05688486807048321,5,1003483.0,257,9,6
ecb5f5fd62e2757218a33c47b1727881,0.007338107912801206,5,133750.0,13,2,6
ed8e1f24c399a03bb50be235d38fdd80,0.02169628394767642,4,1587432.0,481,8,6
ee4e9824d6b20b12e6e8e56c615e5599,2.478203672915697,25,113125.0,17,2,6
ef95dba755ee1ea2179e5b014679f5e6,0.1884855511598289,12,3984386.0,192,23,6
efaaf226abaf3542356f9f330ee091d3,0.2689166609197855,9,2139995.0,80,9,6
f02b8a48e9a08b89e20303c0398b6f66,0.1467233842704445,49,1905925.0,321,12,6
f039270e4b074c7ffbfded0e29d67e63,0.09322309121489525,2,7602092.0,1555,32,6
f102d97cd3ed3f84d8f0104409eb647e,0.08883806644007564,13,5245.0,2,1,6
f1722048669f29120c8b8641a40efbfe,0.005160874134162441,9,98600.0,3,1,6
f17330a96ed5d576a6898ebf2b504abb,0.007420800277031958,5,,833,36,6
f1b729880126ef3bd4caf7a7579f8e9e,0.16470088250935078,9,448502.0,209,4,6
f230af8fb0198ffabd5ea9105d9106cd,0.010255502536892891,1,2529.0,4,1,6
f31a65fbf109858dc74eab44822fb75f,0.022140652406960726,19,3676609.0,86,28,6
f33d4df0c20f4494cca2cdbbed8ae707,1.100243404856883,246,332614.0,6,7,6
f3b1c039c1b555ef8ba0636b0d990f36,0.1783985854126513,23,329488.0,20,2,6
f3d7bffa38915fd2f0af211528328be5,0.019097102489467943,113,1782813.0,252,9,6
f3d99e50ef1392c4f25fded0cd6d65ed,0.01409083919133991,15,1969420.0,530,13,6
f40c64b17fcf71d4839298bc34ad6773,0.028961131698451936,24,693105.0,155,5,6
f476c123986d031efafda15b9e6ba48e,0.07759839738719165,24,1795603.0,199,8,6
f4bab71b40b31bb919d152cace725a9c,0.015840097796171904,7,9705.0,3,1,6
f5c4bf7d26cc959721d93342fed7772e,0.03575095531414263,45,220913.0,49,4,6
f5d10345939f1ebf8b69e781dab8b023,0.01148097775876522,1,2144143.0,24,3,6
f644a9197f09e0520731c72fefb02f20,0.010483517427928746,5,35376.0,23,2,6
f67d585bc163b5e2caff36c129614714,0.04694229329470545,19,10645.0,3,1,6
f67d85b5b968525779074bbcea4fec1e,0.008628895389847457,5,907449.0,39,1,6
f68c1c1c66d93190d8f86675c97c61a4,0.04287616710644215,48,149111.0,32,2,6
f6ff30b2afe0059b03c95a355bf1f463,1.0728473025374115,77,504795.0,267,6,6
f704aaa30017825f665ca7b1bd045558,0.10985915176570415,8,5640205.0,218,11,6
f7072cbc1b32a2ab0d0b9185cb4c4912,0.47617213148623705,15,2943751.0,298,9,6
f7544ba7ec3d0c62cbdbf1622783a44b,0.5500366380438209,19,228613.0,45,2,6
f8e26531b93538b583ab5d59a8c351f1,0.03473608614876866,7,4157.0,3,1,6
f997ae7745b73412bfba9cbd208e736f,0.3946823738515377,11,674453.0,32,4,6
fa439088aa0256187eb1dc8e5f0b55b8,0.34186432079877704,131,3204787.0,937,13,6
fad023905310a3a971a46c31218150ce,0.2099695187062025,28,829308.0,135,5,6
fb14eb0458211298c800732df53b5595,0.0171215096488595,17,7946.0,3,1,6
fc7251935e93db8b3c36e2691f5192ef,0.12405941262841225,3,288557.0,51,3,6
fc9ef5fee8cce245e100aef31a6f68dc,0.07225638628005981,2,4035.0,1,1,6
fca224c625d862a5383d90734318d0f6,0.03477018140256405,3,1848.0,2,1,6
fcc981922f0cfc77a4b3e13bd99cc0d2,0.05980422568973154,21,30247.0,13,2,6
fd8ae7f499e0081a2287b11ca20c6c5f,0.20539604872465134,5,7678556.0,1298,28,6
fdb21ce2a3ebbaf270d8f1fdc84fcf1a,0.030701589537784457,24,3968341.0,847,20,6
fdb487c8ea97c5e4577661ca3b25f15c,24.009184777736664,19,34980.0,4,1,6
06c56b163471c827e5654620f46b2d33,,0,,411,20,6
2260B68BFACB4647B11549C23C3A0D7F,0.01991897201538086,1,8183272.0,35,3,6
22c208a6f794538d6ad621f3db966f9b,0.0035623754374682903,1,631854.0,107,4,6
2cf29a88250f7b6c89832ba0bea65795,0.006983363535255194,2,12161890.0,252,21,6
373b2c25e3d2e9b5232f0dfc6c5b8d29,0.17276235297322273,3,7601825.0,204,10,6
39c556f53b3abf25f993ca721157f766,0.05000000074505806,1,513304.0,60,6,6
3f0c2b702df6ddfaf17f1cc36adf956e,0.0027832998894155025,1,80133.0,3,1,6
47964581E4F5469F903A717E8F2A607A,0.10123214912414552,3,6188.0,7,1,6
489c9be15fdc189e159509376ed2a8f3,0.0031223453115671873,1,3794265.0,709,19,6
4a2f6d0e3dda936a33cad503842ceca2,0.005025484599173069,1,12273.0,5,1,6
4e9b8b1ecdef01bbaf7547a948c884a2,0.08346721529960632,1,24669.0,16,1,6
4f2461fb7444bc7da52e5076451e8ceb,0.17354551702737808,2,9285.0,7,1,6
4fb3d192a100b6e84990a8bfcbe12a3b,0.004532598191872239,2,6435078.0,99,27,6
53640b28164e3a405eabb9c9844e317d,0.009714206331409514,3,2048516.0,233,8,6
5d73ad067f9d694d87e4e177e89ba0b7,0.004999999888241291,1,,129,6,6
647016b2009af2ad6fef0d0c9deafdb9,0.0014568241313099861,1,37785.0,22,2,6
64b73c49844e5c4ea91384caa3a62bbe,0.07330714911222458,1,6003.0,3,1,6
65DA1412E99A474DA10D95AA72205C5A,0.030946353912353522,3,92751.0,1,1,6
69b0f60ca009dfcafe3512c2c8abb2b7,0.3133238349109888,6,5715550.0,3,1,6
6e339f6d800da779cd2c761a9203cf83,0.004999999888241291,1,2187139.0,250,10,6
7E7063A0D07B43AEB9411CE4D2B6DF5E,0.20510819343617984,5,36659.0,54,1,6
7c9a11ba277ddaf7499e863ffe345168,0.004475637339055538,1,898750.0,224,7,6
7d7cdf2c8af1a8bc6822992f7ffc392c,0.0007276312098838389,1,2973368.0,970,15,6
7dd675fd9f6922ba689a7fcd2e75add5,0.04177623614668846,1,2617735.0,372,9,6
841a8f2d506cf58f8b1c35474b90ffc2,0.001552417641505599,1,1159543.0,292,7,6
915f1bf66ab752973963ff3a93d1f9d7,0.0024100621230900288,1,6312355.0,3248,29,6
916bfd1510ceeb221954d02ee018e9f1,0.0025533215957693756,4,2416880.0,111,3,6
9263A5EBE2C241E8BF9E428274A5964B,0.033581990242004395,4,450994649757.0,305,8,6
964157d544241c2756249392933aace3,0.2858603596687317,6,6965.0,2,1,6
96addf7f51b9cd53e4f8a523ad97717b,0.0034196790074929595,2,1103252.0,236,11,6
a114b23308df8be35b62477868281d93,0.011590838432312012,1,548921.0,53,3,6
a1daecd14ea85aa8bc707cec34040e4b,0.019128795713186264,1,3827.0,3,1,6
a784f63617b359073ffb4df2e2e4d41c,0.02260369947180152,2,1819.0,1,1,6
a9453b86db718b1afdd16ba6b4d65e1a,0.3722633123397827,2,663305.0,189,3,6
af8b8bec12528159cc58a69301a6aff2,0.001216924749314785,1,945146.0,237,3,6
b4ded1374c89d62c76dd5354f678b8ea,0.001235854928381741,2,12454.0,19,1,6
b78e7a0f7d2fc9c14f4428f15ed94e7a,0.020374532788991928,2,1625509.0,777,15,6
b86dbd3881cf229f29ed8842355954c1,0.003279628697782755,1,3185.0,4,1,6
be16d46e11c97d5a46a60f9c983612c9,0.17647668719291687,2,8891803.0,9,7,6
c28ee8f77958d31398a610478831d0e2,0.01499691023491323,4,2434632.0,217,17,6
cf537ef9709e6cc975791aa6de112473,0.0831308364868164,6,1230801.0,30,2,6
d842cc28c236ac586697d47aca400652,0.22238517925143242,2,5772109.0,1043,29,6
e115e3e56cb6439ecaaedd2c39a4e542,0.021699726348742843,4,4034423.0,8,1,6
e463e383c2bcaf36a3e977de3d958b52,0.0019077480537816882,1,300189.0,43,3,6
f164e83d6b33d4384c2d34570cec7d13,0.10744623094797134,1,1731854.0,188,6,6
f7a078c9ae76e2f5dd8d8538163edb07,0.0024832901544868946,1,1125790.0,293,7,6
fede6a4fc468f738616cd27a58ad8be3,0.0032695219852030277,1,638750.0,54,4,6
0f4f2ea6304f20185460de71d3f10ced,0.4941340982913971,1,1589066.0,94,4,6
137325f06fe4110319b80edca863fbd5,,0,,24,3,6
58219b93b0ce19e383359ecedb7c524d,,0,,20,5,6
768a79760f4edf368da0a6fcc8441650,,0,,237,11,6
79fdd8457062dd25ae07e38ad24b0e65,,0,,33,4,6
81bcecf17dd6bab6d8e2310df36e3f32,,0,,453,25,6
83494113bb9dd4d5ef4eeffb75e5bd8f,,0,,182,7,6
9042be8073a76a94534052a4209ec6fa,,0,,6,1,6
B45DFC3B24DE4420ADCFB55213B84465,,0,,108,6,6
FBBD9271069E4172A00E891D882E9D92,,0,,360,8,6
d785c1b7dbc5de1e35582eb3677d3426,,0,,22,2,6
eccd750b1337cc00a09010cf51d69164,,0,,7,1,6
031a4d75c1e523ca0acbf47bd729d2d8,,0,,6,4,6
068d731528fa409bddc4110c694ad6d8,,0,,13,1,6
070e7c014f4f08f31f32b0a99bdebec5,,0,,1,1,6
0cbdf7bde74b75c68b3db23021fdbdb2,,0,,1,1,6
0daab3979e7ae7553027615a2348a5a8,,0,,1543,24,6
0e35febdc37fd4082bda1e18da4f4735,0.7142651081085205,1,4973.0,3,1,6
0e51dcf6708421d3cdb36a69c92c03b8,0.03519608825445175,1,148030.0,31,2,6
13e81820dcada5305e6cc96df598cc3e,,0,,5,1,6
1593d81932ea7087466e4869ade231fd,,0,,313,18,6
15ec68dcbc9d9ad3e7db03fb26843f76,,0,,202,6,6
17fca5bc2e2679c9e0a7db04a68680c9,,0,,3,2,6
1818847BF0D24B0BA3BDFE1EB49D9D1D,,0,,1,1,6
183c6e808390bd90b9cf5cde9e5e3b9c,,0,,269,23,6
188c015a9b352539a2e0474658ceac4a,,0,,2,1,6
18d6eb7e9e2ddd3ae662ada90bb823d1,0.4046710431575775,1,1163.0,3,1,6
1e661ffd729685f1e651605975bf1376,,0,,92,4,6
1f86a5839b33392dd11b8f0b2d0b33c0,,0,,354,10,6
20021df03e92c65f620898b0c6f89170,,0,,29,2,6
24d4acd8cb1d3e5708f7d991faa26fef,,0,,58,1,6
28153dbdacfcf402084f070dc7c111f2,,0,,176,2,6
2d9e07123baaed12a9ba6696d8a6fc81,,0,,45,2,6
36b1b05ad0cf2ba1c4646b698fe73091,0.0010000000474974513,1,1273.0,1,1,6
37e8b90e4db0330dbe9fecdd0adbe144,,0,,8,1,6
3df188d61bfea63c3580c5b12c5afa99,0.04588000103831291,1,460.0,4,1,6
3e0ff4859e2650c3cd7ce56692de29c1,,0,,10,1,6
3e5d3ce8fda474dffc84448642ecbc55,,0,,172,3,6
418d6ed578b622ad752eaadae36405d3,,0,,5,1,6
4370478f2f1b49c3daa7804b89cc725d,,0,,542,17,6
4402ae2db4b313dced8d2ea4c632e720,,0,,23,8,6
45e7bc29b1f6e182dcdda8b5d6f43f5a,0.05355999991297722,1,7913.0,3,1,6
496fb2162c4d8193d78561eb64ac95d5,,0,,1,1,6
4d13f85d0f9a775ed05a9b3275e5cc13,,0,,157,5,6
4dc0bdad59d02d44eb9e0999045585bf,,0,,456,22,6
5261033632f9c84ae44903b2bcbf57f5,0.0623028464615345,1,1667639.0,92,9,6
57e4771087068538839c4045556dca9e,,0,,229,6,6
58c92ca9638820ead4085a6774577f09,,0,,5,1,6
5d0222d8de2b7db82dd5ce7ce609e4b3,0.022571586072444916,1,627329.0,134,6,6
5dfb14d1a8d0332329a01848c85ab22d,0.004749999847263098,1,10150.0,2,1,6
5fe4e507e60706f4e99f091f3874cd1a,0.011137008666992188,1,1592.0,2,1,6
605c05807d979cbd8bc917c0709b0a7f,0.014008031226694584,1,61803.0,17,2,6
62fe6c267fa785be6cfbc855e08e781a,,0,,113,4,6
685a64b1020c6f7338deed43bccab5cd,,0,,36,2,6
71dd88ed7515a26c368d052404919260,0.01048319786787033,1,326837.0,229,3,6
74e853c966bfc8d8d7b274708d30c01d,,0,,397,14,6
77520aae32e0c58ca37bfbaa958d3068,,0,,5,1,6
77e2762ae79d5717b022abe6f0745996,,0,,7,4,6
7c26744817be1c43cb3594ee3854c504,,0,,1023,35,6
7e20b7397549b94dd03608549b037b63,0.004169254098087549,1,2870325.0,57,2,6
808196b8d384b834473dcd95a1b602e2,0.2316533513367176,4,23697815.0,8,1,6
81f60ed81ab1fc2dffff6e68723b81bb,,0,,1,1,6
82fdd61cfd95aa71ce29b3b39b18b356,0.1728358417749405,1,4895371.0,51,1,6
852067a457f95e128a72a1b93b152d45,,0,,526,16,6
8c76c22aeccd0f1ce2befecfdbe82b1f,,0,,55,3,6
8d731e390622036ed446aaca6ef7028e,,0,,212,4,6
8d7786a410fbcd9a7965ee48b3adb6cd,,0,,70,4,6
8e53df2ab3a54f3fec1dc1be859e8097,,0,,9,2,6
8fc0fe18e8b4ce9cbe6d705d2b99579a,,0,,8,1,6
92e549645c6814798d49c108c708c510,,0,,251,4,6
93e432f9ea486367d75527967bdda789,,0,,4,1,6
95b401be17aa079ea6508a1421abce9e,,0,,12,1,6
9700e1bab2b47159e5108c7f47f91fbf,,0,,567,21,6
98fba1843b7e1708b5cf36130be86590,,0,,9,1,6
9b32bc635545f0701d55b5d814003fb0,,0,,6,1,6
9b46dda5a9a6249c131f707ed631a45a,,0,,40,4,6
9c962a39a128ef078c1359b61bb7713d,,0,,1,1,6
9fe9d95a3b761321b797546bc417495c,0.060120001435279846,1,1639315.0,3,1,6
A28CA3C459E447A4B633750A3EFB4493,,0,,84,4,6
C4076C305A4E4C8E97B3E1DB049A6B75,,0,,12,17,6
C8B129568EEF4ABD9E6B791385D30528,,0,,48,5,6
DF6FFFEBE5BB49508524943931EEE6B8,,0,,3,1,6
E20A4DFF5DDE4081B7B88AD53396C159,,0,,2,13,6
FFB60A7802C349C68524C44126F10FBB,,0,,86,4,6
a493fb4a0507ae77412b1e0f003b8325,,0,,123,6,6
aa3f837ac60d7bc70da00f30e25201b5,,0,,8,1,6
b43191fade45bfbde0c4934918b947eb,,0,,3,1,6
b86bb3f58079f82813bdbe73472feea9,0.004342212341725826,1,4694108.0,504,18,6
b946df8f342e4f2e0c01ca651d84cb3d,,0,,116,6,6
ba0e876f8a3602a550353c49cdf7510f,,0,,7,1,6
be7a79eb8a50b55e43de7be2ae85fff3,,0,,657,9,6
c1a1700c022b4f82a0efba6aa16ab894,,0,,1734,27,6
c2a00ae1468d01b723d68ccf50135b85,,0,,986,15,6
c370030baf8d328974527240b51ba5cd,,0,,5,1,6
c532c95e26cb16385d874b9f9abfe932,0.001815352006815374,1,291380.0,28,2,6
c65f69b3ea9a3a7ba6807d7f5f4afb82,,0,,6,1,6
c893ec13bbb8e11d1b05debda17ff0f2,,0,,2,1,6
ccbfed8e99153dde839673de168a11fa,,0,,6,1,6
d250ad060d15bd208fa06971bebec5fb,,0,,468,9,6
d25fcb35615d7e60a6c1c5ee5c9f9563,,0,,12,1,6
d313fa15c7871f35cccf2b9980752c8d,,0,,71,5,6
d5b4208f345c2cac0b17a4c278343e01,,0,,8,1,6
d6b61b1a806e90ea6a7a291d1e01b235,,0,,14,2,6
d8f223e14b9118a71b72efcb19efda8f,0.6714000105857849,1,746742.0,83,4,6
d95ae985f5b5569e9fa35931b8b1c736,,0,,6,1,6
e392334016b660a22506147063275658,0.0366358645260334,1,414.0,1,1,6
e49841506bfef4c8943b00f7eda5000a,,0,,6,1,6
e7b431075e2a73a5634da83980373d18,,0,,4,1,6
e7faa9edad4ac4bb6854cac66dabeec8,,0,,367,26,6
e8209de0ba458986654aead012ba2517,0.07883956283330917,1,1608.0,1,1,6
eb73177bec336e49eb29e6c0aa073d89,,0,,11,1,6
edf05d8c6d42b1d2ccb2fea0f9ff2ad4,0.03248243033885956,1,23080.0,8,2,6
ee474c01a69b3c37b1c58fedd33496ef,,0,,40,2,6
ef7dee59d0d64cd6a62af597c1c6a970,,0,,5,1,6
f58b49ec262158dfbc223a46d4736cfa,0.0036847000010311604,1,6903.0,7,1,6
f76ef2cd8ba1032e21f0fc3e19d21169,,0,,710,18,6
f99f62a3b3b1ee156a0b59aaf3e30b3d,,0,,1,1,6
fc39fd110ba3e49bcf6dfbe053bf427f,0.0026694939006119967,1,1145.0,2,1,6
fd86388fa4460e0f447379b52f314500,0.007816528202965856,2,1457327.0,243,7,6
0220e4298f96657d38300346dae53cdb,0.6067730784416199,1,16275.0,13,1,6
0dedfb3bca83451c8b2dc77f54e63eda,0.009999999776482582,1,1764323.0,352,10,6
403e57cdb32f9e0a8b218de20e84fee1,0.002157204318791628,1,,132,23,6
4bc93781e9491035c5610e9212f83318,0.0047262972220778465,1,1410957.0,223,6,6
4e08f8b29d5ed776839da978ddb911de,0.0032569848699495196,4,1514111.0,295,6,6
6b6a652049c704dd3709bcdd94a17117,0.019116558134555817,1,1082125.0,139,4,6
70887e3cd6b1909eb728091f09548dea,0.04252341017127037,1,2195448.0,70,7,6
86a2ec0429a11edaf2dd0e70c4d7f1dd,0.016758466139435768,2,7501171.0,300,17,6
aac05acea1a1895bf74be47b58202c60,0.03533366974443197,2,4035.0,7,1,6
b54960a79e6b3301a01357796e253f10,0.11969771981239319,1,31781525.0,16,2,6
b99d44c40291692f4cbd81ab2e9d5e11,0.05603674426674843,1,63514.0,13,1,6
bbd19b51b5314c312322201c449a6470,0.003535768832080066,2,116373.0,26,2,6
d28f86d4a6bbf1537ba58949559e0886,0.03483335301280022,1,102339.0,8,1,6
d6826fd9805c009e1d0dc08a0dd88733,0.01597515493631363,1,4114931.0,474,28,6
e07808d33c9cba6af5bbb0307852be41,0.01806720718741417,1,18247.0,4,1,6
e73fe9e611ff7fd16f13298b337c5ada,0.004069049842655659,1,368260.0,26,2,6
ecb780b22aa38f797b759b5c3f3d7589,0.0021643447689712048,1,1326769.0,568,18,6
ffef7aaf8c0f9433b873613c1a4ac685,0.028446700423955917,1,6450.0,3,1,6
94a974d626f7d3c3cc18bdfeafd197f5,,0,,2,1,6
6fe79fa67dbe9107a228314b0d2888d9,,0,,195,10,6
7526A8AD439440F8A2CA3E90CD961196,,0,,22,25,6
848e5c6176fe8b7a4338cb8048ff6b0b,,0,,14,2,6
fe52ae52f136ca9824951201724cd47b,,0,,23,5,6
001331a8e2bf4a216616cbd6ec454392,,0,,122,6,6
07ea6a9baae6ce933ada201228570b9c,,0,,88,3,6
0b1a380496d2b6bdcc1d005f63918d3d,,0,,633,11,6
1096d4f3d72269c328165c75a1229e6d,,0,,11,1,6
148be7404edbdd888114e7b50b1ebfd5,,0,,876,20,6
15e72e565d1ac9ff4bf3e8d6ee6425dc,,0,,48,2,6
1dfd6dc478944f53cf0b27750db69419,,0,,151,6,6
30a4ce3acf072a3453dc57c709b7ff00,,0,,8,1,6
32be66b7c5907089ac6c259c48e09ddd,,0,,3,1,6
32f58d920cb3cffd2a7473c66096add2,,0,,437,10,6
341948975a84c5aba0998072f74819fe,,0,,574,10,6
358bc5cf95801b08a7c5ec84d376aa51,,0,,167,6,6
3A8FE3576181458397899179E2E7F3C7,,0,,55,2,6
3f6a8100aee9437dad50fb31ddaa0f9f,,0,,2635,29,6
448c0c7d315ede6ba65448799cd61f29,,0,,6,1,6
4c93b5ee2fe853a9fa9dd0db89920483,,0,,274,7,6
4e4a3fcaef3f9ff379b6719de9ca19b2,,0,,128,5,6
4ed2bdc138aa9a44af1a89abdb6d7aef,,0,,30,2,6
518259e7d3ad526a7e74f1bacfd25fb6,,0,,115,2,6
555504cbc8b0430e632da6b5eb236e2c,,0,,12,1,6
566b91fc68fb7f2c5ca4c0f818bbdf6e,,0,,44,3,6
7220e84d598229eac6ccaf6ef08a4171,,0,,45,2,6
7DBD9A7F86AE4690AA5B17DEC0879862,,0,,405,8,6
80577c68da312a5d56de7a0e56bfa39e,,0,,507,15,6
92f6cd46663954d79753dac49cbeee10,,0,,20,2,6
a083e1b7a7251dda4af2373cfbf2c48f,,0,,117,4,6
a801bddb07a07fb62f88f05c18b3289a,,0,,4,1,6
aaffa69bcad4ba8436136e9124d8a06d,,0,,137,8,6
ab548efe3301d73afb3f64c4b7fc1719,,0,,3,1,6
acea9b15b699268d98433b32157d96e0,,0,,4,1,6
b3fb3a5022c64e0bc66c01fe7fab8b6c,,0,,17,15,6
b9c454af838a5909de6f506a717056e4,,0,,563,15,6
bfa154c544dc15ce62705673ea4b2a0b,,0,,159,22,6
c7375442fe352ab13cbf3b31b5273aa1,,0,,5,1,6
cc964a7e30173ca62b0d74fdd0d98ee1,,0,,1,1,6
cfd295e9b42c6c7aada6f4ea10bfe9cd,,0,,160,8,6
d34671091d0c657709920a1752ba9608,,0,,4,1,6
d3b548baf983fb331e82e5238ec4ae20,,0,,1011,8,6
d8de434807e5a6d365433ef41233d187,,0,,57,3,6
e77cb16e9e617ffc82df0192ed44e261,,0,,115,3,6
f32567b0d3bf6801e455eb5e7f7bee85,,0,,277,11,6
f38224f77465079adab4733938abab4b,,0,,7,1,6
f497473e65d73ee34956ef951ecc78bf,,0,,187,6,6
f7036f37cd87a12f7782b16cae918899,,0,,394,6,6
f88e63f58725df3c07b283ed469b869e,,0,,6,1,6
00169d19043a1d1ed70d3dedd472c1b7,0.015811130637302995,5,5299912.0,25,2,7
01b45be124460e1a1fc8a4dc1bca8916,0.8151157880201936,64,261619.0,70,4,7
01c659815ce93283fc64c2ed7e25b5eb,0.019889071583747864,3,1772354.0,212,8,7
03560b0f3217a93264e6da68dbee7d83,0.3433111682534218,4,6751.0,4,1,7
0546cae56d4adaec6338e729b9811046,0.2738885600119829,11,9607043.0,4,1,7
0554052a8d109251b7ad25e8fb966554,0.1435702305752784,29,68067.0,5,1,7
055ef540017895b3ee9b617f770dd0b4,0.06891788181383163,23,3427863.0,693,12,7
0588CF48184D4C4B84D84D438350D441,0.09717593053726922,5,5179378087.0,299,7,7
05e988be7fc43813df5889fef69631ec,0.26887163519859314,1,4934.0,5,1,7
0687f09400c256692691e024b1262ce1,0.009899596218019724,3,5094022.0,737,14,7
06C714E7F3524D07B4CEE0E3D2B08DEC,0.16524111036855915,50,89513.0,24,2,7
06da56bb26c21d807b937979f9f49d75,0.0726922502508387,65,274512.0,17,3,7
0757ad5a9e725b7b5fb5d1994d335fe4,0.04811404622159898,45,97237.0,19,2,7
075a0f2f9ab4d47da7c0a83d6660f933,0.01018007518723607,2,1983035.0,241,6,7
07F9EB18BD4F4994AEB7637E81B7E3F6,0.3012456347473144,5,1732784912.0,192,4,7
080290b7edf28b0b3d3ce43c213fc586,0.10342661041067913,67,1625173.0,348,14,7
09F30071206245E580B29A55A20AE7AE,0.04334344100952147,3,5147219229.0,9,14,7
0B9A6693AF664BD6BC4B6C32C9DFC4FC,0.21999044599545653,24,6929513731.0,226,6,7
0CF90907BF1743A380D70A041EC04052,0.1167436424359436,24,38038141973.0,482,23,7
0b11b62005092475eea3f7e903e23b27,0.09372896840795875,6,10106449.0,380,9,7
0c6bca044443b3d5459611dd159092c0,0.08151181263383478,42,6524988.0,8,19,7
0d48015e0a346e44bae98d375258d676,0.012369994074106216,1,,256,9,7
0d8591b3ed2307e435538aff27169a90,0.005416601401520893,13,4765477.0,1302,29,7
0d9986e9061e8a07a2d59caa0aa0f3cb,0.6247745864093304,16,6795.0,2,1,7
0e582f358f8b82143414eb02600a1bd2,0.22217199858278036,8,7762249.0,511,7,7
0efcc40602d41c10074e40525b29a0be,0.8440018678084016,28,6008.0,4,1,7
1087e34e1f91c9718731c495ff5d5474,0.1691464432515204,14,8163711.0,553,16,7
1234CEC6F81F483081E0127DC89E85DE,0.38506059735773795,47,16860.0,3,1,7
12a5cb6a1501d8b28afcd9432a11144c,0.008793487912043929,4,14645.0,8,1,7
1312b2a2c05e97caed18f8dfb7830f0d,0.6054162443615496,15,885841.0,569,17,7
1389800219e3c9f6f16c5ff7d2683e1e,0.007612986722961068,3,864228.0,56,4,7
139c076f463b0e0d9c0183d925d28d3f,6.384809046983719,81,42836.0,17,2,7
141dd4a86b60566910ff2df7190663e8,0.0019713472574949265,1,11782.0,5,1,7
14ed18f0c9ed8863272650f2cea80f50,0.05329144845018163,103,5890947.0,974,24,7
15ed9b79da32276cf71f67c31ea9e90d,0.03341552219353616,15,212638.0,70,4,7
15f15b23a758bb2d9d0d61d9f5017003,0.02723852079361677,3,17998.0,26,1,7
1661192594514D61A4A010C51A3E3A82,0.34266113414688115,21,27186141175.0,392,5,7
16e8989a4aab72a0fdde6a2a9ec7ebbf,0.2219718445558101,56,1203621.0,276,8,7
1730b00d8ae17eef9521c6f39b58d8f9,0.012308362172916532,3,,43,2,7
17FD1171906A413A95D1DB35A33DAEFE,0.17843032646179197,6,8925.0,2,1,7
17c40672417983ab9437a186aa46df6a,0.25008441507816315,3,40796.0,13,1,7
17ca476057f48b40f3871a20f136546a,1.1214155973866582,62,1999345.0,233,13,7
17fc7bf43f4c4a248f657d8c019d1408,0.865389034152031,5,4608.0,5,1,7
184445e5046be64a2d5b53d2b8a619d6,0.04050916153937578,19,2320953.0,453,28,7
19a82e92206ff0633978d6fab27d148a,0.006178214389365166,8,1080006.0,181,8,7
19f3db35fc052eefd8d559719c1b3b6b,0.02042704215273261,5,12140.0,4,1,7
1a50b54d800c56cea45787268d5d9624,0.11693952232599258,2,244012.0,48,2,7
1a7bc8383c42b4a7d8e04c4117f7b1fe,0.05436476191971451,24,15896.0,13,1,7
1a959d7eafab882cf376715f10e4bd7a,0.3269112263806164,50,198125.0,40,5,7
1b6fb2657a829faa5ed712ecb2258755,0.7349304212257266,28,18250.0,3,1,7
1bbddb2b19b3ebc60034cd4158ba7ca4,0.010738876881077886,4,7408613.0,277,28,7
1c0229ce263c3f4ca271d52805266032,0.15760336630046368,7,1991440.0,21,2,7
1c190d61647b495d57acedd9d26fda6e,0.1189780835993588,25,33030.0,6,1,7
1ca885ae766c6bb929dce9e6766cad14,0.01958776661194861,6,,215,14,7
1ea53be3463c4486e3d53366bc33bd3b,0.18770215474069118,7,7833.0,3,1,7
1f5155f1a3c187c859451bfe0ba6d262,0.006481133168563247,2,5711118.0,492,25,7
1f6855b89be4bec0e5702f0d76312f44,1.0197916328907013,8,1125903.0,362,12,7
1fbd96281d335e97367e3504cbafd334,0.1404785822960548,129,9907.0,2,1,7
1fed5ae8454ae0ede46ffa9811231b2b,0.1629341896623373,5,703761.0,139,5,7
20A3EA3B58084FB8A24FB0F2AD7AF872,0.17275990846253486,41,39869782090.0,215,8,7
21001a333dbea9da0e5ac19d371c5e4d,0.04962681182951201,64,4809272.0,630,21,7
21711f05854583c937fb2bd5b200221f,0.3997746016830206,12,248116.0,49,2,7
219826115f252a8edede0b2971a44859,0.04559924779459834,9,32032433.0,1,1,7
21cb903b9281ac724d4f5d453b046e9f,0.11685735994251445,74,3380735.0,399,16,7
221e93eb3c342660a590ab5153f7abf4,0.0018643660878296942,4,7540.0,3,1,7
22bc84512930cc8304207b2903092e65,4.33640718460083,24,8584.0,6,1,7
22e05bcfd516562f05a747f4ad3c2328,13.115417834371328,28,27789241.0,4,1,7
23802226b5c6d9b59b81ea93458f9b04,0.16072634933516383,31,8942.0,7,1,7
23fd42bec4ff4050f7c9fd578e25de86,0.087879728525877,6,7641.0,3,1,7
2402d101d66a29ed03a7b074178ed5b7,0.0035910389851778746,2,,238,9,7
24306466ACC548A389CEDF97E4AA0961,3.4658990867904222,145,57260800642.0,24,2,7
25FCAB89152443759B0A4E4FE599016A,0.29816172027587895,12,36342802226.0,324,7,7
263f519377b1ba3162fee59c64544c96,0.26874618604779243,7,941718.0,103,6,7
27180728d222c8e42430ab3a2464336e,0.012715997057966888,3,3087135.0,725,25,7
2812426586b5ac97f8cd73e6171a3d66,0.17596191773191094,16,203074.0,38,3,7
284e8dcdc9a400496fc26567a2f74fed,0.05420226766727865,25,816585.0,146,7,7
2865a5ce46ba584b8d8af28bb926e66f,0.04348124354146421,9,334283.0,58,3,7
287372eb0445b8cee56a62bd2eae2d9b,0.23565855156630278,9,6367.0,6,1,7
294f78612c5f15127c7cbc11c19229ad,0.008408588182646781,10,2912978.0,838,27,7
29b4b8efee4d96e678b771d52d0ac266,0.01777951407711953,8,91163.0,18,1,7
29c60a960011b82ae26725e60e99d119,0.004144211707171053,12,3390064.0,315,11,7
2a0d98d65ced899f76a2a55e07e7f3a1,0.009309649009082932,40,287362.0,59,4,7
2a236e6ef2719abe008c6b9f15cd58d2,0.1450175866484642,2,9355.0,1,1,7
2a8fc09c7a626fe184231a681744b1fd,2.1288268206408247,146,572659.0,182,7,7
2d1bc67fc57b432a8a5d22566aa055be,0.021779287606477737,1,440830.0,145,5,7
2de14379d13825f0dd06ce00810a6626,0.10882779723033309,18,925939.0,42,6,7
2dfed3863300df6faf10dc2b4c176f9d,0.5076396381482482,23,621143.0,81,3,7
2f159d5c9c711c87407fafc613988f2c,0.058461607433855534,8,276767.0,99,3,7
2fb802acaf522e94d92514846cbabc69,0.06532997998874635,16,1586757.0,37,11,7
2fdab46d3db31ac409094ede5f33ee12,0.7319961674511433,5,6282.0,1,1,7
30514cb8df7e4f38015660edb85112ec,0.1045103995129466,8,7730.0,4,1,7
319da154916343778d24900b48782957,1.2071530669927597,12,423715.0,3,1,7
32c940d158facdca7f12f91f28a407cb,0.005721049848943949,5,317161.0,26,2,7
3335d9ab24e2f45a0247ceeff1e338ba,1.9294230490922928,7,9710.0,2,1,7
33abc622f4ad1152e0a5a7eef23faa4b,0.012947794632054865,13,5153473.0,852,15,7
346a722f980cdced69af8e3023f3bf53,0.06138668581843376,1,3257598.0,293,11,7
348feba62da153ec07f1fb61042e170c,0.045017408148851246,34,51758.0,15,2,7
349658152fe5aecd68dea4e0e0290977,0.05294121475890279,9,17313.0,10,1,7
35e1d0213021ce39a8c30b8b212f2579,0.1037184742745012,57,260904.0,82,2,7
35eaa6586247cbc9f03f97efbef73e8b,0.055063953157514334,6,9407439.0,2,1,7
3645679cb19b0b88cb9263fd72b06c77,0.010368762770667672,8,278468.0,82,4,7
36b7d50421dd8cfe25cac9a1bf37fe06,1.324690092355013,40,60454.0,5,1,7
370ef3bbdbe7409edc6c73d48b96abeb,0.04211136931553483,6,6981374.0,146,7,7
376d1a05da5c354a93a55d5162df3005,0.06741869449615479,2,4400.0,2,1,7
3808cdee30092ee94b405b9d46fba37c,0.004228247562423348,2,323011.0,51,6,7
38bfdf25e6e6001e9bc78c3fbfc0f678,1.5678076930344105,24,131895.0,42,3,7
38fc760ea86373ef776c5b392147e75d,0.013387533137574792,5,952146.0,76,4,7
39ecbc35430433d80eee88ba3b495430,0.011398919283237774,79,1904172.0,273,11,7
3B4A2DC1A3B748BC9263BD0D9D66E7ED,1.253453121032936,33,6941001860.0,11,1,7
3F3F9236F5354A4BAA5C5193460441F1,1.048616011394928,72,8672771006.0,84,5,7
3F44D8F3BD7944D4B8EFF5665C776492,0.32414287150715426,26,88333.0,17,2,7
3bebf08e2042aaba9a8fe3df2182f82d,0.10977813950739801,24,79288.0,9,2,7
3c4a010c553d956a04f83b8ff9866d39,0.8117681220173836,12,89115.0,5,1,7
3c94f2fb6ce8ad4ffc1775782451f15f,0.028932926070410758,23,16387.0,6,1,7
3cd594ebb2a5b86359ad1aae382c58a3,0.23048414615914226,41,3105609.0,455,15,7
3d537ccebdd5bd06b17c20c4792f1490,0.14774517063051462,10,12355.0,7,1,7
3d949a5d0732f33938f59e1008ab98d1,0.003323052078485489,1,3622503.0,628,26,7
3ecb87891d6fac6717ce24123e1b0592,0.025669800001196563,9,7583.0,2,1,7
40cb90827602349792fb0c91b789ce1b,0.3040092159062624,5,9393.0,3,1,7
415d51fc3b6aa4e8b96669e648546161,0.013002164429053664,3,4876.0,2,1,7
415da6037d39b51a6d507f5ae8fe8fcf,0.2687624040991068,21,2709701.0,143,9,7
41B454D059194CCD92F28FC384C5679D,0.28154602909723886,47,3470741010.0,3,1,7
41d8649566d681845c516ee44dfb7a7f,0.023291999008506536,9,1265707.0,159,4,7
4230223d48d7202cdbb4f4ac9133fee8,0.05987287685275078,1,374147.0,55,4,7
424cf22cfaa8828338b29d6328846aaa,0.010400911793112755,1,35647.0,27,1,7
425a15c53ddac4f6f2db259faa7b54a4,0.13687126152217388,4,1320589.0,68,17,7
42e8bad5cb7a21a31e696ce8ec3bfd8d,0.004594118916429579,4,,410,8,7
4320defec3484a42439c69006dc1834e,0.021324919303879142,8,1271744.0,178,8,7
4322560bd77938e6738979bc5fddb9b6,0.02280470309779048,9,21067.0,5,1,7
43278ab8e6c3f42ed80e8e01f79696aa,0.1517045795917511,4,120040.0,8,1,7
440497cf718471f16a985dfc03af9929,0.01878872513771057,2,1046088.0,277,10,7
441a3f155c8795b551db0019fbbaa64d,0.0033557526767253876,6,1232284.0,26,6,7
443a2aa37a143a5f55726fa87742757a,0.11489393003284931,9,75640.0,8,1,7
446D222CF6E7438BABDBF711B009B5E1,0.15043546830653906,22,5205146776.0,46,3,7
4521678564a08b5a0c623316da9d3fc5,0.3947720926371403,98,2324853.0,607,7,7
464d4efa08ad516079fa9b8d2723fbce,0.7188008427619934,1,4055746.0,546,19,7
47155eb0b7f58a5b778f85deedbaa381,0.8184453565627337,114,583993.0,65,15,7
4767ab8ee6c0bebd04e57c2fe694f784,0.006863673683255911,1,5353.0,3,1,7
48055EF52491426EA2578E71D23E0D3A,0.13137621969299318,5,3469630311.0,16,1,7
4846b7517a9959179809261f6391f467,3.9350384324789047,15,1512343.0,99,4,7
488cfebf01362f32c3708cd3d532f603,0.1966638807207346,9,2378082.0,638,27,7
48df08bc9e68ae1c9e551a06b407e12c,1.4608386550098658,32,11573.0,3,1,7
494fd13342503f86a218d44db19698fa,0.700000025331974,3,92495.0,17,2,7
498f5088e716eefc8ca8060f8dde9096,1.1803382337093353,3,56479.0,15,2,7
49932210116343e8f5caab0b9269ff02,0.17756503634154797,9,13314043.0,6,2,7
49998e0ac0739355508f67edf3d32ea0,0.015241257031448185,8,482286.0,142,4,7
4FFC121C117B4B278EE7FE19ED162CF8,0.030320281028747557,2,8652678931.0,176,6,7
4a218a9af1f8769ad104cf4074de5d01,0.008238858543336391,2,1357785.0,15,6,7
4a5e7b0b873112dfc8d4a415553e50b5,0.03188289329409599,1,1044661.0,136,4,7
4afb31255098b8856f222876cb45a575,0.22394937044009566,22,4136875.0,85,4,7
4b503e5df1db418f5c2673a22cf1fe14,0.13050155201926827,38,499717.0,69,4,7
4cb983da333b0a5b5d05deaf40a28b20,0.006174062378704548,1,14240941.0,2,1,7
4d57986eb8f5928281f4db224a888802,0.034280132269486785,11,3272439.0,421,17,7
4db4a2cfd7614ce87c182a0be7593c05,0.05206842254847288,8,265427.0,18,2,7
4dee9d1e496121bcbfed4f9a4f9ceff9,0.01902012061327696,2,5279541.0,41,30,7
4e35f7439a7eafb99b7a1c1b2628cf62,0.32056964171351865,326,1053449.0,139,5,7
4e3d0fa22d9439937127c89561ec1a08,1.362127061933279,4,9179.0,2,1,7
4eb43df39f94c848fc445d0e9ac354d3,0.006080489547457546,6,23731577.0,71,4,7
4ed27eb5f82c1c5b1e5c7a2af6803934,0.05485882796347141,5,20207968.0,4,3,7
4f7edad2b4ad78178e8bc59fa68858ac,0.6498932838439941,6,3004806.0,25,5,7
4fc78e52b25f8d96ce01951322db4d39,0.10904266685247421,14,660145.0,236,6,7
51616c7523df32d1e9c2c5feebc82285,0.01272556185722351,2,5970.0,3,1,7
516bf037a254a70a9549e1cf0a623e15,0.015366824809461832,5,242492.0,21,2,7
51891df012ececcc0a68a384a73afaa1,0.22209877520799637,5,414791.0,108,3,7
51911a062c89bad787d64a38a70b2492,0.024317215429618955,13,421891.0,42,2,7
519f241d88d9e586c7303e2b367805d8,0.028734922176226974,22,1493774.0,135,7,7
51cb7a12d335d19eb2392691874b6ad9,0.02448354393709451,6,4161305.0,5,1,7
521a5c191121727f0b67266844b2aee8,0.04177623614668846,1,518521.0,30,2,7
54ae79386a53d34b40931d4a3f83d146,0.031268573831766844,2,10377470.0,135,10,7
54bbebdfc0759030864b1c0b0ecfcfdc,0.029263153206557035,6,13380.0,5,1,7
552d3fe47c4fd1c65a908e2272636802,0.31976440735161304,9,1116201.0,162,8,7
55b356df38106b1c933b1e14bbc0675d,0.01979916961863637,7,401028.0,41,4,7
5668f9ba8a800fb47406ba012504e105,0.049255280289798975,14,6376204.0,131,6,7
57220162ee82e62536bd777663c7bb26,0.050827535800635815,2,2843299.0,85,8,7
57e2e3607b241d942f17679030ac6b8b,0.0959210004657507,11,142168.0,15,2,7
57e939f50f918420e6c0516d366f3136,0.009372904663905501,2,3123223.0,24,7,7
584761056CE54A6FB37EF2936031BAAC,0.040158997535705565,7,1735029927.0,75,2,7
593511ca852e981c7560eb1a4bca7bde,0.048494892194867134,6,357795.0,223,2,7
5EB7CB3D17DB4AB884F0C3FE9641CA56,0.08793702160685263,74,6929631521.0,257,10,7
5b4e8b2116f42585ecb48d49f0eb08c9,0.14912482909858227,5,27564675.0,59,4,7
5c2cd90aca482224ed2f4b6c06d0ee27,0.06417483882978559,17,153113.0,13,2,7
5cea8a26ec9e5782ef6290ec850ac261,0.028992248000577092,12,390036.0,46,5,7
5de4e38ed4ce12f7ef8a7c06d611e235,0.04245740361511707,2,508250.0,9,1,7
5de64abe2b323aeae15976d062832fe3,0.11185353621840477,14,16682047.0,29,3,7
5e46a0773e1832c0a8ef383ce5d0f95c,0.015967600978910923,6,1096680.0,201,4,7
5e9a06004257bcd8e8e7cb827a539359,0.09587552212178707,4,179246.0,68,3,7
5eeb80832a284810c07f604cd3ae5534,0.14089644723571837,65,45484.0,3,1,7
5f03567d7a26f7946ec34620dfe22ad2,0.02441051136702299,7,706666.0,132,6,7
5fea69dc41cb9f6ceeec44f01701aa54,0.007953913765959442,5,2567487.0,672,13,7
6135b825f371db13c9584fef3e5d4c2c,0.03862997330725193,4,7488.0,3,1,7
6218ce0432a3d100b22b69fadaa60dc8,0.18877203739248216,56,1857116.0,1197,19,7
627a8b4b3be9cb41620f4a61738f5f3f,0.0026578311808407307,2,303272.0,20,1,7
62ee4d50fa2e974213830417ad29ddaf,0.028387899044901133,5,61634.0,3,2,7
633b9c3a83dcb9930a551b94e263eff1,0.04973693145439029,7,4694.0,3,1,7
63939fadbb043e2148bee348f06af970,0.00681604073906783,20,351292.0,63,5,7
6401eacba8172a11711d78e5b3430ea0,0.09200896648690104,100,2201760.0,587,7,7
645959133c81d1c88f01f777d1ce17ad,0.10094402392860502,41,1149652.0,120,6,7
654729F306F34817BA678B5FD4430B65,0.18806757354736325,13,170597.0,18,2,7
659a89683452b468971dd226cb1a7f3a,0.027514110319316387,2,697082.0,91,4,7
67b39c8052ccec1e0be9fee3db8b400f,0.0267682073317701,103,315837.0,91,4,7
6854f1f489790796c32f1d4215f2e540,0.05625447817146778,7,510524.0,352,6,7
6861ef680f512ba8d137dca906303a7f,0.02493791189044714,4,3417375.0,758,18,7
6927c4ea8a371d42d19cb98af13dc617,0.09894866147078574,21,1149732.0,94,6,7
69a067f29b4df766e048440dc18e164d,0.04458334075752646,23,,174,4,7
6FD4E35F46C941248F93C419D5E7D6B0,0.0897253646850586,1,89494603844.0,128,8,7
6a2c2ac3e313ca9ddee37668961d4f81,0.03449609922245145,3,119436.0,5,1,7
6a65b75bee51176786a2f7ed5a68e510,0.015890321927145123,9,687184.0,49,4,7
6ab14d978245a4a8a19d5b3a0b261a16,0.017581786611117423,10,512037.0,40,2,7
6b81cd45f512be481251623fae5b935c,0.010340355802327394,2,3264429.0,178,8,7
6ba203d97d91a3f568bd01dec2c306c0,0.021743876859545708,1,14889228.0,12,5,7
6c16304c7e5aeaba00e0aee56b02736b,0.8804186088964343,35,20273850.0,1,1,7
6c6fbaf78724d72e90700c711a849234,0.019867388997226954,8,27743.0,7,1,7
6d32a46a3a13e3f91953929f5414c2fc,1.6626743786036968,75,39241.0,5,2,7
6e107c783a3195a841dbddac3c9916b4,0.015990422572940588,14,1573583.0,614,15,7
6e7e44a370300c0fc0304fc80d850a29,0.04569921875372529,7,390835.0,41,2,7
6f38a04a236cbd510c41491223a84404,0.02987596718594432,12,1336492.0,56,4,7
6fccf8f70968d571fada9fdf9eeaad36,0.11611491470830515,114,2018488.0,156,10,7
6fe6b5f45263cbe9a6394cb85dccc285,0.02748199598863721,23,1501929.0,258,18,7
716ea864a13c96c45087ec3dc0f3e6d4,0.026511198608204722,6,1864876.0,196,7,7
71a913d1fbffe6606171119a8ac4d0e0,0.007935330446343869,6,26279.0,5,1,7
71a95d975ef9e1c8547d354a117e6027,0.02429643797222525,11,2175421.0,444,11,7
72537cbc523a2d5af9672238edf05a75,0.2562333755195141,11,35339.0,15,2,7
72f71d53325f23cc8d3fd696b7dfcb8e,0.00232702714856714,2,1145341.0,138,6,7
73d7685fcbb28212bc0816c184c3ef9e,0.14372555818408728,7,,714,26,7
744EDA4D81704E9D832AB0FA8555D861,0.2740133414268494,24,663072.0,141,5,7
7467e36511122d6aa90561b685ae113e,0.010131057351827621,3,1025412.0,258,7,7
74e31d52f2130748317f70aa0c71bb95,0.20783921144902706,10,14237.0,2,1,7
74ed20a733099835c03ad128df02a97b,0.266902819275856,3,679786.0,104,6,7
75d8c49d51f0d7b0994e7f07be0b6edb,0.4434523116797209,28,241139.0,34,3,7
77a16edac43654137a471a3617dd82fe,0.1073041488416493,12,531432.0,124,4,7
77b1c7f5adba8979309fb2058164172e,0.4417337393388152,27,1033331.0,271,12,7
7831cab3fe0476d8354cf09dff359511,0.20468627661466599,2,932125.0,242,6,7
78d5905bfeef9c70f432d613989b9c42,0.043949807062745094,2,85264.0,24,1,7
799e9b32222aebdfb894365b704db581,0.04223093972541392,10,27386.0,9,1,7
7a4f9106f6d39696a3152f2539f4f6b5,0.1794511117041111,4,1197962.0,103,9,7
7b5d8b29b8191c34d0045ad4de0168b6,0.2016121365595609,66,121937.0,26,3,7
7b7394081f50bc3483fac1fcd42ab17d,0.1544335214421153,17,12814.0,1,1,7
7b92703cd280753583642065e19e020a,0.011158400971908122,12,,3883,17,7
7c139a44da467a8a8c4fe1296556e8cc,0.03284629009431228,30,412261.0,74,4,7
7c6eb07f253124a584858a48e14c30b8,0.009982798248529434,13,5255290.0,1207,20,7
7c99b9f4aeb84246089cd8717ac862d1,0.3365107700228691,6,1643515.0,132,6,7
7cabd84483d87b36b81a814c3f88f7bb,0.6932203946635127,42,21907.0,4,1,7
7d6d0113421009d60fe03cc6170c137d,3.2309456430375576,29,519722.0,178,5,7
7daf71086b043a6057feadf63225fd4b,0.2098918710835278,302,570377.0,231,8,7
7db2f0941d10b727b96e7a7416b9e7d2,0.09047351637855172,26,1232412.0,56,5,7
7e32be917ec23ee26ac1d6992573cf5d,0.061436760472133756,14,43127.0,16,2,7
7e410116989772979a2e5e8d61487b1a,0.15218216821085662,38,283818.0,29,2,7
7e85632cb0ac86af3243281d7e33bb50,0.27551569417119026,33,2582455.0,1017,21,7
7ec50157fc2680323f8a79162092fc55,0.015509676595684141,41,3958282.0,640,21,7
7fbf0c246e735b04cf8988371ca70f7e,0.15468738495837897,59,33311.0,8,1,7
80483440ca5f1e6262462fcaf0993ea6,0.16889255121350288,4,1348804.0,78,4,7
80cd27b632d4bcb8efe1d8b31e9a6741,0.003895716043189168,1,630109.0,73,5,7
813ac884e0729a502dfc41d7a24d30f5,0.031580261420458555,4,1906145.0,204,9,7
81752c03754cf0629acd88f9da3a454e,0.01610075286589563,3,195129.0,63,4,7
81e49bfcafb2e4e901c42d148841be8a,0.003383076938916929,4,,565,25,7
8266f444eaf3b26091ca3182a6c7f012,0.01614166609942913,4,15639560.0,6,1,7
829de7027b05e91a5e2f465b6ae87efc,0.01197826350107789,10,2545690.0,195,6,7
84de1748c60042fb5088239fbf8374f6,0.027676478028297424,6,,298,7,7
853d5665b1a5d773ce1c49fe7bda3070,0.07751212094444782,36,797022.0,128,13,7
85473174c58e8aaa9be61142b875ea19,0.46696674451231956,34,694041.0,206,6,7
85b0f305c27e4081faa1c7740045b789,0.36875999718904495,12,25565.0,47,3,7
87970eaed26273a126322461dc851682,0.08966338395839557,74,13165.0,3,1,7
87d5c3edbaa1afa0a2a0e6d7b36c2ec4,0.013940317439846694,5,7005700.0,1645,26,7
889bd14e07ae50554cc45a54166c6c7a,0.5390056064352393,17,52969.0,5,1,7
88b4c9af662e63ba6011b13b22d18eb3,0.02831051591783762,3,451985.0,91,3,7
8956e96ec7cd1a5db890c290dd1fbdbf,0.00111606833525002,2,15286446.0,4,17,7
89a7e8c09eb8ab6ca40efcc11e6aac2f,0.26609668554738164,37,96238.0,41,2,7
8b1ad4d258e6c8eb68c5c46ceb9053df,0.006007412564940751,4,4090751.0,336,14,7
8bbdff9a093efebb59c1211a57b86979,0.061320076463744044,14,221043.0,89,6,7
8bc373580899876b6bc0ecba4392c295,0.006690917378364247,80,3751717.0,631,13,7
8c43a1bea2ff073dc1d736ae39831f62,0.016030466184020042,1,1871257.0,288,10,7
8ce2855eb227e33d5ff38e36df1c7966,0.005679117210092954,3,5227256.0,264,7,7
8cffc29ae7c980d66404a46d2d4792c3,0.025837871711701155,4,,646,16,7
8d0892c2c64c108b5424a70b64966231,0.013653233414515853,5,2774037.0,6,1,7
8d189456987b2e926e66c81346edd6c9,0.049589281901717186,6,8663.0,3,1,7
8d2233669fb0dd741b189d4cc9a88db6,0.14577873187954538,236,1399360.0,313,9,7
8d7d9fed081867152dd99b5bb6e262ae,0.29026956856250763,2,3908719.0,57,20,7
8d9bc961e3f99ba02980192c50c215a6,3.3915478959679604,16,110985.0,17,2,7
8df3031bd59fbad01aa79f521c0f5baf,0.01520577201154083,7,5501266.0,678,24,7
8dfb93d930a8ed806339c28cb382008c,0.022840690100565553,8,84775.0,7,2,7
8e84de2fc6e4d569d259cdb198e4b1fb,0.0436778754228726,23,47664.0,15,2,7
8fb9659cc73e316a3428b91ec667cb63,0.13630320387892425,23,1169433.0,190,6,7
8fd2d90d317a6891de9b340efb11c1d9,0.0858651262242347,25,4476664.0,1043,28,7
8ff574e0e59e212b277a44a409524229,0.072190186008811,2,1733686.0,319,23,7
908b89ac14dab6d894e085e257d4b118,0.3189843737054616,71,2058934.0,657,21,7
90fedda6f0d263cc9bf83e4ee787e4f1,0.0026738636661320925,1,2050189.0,249,13,7
910f52628132cefd3aed731d83afca11,0.017071345762815326,21,88816.0,54,3,7
911BD011AEAC4804ABFA8ABD2E9F395A,0.01,1,3469951421.0,52,4,7
91b9c84ac339f93d4ec39231fa0d0a03,0.30734386341646314,41,8409.0,2,1,7
9304F9B9F4D64A4797C52ED42C9EA996,0.05335682591597241,5,13858966118.0,102,3,7
9738cd04589459ed8e898154a40a317a,0.08646009117364883,3,158723.0,110,3,7
97705fbccad816b065a6d46524e335ed,0.20795247331261635,9,21664174.0,22,2,7
977f4d27bfd249825a1b7445e6f6ea47,0.09143243869766593,7,1143671.0,382,9,7
97a6c7647f2a0d60ab952f1fa50c821d,0.004168627317994833,1,2268882.0,338,11,7
985fc0fcc7a9a1411480ad1c536ec0b2,0.026243335218168795,13,38175.0,14,1,7
9910998d2a954df0197c8080a77898b2,0.04314751480706036,10,318289.0,25,2,7
9a2c1c81ff5d837472fbe49dd48442e2,0.03692089312244207,12,441479.0,134,6,7
9a4fd188a4338bb8eb1bd4846dd78d70,0.0721303066238761,47,471614.0,34,5,7
9a959b31519b3ce4a7912f37455136d3,0.04944892227649689,29,182322.0,53,2,7
9aa943cacfb99afe2df96a628a5cabdb,0.0071245270082727075,7,10130.0,2,1,7
9afb8ac7dc2d8a895665729eb9ab4cd6,0.015407357481308281,13,112888.0,44,2,7
9ba6f6434a9c310f159bd440ba56bb8f,0.04885637341067195,27,47545.0,8,2,7
9c15fee4df9face4dfe372e433255897,0.022789162816479802,6,2682124.0,265,12,7
9ca1a009f26012106d89d4065159586a,0.020525922067463398,6,6478654.0,130,2,7
9ca2ca90930295b6be77a09898c2007c,0.053189287762506865,76,2908819.0,294,12,7
9ca689997633d2f7281ee03fe6c50d72,0.10645376308821142,30,2576494.0,135,19,7
9d39a43ae5a40227ee005383581079a4,0.06806406192481518,4,5895478.0,427,8,7
9df28d9df0e12640d33474d3e33d69f4,0.14947496890090406,27,420688.0,79,3,7
9eba520c7bfac14df187aa60cce42257,1.1631511310115457,52,495077.0,13,3,7
9f87e3adb8bfce2e21f4e22850c09974,0.010665584355592728,2,8045.0,4,1,7
9fd43bd55ee808c1ca1f66a747a4a3cf,0.005834560026414692,3,765031.0,42,2,7
AFA502FDF21F4D47B64B53D21C1B6DA3,0.021656155111587524,6,205064.0,48,3,7
B021017D5A9F4380B24C9EDACADD4E2B,0.0521291378967285,4,20752585641.0,343,9,7
BE1EECC307AC45BDB4B0A3E2DB47FD4B,0.14339313067139436,14,1734416672.0,22,1,7
C2E1799D06BA41A481B6297A74D7D298,0.9407484512329103,7,344775.0,106,3,7
CA46AF84D9E04E76ABE7D8F0E2E47DD0,0.031099328041076672,3,12066644068.0,399,17,7
CAFEB5C52D29452D9D53FB794653353A,0.003229219903889156,2,39857144807.0,211,6,7
E06D67EE1BE34D2DBDB7E776BA9E2D16,0.10186410634610557,21,22552587226.0,34,3,7
E8A4E97343074BC9ACE0A588F40BDA50,0.5183435363769531,2,19004480993.0,11,2,7
F08FB559966C4C62BF62921322528A68,1.1615577823175576,86,18709.0,8,1,7
F9709F609C0A4BAF96CF7696499E650C,0.16321291849617767,12,13525.0,8,1,7
FC292E9EDA784CA0BE63EBF84117FE65,0.17047689796568108,44,112674409940.0,171,3,7
a0441664c92acfc2db2959d29823e4c8,0.007927303086034954,5,753631.0,162,6,7
a07f347ea58fefcd64df66f569fad47a,0.0036542010930133983,12,3982662.0,494,14,7
a0b7fd03e3fabdeb65bfe3b3d5d609bc,0.9988160571083426,38,1087561.0,273,6,7
a141bfcba2ef39f2301d504f08986da5,0.00608029417344369,13,442352.0,110,4,7
a2ff020811e0b555e1576ec59a545f16,0.11056216806173325,2,346995.0,5,1,7
a37c8e23539b013ddf19c7b76e0825eb,0.033076704130508006,20,198149.0,63,3,7
a3c2cf6e1930a908c4281f7c96112ef9,0.05065301479771733,6,97613.0,123,3,7
a4e6f24fca4d49bb6a8f76c22cca2e35,0.023874034930486232,45,4612408.0,1193,37,7
a54cad12acbb827c7daa80ae92887f75,0.0299579668790102,17,1293776.0,70,4,7
a561f6df85a1786d03b6bd110f828338,0.23812520958017558,53,49535.0,12,1,7
a6a428ea4578a81c0e9a07ca16881a6e,0.011070328298956156,8,55884.0,11,2,7
a710acf9608d2fcaaa3256fdba09a2e5,0.12529419735074043,3,29653.0,10,1,7
a7123b3156092c8d40bc5eaa6fde80e0,0.011319261277094483,7,13243.0,7,1,7
a72eb5b17b75f636b7d310a10e3db755,0.14833208499476314,110,2635523.0,589,7,7
a7f144dba16d7c28c23a9fac6dccd918,0.009999999776482582,1,3614271.0,691,13,7
a8a633e03ea727e25722f6d6a2cbecbe,0.05995119269937277,4,6432347.0,149,8,7
a9c00fa249ddb7bcd4b03be24066ea8b,0.007471156641258858,15,1038184.0,170,8,7
aa62c739fe8599010a866fcd305d1918,0.28001663368195295,34,4276900.0,344,20,7
aa9c9cd0ebe0db6fd1262a904a595aa8,0.02273552305996418,2,464187.0,5,1,7
abae5e2e2bfb6a30b7efb6d6b14d73c8,0.008638057392090559,3,2036129.0,167,6,7
acac8b9252e20f560ac334e7456496fc,0.07966699387179688,166,,93,33,7
acc8fc14b974bd44988966d72ecd4ae1,0.18189884908497334,73,40829.0,30,2,7
ad27bdf600367a8c4e37d3079ea41277,0.04776175459846854,5,10369.0,14,1,7
ae49aecad3f96c509ff723ce8a683bbd,0.030180130212102085,31,10282609.0,1734,34,7
aebc31d0aecc01f68a6133eb84f65d47,0.15433522721286863,26,12568304.0,550,37,7
af68732794f3f8b7b1119118ffedf585,0.09744445141404867,14,62674.0,17,2,7
b2c239a1be2264df008979ce42a2ef39,0.050774320028722286,3,45078.0,23,2,7
b5ae95e6e4a21f2bbfff6e769766b42d,0.009999999776482582,1,2867717.0,873,20,7
b6969c2af161d8d0da22d38c9d8a65e9,0.033914780244231224,5,17920.0,1,1,7
b817103a0d5d2cbff44ecfdb9e3a58fc,0.060939041431993246,8,28838812.0,100,16,7
b84aaf5289507828eef636a188d1c687,0.018869647989049554,7,637243.0,126,4,7
b8b903c08704131194c3d0dee151d47f,0.035084144212305546,2,276328.0,50,2,7
b8e5991b63630e4ec1162decd2863308,0.019375145027879626,18,218756.0,31,2,7
b962d099bf7e5d883ff22b9f59edd6ce,0.011461618356406689,1,910513.0,126,4,7
b9af54742fa847883dad41da6f4974ab,0.041781553358305246,38,316099.0,22,3,7
ba26fd707d9769b69da7c72a8c11b6f7,0.006340082065435126,13,928910.0,234,8,7
ba46e90d1871834e6cb89f3d10700f12,0.07928664376959205,10,7713146.0,231,6,7
ba6f5087738c69b32c89693e0e1291fd,0.31249940395355225,9,1169268.0,217,3,7
bb39f8f041ee5d40a84014653e731f50,0.012642618210520595,15,2708923.0,389,8,7
bc111ab10218bfbeacdeab436563acfa,0.04068752145394683,4,4582688.0,495,28,7
bccfafad27fc1a51cf8f744d0f1f7b05,0.01333599304780364,2,8296098.0,15,3,7
bd8e39efc71f77f0221b8410f43fa82d,0.7206293251365423,15,859530.0,298,10,7
bdffdac95379e7bc34d09165da3d99db,0.1319519430398941,1,8794.0,2,1,7
be1432acd10a80212b87b00dc963c403,5.719869136810303,4,2484.0,4,1,7
beaa34960382d59d3a155514d2b10248,0.01824642065912485,3,77014.0,29,2,7
befc49b03e863a098623e18f39594648,0.08230658248066902,4,71676.0,2,2,7
bfb602dc6b534a47265582eca7ee3ae3,0.035048140794970095,20,1474206.0,163,10,7
c0eed247b8e5dc0be7a59ecf2761eb7b,2.226442836225033,21,361012.0,28,6,7
c133cc5394f3446545a5447cf9e6238b,0.04854668956249952,8,367317.0,98,5,7
c1fd9d63cce8aae5dd00bd67a4811ca8,0.16053278744220734,1,146839.0,47,2,7
c2730c68ff319fb5657454bd4bd52596,0.0012918059946969151,1,29348861.0,349,11,7
c312e1a83a1e8fd22210bc004e4e6c68,0.02587899542413652,17,,560,21,7
c3b57d17d72e734153361fcad764c72e,0.09616690874099731,3,33013165.0,6,1,7
c4007329b4b10ef7afadd579018ad685,0.04361845878884196,7,1346037.0,307,8,7
c46f183b10ac322370e1b79faaffb963,0.03725505920010619,49,30173511.0,113,7,7
c4956c00b60b2e51ac77a1f7db55f380,0.12459323555231094,2,106587.0,5,1,7
c5c899a65c1478415c5b019324e0bee5,0.10755758569575846,45,967446.0,93,8,7
c6384715e0863d816ea6c91a3b42efd2,0.5264547672122717,17,685188.0,22,4,7
c6f4fc8fb774670c70ab1fe00793ca80,0.5611562766134739,4,15589.0,5,1,7
c80073c926a06b62e4f01d70ef3dbf63,0.05645558563992381,24,24744592.0,20,3,7
ca6d9881fde34fe4ec26db52ef844d53,0.23631159216165543,3,40302.0,22,1,7
ca6f30188b1324afe01f3fcc7c89408b,0.9671275764703751,13,15481617.0,42,3,7
cc394eedb290c88653b80ed5bdba460c,0.018188927537266864,83,6099189.0,1836,12,7
cc7e0eb297b73850f488ebc530685ca5,0.014617234526667744,14,3675022.0,791,36,7
cd44b53c1eb79c36797da675be886839,1.072267192415893,40,24011.0,7,1,7
cd97a9af3e2d11e3ea9b14b7eb0b7691,0.15800800611032173,96,5664949.0,675,47,7
cec48ea9cffd302d0d7825f64b1f7126,0.0183544117026031,5,119506.0,44,3,7
cf2cb9aae309ad9abdc409f7ad554dba,0.285667750518769,35,18287.0,8,1,7
d0163e5a353454fc58c43c49c743bd2f,0.005211290321312845,3,579896.0,65,4,7
d042d4b24402632da46beb3c6983fb04,0.1156782426405698,15,3598210.0,730,10,7
d0abbda3a166cadb5ada28f4a085ef66,0.029825343750417233,3,134901.0,8,1,7
d18beeb012e0ef5668c23aad90b86c77,0.06996584124863148,4,3540.0,1,1,7
d1aba79a53374c68038bb514f82237d3,0.010174580507737119,34,677243.0,124,5,7
d242afd8718fd7e3f4915acdb39f09f8,0.014999999664723873,2,692310.0,54,2,7
d24a95e1fb046ef776eb441f3a6e5c87,0.010713018476963043,3,118388.0,27,2,7
d30f2d73c9c63da32d1f93ef5d1281f1,0.017700225056614727,14,197678.0,16,2,7
d387a54a6e3a501c7e021aa346593dbc,0.04382201179396361,42,3068021.0,534,17,7
d48b7934a9f582ecc90b901545f39e0f,0.05457192374160513,53,10176.0,2,1,7
d4c2df1be35db92154848a4d66fc938a,0.111815320327878,4,11049919.0,2,4,7
d4edfb2d0b179072cd3cb72975b5b166,0.012457932345569134,1,1716935.0,373,10,7
d50e886b8cd29d7c52abb17ef387429d,0.015185215801466256,14,1022906.0,434,15,7
d6370699fbb8c7a802a676576d87992f,0.15545675437897444,6,4512730.0,760,33,7
d74f81fb51c5128ce6de4b9920624a62,0.06711304391501471,21,3287932.0,325,32,7
d7f0aa51771325870acc2a1a562daca5,0.02803023088927148,72,2416234.0,155,1,7
d95b0ee35be28a35b65d6f02e5ccf271,0.11755087971687317,6,10347.0,1,1,7
da05ce3b8a38b35b6fa9f57e94eb1a39,0.013867524452507496,14,494348.0,198,6,7
daaa43407a28c4b7d86acc928584212b,0.025780749041587114,18,289397.0,44,3,7
dbedb6eccd5ae719b79088f7d48afbc3,0.23766351048834622,76,711491.0,125,4,7
dd514032a95829dbab3c6d2b2d4c1633,0.08035369089338928,26,1358093.0,96,8,7
de2f4d18da40302a837f3b52b07e9988,0.16712883673608303,21,144353.0,43,3,7
de5edefa6e76ea0e53146b7be82d234c,1.5827180570922792,118,80274.0,10,3,7
debe78355a14ee55d482031764e06282,2.8072047233581543,7,18904355.0,7,1,7
df60738d80c77a427928c6f12c38a17d,1.0118865873664618,65,19699.0,2,1,7
df6e37a0ba6388b9d05230bb153a419a,0.15292968414723873,5,461799.0,66,2,7
dfabcb6263943ddb2a16baddb3bbdb99,0.3004710986278951,11,4311671.0,156,23,7
e2152ccc63597a7e5a3c3eee401f092d,0.02039462747052312,9,4805238.0,25,11,7
e22219baa1630a60c8ce64e3777317f9,0.005763522465713322,3,4927815.0,935,29,7
e2e356b03def01479b4024b51107509f,0.024788325070403516,22,7372029.0,659,24,7
e32a29c151ad1d73fe1401351a3043e9,0.05328487977385521,4,63410.0,5,1,7
e3409f25044db023079976065a71bfef,0.2715994715690613,8,22703242.0,5,1,7
e3e04b0c93ae651b74c27437bd252618,0.03368761530146003,4,31072299.0,10,1,7
e4bdf95f4b794a52ff0aec9dd331461b,0.035141799598932266,1,13752351.0,12,11,7
e567abee1fe2a2ceb7000c282a22dbf9,0.2705915719270706,2,18547.0,6,1,7
e64eab71def6543c20c189c26861f811,0.0875971985515207,16,72736.0,7,1,7
e67ab3d80e4583e46b9a20f239c979a8,0.1055162288248539,18,3455563.0,1133,22,7
e7b57ab390c998001216b44c71fe7fc5,0.3728929962962866,14,1003417.0,39,4,7
e7f332b021ba535b5fdb952a769a3e60,0.007381482151686214,18,3196726.0,485,11,7
e8198bda4a2dd9f3ce65a3ab4b2bbf3a,0.01018873933935538,13,13784.0,14,1,7
e8261fd7475719b5ce5db763ff37f9eb,0.01942218793556094,4,3211001.0,262,12,7
e8896894cd3f6fa719292026484f63e9,0.11075073305983096,62,16277.0,6,1,7
e96c349e8ca1a82e85d64f68df16491c,0.14645058009773493,6,11171.0,5,1,7
eb5905591e84c1fcbd8be0f7fa5681a8,0.08538344735279679,11,1384603.0,82,5,7
edff6f032fe1ef7b6198a071fc26068c,0.01417889166623354,3,8249455.0,198,29,7
ee23e8fb32f6fb468f19ac6602cdc8b9,1.009227480739355,14,1466352.0,180,12,7
ee928f7f367b1a77b812cedcab6c4058,0.038307482143864036,8,103837.0,10,1,7
ee98adc04c666a785379dca3131d0286,0.01489027077332139,2,27421.0,11,1,7
eea1b4c486693f6b189abdb231cb2b6a,0.039829885005019605,19,1222245.0,99,6,7
ef1dac6df0fb917be4cb741f33b6027a,0.005220808554440737,3,11309.0,3,1,7
f1517807dcced21f9b846c9bfcec64db,0.02430612442549318,12,265832.0,1,2,7
f1c99b6bb38cec08eaeb2b0baae03713,0.02171269617974758,2,3058039.0,409,21,7
f214a33b74d9cc3f16a4e90d2954fc0b,0.026967476587742567,7,,2371,39,7
f2224a19e03419c6da62d8d442cf55bd,0.04271616827463731,32,1059270.0,94,4,7
f2c06677fa09dd3ecfd0d16afceeea34,0.0048823843244463205,2,7359.0,5,1,7
f2fdf71a851a827ed9023daff98564b4,0.06408374197781086,3,648545.0,62,4,7
f4010489adfd510b16cf0d4f363f37bd,0.07680512964725494,1,1209.0,3,1,7
f41e2521123691facda82d8b26f40b89,1.0391795560717583,6,1242820.0,4,1,7
f4636815c712969805a0d45b35fbb5cb,0.03970640059560537,4,544710.0,93,4,7
f5f1961041fdc6f1d16b32cef8fd81ce,0.035790470661595464,12,19016.0,10,1,7
f65b81d9b435bd16242053a2b3784973,0.08025903976522386,28,7315223.0,2733,55,7
f7354279e7efef2018b063b07ab82339,0.04536787886172533,5,28837.0,7,1,7
f81c31cb406c1454d5f55d78a6dc9c76,0.22247686376795173,24,,323,6,7
f8833a45ec75611d786b3fbcc955b65c,0.010648153722286224,1,6510.0,5,1,7
f981a0e5f7d150da8cf80f762db181e2,0.05535402160603553,35,222515.0,95,3,7
fb548231376b4fb65f1a5440b097616d,0.008655948098748922,2,4399459.0,9,1,7
fb55dc8edb6a2a1ac5c7e084f8d13b15,0.03917508292943239,4,8364.0,8,1,7
fb96bac12121df21880d0e9118526fda,0.09124503191560507,6,9992554.0,1940,30,7
fc319acd7d8f899f6ef1fdabb258a2b9,0.7865631952881813,28,27231975.0,6,1,7
fe43db60d710f5c7136fb41092e19f4c,0.10099610424367711,71,3344103.0,1286,11,7
fe99d22e42d5f84bee9035bcb59d990c,0.0075621637515723705,1,2814224.0,504,16,7
feb6739be9243623f4047a8dbf455fa8,0.022764845634810627,9,9708.0,2,1,7
ff1faa695e4d4bc9d6e41240ea1f0ab7,0.005772566539235413,3,3016182.0,341,10,7
132ef9cb028d121517fda43e0d2afdab,0.0040541053749620914,1,933250.0,78,2,7
25195deffeb491a164e454f56fe7a44d,0.01037220936268568,1,3343538.0,513,13,7
257792ba62c336e25cd9536d96731427,0.019842518493533134,1,78101.0,28,2,7
2b12f97e4ebb4b1c872411c5ee3c5c8e,0.0041208951734006405,1,250842.0,70,4,7
342dd8ae1d0182de7c3562b865aa7566,0.008878380991518497,1,13813.0,9,1,7
35710a5e45f0115093a5d24cee7b89b0,0.0023399998899549246,1,22762.0,8,2,7
369788c34fe134cbbeb46057665f0ef2,0.6555208712816238,3,458001.0,56,8,7
3C7E790F45204394B22065E88E896752,0.01862929534912109,1,3411.0,1,1,7
3d20341fb3559a32dfd6b7b1b73a5d66,0.04817302664741874,6,6776.0,2,1,7
57b8fcdf6c666b3a8479f42138dd28ac,0.028438586741685867,2,5355996.0,228,2,7
6ab5e2e679ce4bd40ba2c2f90b5ddc26,0.7664666771888733,1,2325124.0,8,1,7
75ab948b09ec84995d03dac9ddcf8378,0.08468477614223957,3,2193179.0,94,5,7
84210bf0a291447bbad32260f48ea8d1,0.1774904578924179,2,3397.0,6,1,7
85ac8bad75c05d37f4b2b0f3647968c2,0.03484824672341347,1,783376.0,105,4,7
89eb44e4251e2afd2bdec54b6b78aa8c,0.21388887241482735,4,5706.0,3,1,7
8f49234473c76c2fbcddac18dd5efc75,0.07732092589139938,1,3428555.0,18,10,7
90d84e7a46591a2ce0fe511b50c88852,0.00894698197953403,2,5229628.0,921,20,7
912de7e2b849c9e74eae5968c7e8e2d2,0.004128986969590187,1,7415367.0,2199,24,7
91a1ca39bb616582b223dc111427c31c,0.03395505249500275,1,1362447.0,357,8,7
922E25664100465598D1D5016B5B8AC1,0.06025527572631838,1,3470531352.0,2,1,7
9f6613922419169d1b4325cd2f03708c,0.025750571861863136,2,163357.0,71,2,7
CD40E3E17E0340F588927E3133313B54,,0,,227,18,7
F8EA0AC5DE6244D8902D4FBCF6D3B1F8,0.02330037021636963,2,1734932342.0,249,4,7
a659fc47781ee8b46b1c61078b0a0726,0.03044387698173523,2,182622.0,29,2,7
abcc7932deca1d202792249c4e70a996,0.023672085255384445,1,234049.0,76,4,7
bd701908240ce905ab19099a2b9fd6c6,0.014666291885077953,3,2855.0,1,1,7
cc46511133d9d66bbaa542afca57dfe1,0.00430435361340642,1,2632319.0,290,13,7
cdfafeb081b8022c6ee95b3f19e75f38,0.4875461757183075,2,14296.0,1,1,7
e69d8d5e21d16a39fbff86082ba94653,0.020244737155735493,2,260958.0,150,3,7
e9caa31ef2a9d355ccc6ef665c6bb920,0.004007936571724713,2,2498998.0,176,4,7
ed0bc75debdb5ff8a6c505d8cf427e6b,0.07465575635433197,2,40935.0,23,3,7
f21e8faacc3186d6019fb63a1f1bea77,0.010731899412348866,2,59872.0,29,2,7
0d5a22b4b7dd4341e9eed9dd071bc829,,0,,19,3,7
3113df581079c0a329e8b0bb993616f2,,0,,1230,21,7
3fe25684cf561c7233762fc3b61c3223,,0,,135,13,7
494136e0906e055181dd4fb9552e0fd0,,0,,6,1,7
543099af613a222babbd067c3216fd70,,0,,66,14,7
6b3b3e854d6588270d871551c01c1890,,0,,7,1,7
7dc3410de9b58b9526e2ff322739c137,,0,,6,1,7
8e86b28542324808db28c7d450bc1a66,,0,,24,5,7
a7cdd8b7dcf441a04c6bbb22513ae1b7,,0,,6,2,7
a80d5704ad63d6de0491990ff6e37769,,0,,25,6,7
b0378a48401fdaba3ea487a2007acf91,0.02244887687265873,1,5246.0,7,2,7
b084769684d2fc3810f0fba65f5775b1,,0,,11,6,7
bc0191262f51947e79eb2adc48a99683,,0,,18,2,7
bcba0f7ebbc063b1baa99dbaef056769,,0,,245,7,7
cfd41fcb4d300b5629ba4707183cd040,,0,,57,11,7
d2bd4c0ee8aa7c0768158244790b1bd7,,0,,1180,35,7
e23345d5a30150876efb41b2a7631553,0.04276801645755768,1,18682.0,9,1,7
e8d428b125861de0546b650539019dc1,,0,,57,13,7
ec59c0688b15334fa2437e01adbcc088,,0,,129,14,7
00f41a795576b1d375f110a39f934df2,,0,,133,4,7
0163c70a1790b4dea54d5ae81a0d27cd,,0,,359,8,7
087a8549ae5fb0e4a39a4fe5725c0f65,,0,,24,1,7
093b72981dea20e2885b4beff97dd88c,,0,,6,1,7
0c0ecece549be67520b1281bf354924f,,0,,155,10,7
119b7c49523f0283ce9315dd2ff46cd5,,0,,187,6,7
11adf0241c94fd48a15a8afc793c8ac0,,0,,26,2,7
11e8f239077e85ac4475edc2719e8057,,0,,28,2,7
16058a40a1e8af3a5ee1d0e7b978b4c1,,0,,18,21,7
17278eb722885866324636277d411714,0.00728768901899457,1,2900.0,3,1,7
178a30e194ca3787e81ef0caff44713a,0.016581300646066666,1,2097.0,2,1,7
1BE131217D3E482A865E0FF42A53C786,,0,,107,7,7
1b87b97c3d79da6205b51b62a97c429f,0.6950803399085999,1,54903.0,5,1,7
1d46fbd8a2d7ecb9f2b9d6a39d049186,,0,,4,1,7
1ec5eb49af26e8585a9e5140478db4bb,,0,,34,4,7
2373371116c66d4b394d3ec8009adc3a,,0,,25,2,7
28dc388e338b1168e1531b5a524859ac,,0,,12,2,7
28e25a55f0bf03283df6f599578d4674,,0,,3,1,7
2C62E0367FA64D97A079C84FE47EB25B,0.03964584922790528,2,19088756108.0,9,2,7
2b4cccea8b1db71cf0ba5300c271ff28,,0,,5,1,7
2c6d0188d1d99531f783e6d28417521f,,0,,223,9,7
2cc4e036b7d4e874b80616d053f85773,,0,,4,1,7
2d793eaac32dbb7ec10c2bef1486bc34,,0,,198,3,7
3201ca9501500982d6f9cec9880bf249,,0,,153,7,7
33bbd9b4d09f6f962c87abbe186676db,,0,,15,2,7
3415354eb380cc077998c748bba19754,,0,,177,5,7
362d4ae177c23a92cf96c1d3dc28d4e5,,0,,332,6,7
38b7c34ac0f7bf3a70123a7f444278b5,,0,,104,6,7
3d25f0d686da6430482a5df862eb3f65,0.04122881777584553,2,58964.0,4,1,7
3da72826b6da2e9bab68d43639ae210e,,0,,12,1,7
464b9ffebfe3704718a667195ba47b06,,0,,30,3,7
4a5809d9dfd60ab70c13dac78b3b36e9,,0,,109,4,7
4b76d999e214974086012bd07d01a8c4,,0,,701,11,7
4c05a884769d6e5511cc8aa854222ace,0.018106842413544655,1,1901194.0,1049,21,7
4d38650ac2af6745ba09b964ebdc539e,0.007388057187199593,1,1370815.0,484,14,7
5bda223b7d0240c8f3d3e4a0b355109a,,0,,3,1,7
5d390c3806ded0aaeca991dba04dff91,,0,,127,10,7
5e3ea26430206bd568d7ff82c9581bc5,,0,,155,4,7
6684d72d7929ccdb5d2ca6b1f989db3a,,0,,151,6,7
6907e37c05d78e01423889c4c9f9bd87,,0,,11,2,7
6985013ede2e6b15d303c0f9901f18cd,,0,,19,2,7
713ce3870aca3857b47d6e3b45e033a6,0.0014127203030511737,1,81337.0,22,2,7
796513883a0e40e5a2c6575c89f3c13c,,0,,255,6,7
81B24A1DC5AC43C98E871CC2E50AD487,,0,,5,1,7
81d537c2fee5010e8ce807cb5460809b,,0,,132,6,7
832414a7a6e6292aa94cb23583fde756,0.024673594161868095,1,14371.0,9,1,7
85cc884b6b690fdd0faea19d564926c0,,0,,74,5,7
881779049e2f23572fecfab26f386f37,,0,,464,9,7
8D53B9E0026446CA81CB6FDD04DBF91A,0.05269192497832435,2,3470267197.0,13,1,7
8ad424e60c6ae578099ece1c90c6298c,,0,,193,13,7
8c86048cecd96b9ee1f612f8134bce9c,,0,,2070,49,7
8d7e549952ab9e7bc9f7b14b5ea9b4d0,,0,,4,1,7
904acc93bd8563810a69fed5b5683712,,0,,1,1,7
9222ef00caddbaea960bfccf37e45c80,,0,,32,2,7
949a26ae8891bb6bf850d78ec0919b8e,,0,,3,1,7
94EEE3AD247E40B485D1D69A036AF2D6,0.03301999999999999,1,3094.0,4,1,7
95817C365F3C48299A7D077400E67E88,,0,,441,15,7
97600e7dd4baca110fc51a06d5681af6,,0,,1176,23,7
9868e075db2ac9b06971e386509b6e48,,0,,11,1,7
99d7fd6d0859371e77e3bca1a24127a2,,0,,7,9,7
9C91683086584B05A511B9A5243293BC,0.0502,1,148213222394.0,337,20,7
9b0edf19f502336984dc8b51b9bc6542,,0,,1,1,7
9b2567d8775f0b7e5a62ab4c71f468df,0.09211403131484985,1,8460.0,7,1,7
9e2316e695cbf57cf56bf3c261e2b05f,,0,,4,1,7
ADCA4E9A2810461D9B0E878564726945,,0,,303,17,7
B399B0BB990B41B89DD409D0E0DA4ED8,0.01778634643554688,1,25634985209.0,1054,9,7
C0E80ACF294C45CAA8BBC6002F8C0683,,0,,457,22,7
D21BFC40EBF7459FA9E338DBBC0FC013,0.0112013988494873,1,53730997308.0,49,4,7
EF307576A5E34ABDBD404007B02167D0,0.05,1,1735346471.0,2,1,7
a035eef815365d0d8fe1daf13c9433d9,0.6849381327629089,1,53602.0,7,1,7
a0ac68f581c0d39681328921f4441580,,0,,4,1,7
ab5735b1c6d0a0c8347b00ba5277fa15,,0,,137,2,7
ab7d95bfcdda3971212185a2598bb805,,0,,3,1,7
abb48300d493a95a2ebe9b9532b99d92,,0,,3,1,7
ac558f3a8d8d5fe385e4d7c0c9255588,,0,,104,3,7
ad26dca8180f842e9b8a3e9d5654892f,,0,,92,17,7
adf3831343d43f36ca20e6c80cb0628f,,0,,27,1,7
b0e39500f6a764c390a34d6b71536f32,,0,,18,2,7
b844e8d0edc53e1f4ad829b27f80e006,,0,,58,6,7
b8601378a7fd4ae418afdd581c8068a5,,0,,154,6,7
b86f23e539c661811fd349c41e61c4ef,,0,,2,1,7
bd0a3414c1cc8c97a6c1fdf0667b2b6d,,0,,952,24,7
be1d75adb6c8f24cd9b0ac8a73396376,,0,,11,18,7
c4d8196509926aad33e76a8c1556c5af,,0,,7,1,7
c8dc70442ed301ee4bbcc047d9a90293,0.005478968843817711,1,425422.0,13,3,7
ce8e9089a28caadc2273658ce79638f0,,0,,23,5,7
d77c75f72be265d574fdb1b58d0fdf22,,0,,9,1,7
de027428284dadfc80108eacd885c126,,0,,9,1,7
de28ad51ff3444f41ac8ad9fb5634391,,0,,354,11,7
e1e6c9a108d28b6efcd6f37da66028fd,,0,,201,7,7
e277c21b8e21bcd19cb3ecef0466f887,,0,,42,5,7
e60754622e082789c447d901d4f56963,0.05026737600564957,1,773.0,2,1,7
e9602e41620c7923f6222c7f5edbbbb9,,0,,55,4,7
e977ed66a5c54f02e62c926e7295a731,,0,,9,6,7
ed807d361dfbcebab8a8a4d2afe6fa65,,0,,6,1,7
ed943b1314179b466c8010827761d369,,0,,24,4,7
f0ef8670196a01d6a6b6c9fd1be98328,0.018887091428041458,1,248026.0,4,3,7
f438d0c0e26808c5945a3f1807d3daef,,0,,45,3,7
f600608067f11d072cb55b9bc6992d17,,0,,475,17,7
fefd8f4e853d2ee9da4364846b864aa8,,0,,48,2,7
083ce9b6ea05a46e6e0b98e1efdd1632,0.006461634300649166,1,839647.0,303,4,7
0bd77ee0b0bc8fa209a3a0ac9bc29eae,0.0034384895116090775,1,646014.0,6,1,7
0c0c586c2872678ab4d9158e0a3932eb,0.009832529351115227,1,5916075.0,745,17,7
0c603c5aab497b38e60c621465fe9175,0.014540833421051502,1,217280.0,24,2,7
234ac665331e551ef8450a554f6043d2,0.0037025720812380314,1,1635475.0,250,14,7
3fd63b4e7e564973211a0bfd84ce6236,0.004905612673610449,1,5440384.0,1222,28,7
4a63e8331d28033ca0b95a91ef3a4cc4,0.028029801324009895,1,59844.0,38,2,7
53ded936bf275b8cf3e5a4f44e2e4a22,0.0011127450270578265,1,932450.0,76,4,7
7f99ce8677ca98a3c3594f9ae23ad2ea,0.01164199411869049,1,138135.0,77,2,7
8b93754947131dcd66c50d40af45453d,0.013036989839747548,2,2944709.0,571,24,7
8c214f4fe117e8f227b5d0176aeb34d4,0.019268788397312164,1,18810061.0,41,2,7
8e42188029c1a258e8f7d0cdf2faebc3,0.05837240442633629,1,14184.0,12,1,7
a46184b5a598d3c4a7cba93a600bb4c6,0.011573758907616138,1,251185.0,28,2,7
abc0cc464d70f9b313128351de3f9833,0.002160747069865465,1,1194236.0,184,8,7
c97270e2f8c0210b39874b473d99c12c,0.003549624001607299,1,10364.0,7,1,7
d0227239839e62e81590bf7d202c591b,0.01770276390016079,1,10494.0,4,1,7
eded6edb7a76de270d7b6f22834d8315,0.0033660358749330044,1,1903478.0,352,9,7
f1d73d33eb50c9c123d15c19d6329997,0.00481963821221143,2,633247.0,25,2,7
fb7850e679e07a356e71eea65b4e0212,0.07543519511818886,2,5219856.0,247,15,7
8b3198962710fba6006022b5f3618505,,0,,47,4,7
f8536180ae4091e13329d6c55c14c42e,,0,,14,2,7
1185e3d44ef94e396401232dde799488,,0,,171,6,7
148a97991e0788042a62fb0f306d7777,,0,,56,7,7
26a1842ce6ebd5c973e508aaffe08a55,,0,,25,2,7
287dcc99012d2ccae1c7b0dc62b5c87c,,0,,99,4,7
2faf730373d307d3cdf4926f39698240,,0,,33,2,7
31f95af5cfed401e26814cb9da313d7e,,0,,343,9,7
32f0bd82096b1f66d968065ad3c86524,,0,,424,8,7
4c49627f890178a04e16afc8c975b622,,0,,588,29,7
4d2b6dfb8e6e1803af79615fdc620452,,0,,353,10,7
4f32dc2147cf782594a537adb9a30218,,0,,67,3,7
4f7afe9d3cf801926baeb0def966f686,,0,,11,2,7
525308febad9bacd9b1058530e4b39c0,,0,,446,23,7
5601b541adea2c1933a2b054df9ea945,,0,,237,6,7
5e3062ac52e87b79d07b417d2202510b,,0,,277,6,7
624be0721b097825ae63e9dc2d8188ca,,0,,1347,29,7
6280260121e99d171c5f515273ef38a9,,0,,56,4,7
6ac85bd339c25fff668854f20ea8212b,,0,,194,9,7
85545B33024541009813A5837F7F21E3,,0,,4,1,7
8c8021d2af8906aa39984fac57533776,,0,,9,1,7
9bb82216ad4ae5e16d4073aa195ddbb2,,0,,788,27,7
A008AAF03CF248E89E9307FBAF6BD8B6,,0,,176,7,7
C49BAE54D3844735BD7EA22E187B3B2C,,0,,26,2,7
CF6CD07942164E3297B5A2336B66CD30,,0,,13,2,7
aaff6c0767517105d33cf5ca47e40e06,,0,,42,1,7
b01c4583f5e390064b2b44e17cddf042,,0,,10,1,7
bda8b35c5893c00318af750674ad4787,,0,,480,15,7
bfff1076deebc31eb5ec604e1b41ffc0,,0,,3,1,7
c3ba27d75094f55d168704f5c66581bc,,0,,114,10,7
d42b8eb3e91b6c74999a6c063d68cf5a,,0,,7,1,7
df7ea5e2dc082c5a31533b54475deef5,,0,,4,1,7
e9ba1468147f2c30379992154ce92cea,,0,,40,4,7
f1674c5aeed55c92d074b1f0039df87f,,0,,20,1,7
f7ee906262477e6fc8922473fe92dfc7,,0,,2,11,7
00bf6da5a7dd2254b476ddfcce00dff9,0.5595711695495993,47,100671.0,7,1,8
014ef57537d3bceaebf658adc781608b,0.1596435708925128,10,27639.0,3,1,8
01cac371a2ac06b535708d1cfde022bd,0.08291773870587349,2,3873083.0,761,22,8
01e625f9f34cd03bbc329bf1b5942031,0.4623710033483803,39,1448568.0,202,8,8
022d524b7c01ac43595376043ed8e3a6,3.1915584187954664,98,129316.0,22,2,8
023f2102e54cf9850eb3522f0472a745,0.06809806823730469,2,425219.0,50,3,8
028112decae4f8e3abc6d8158717ac20,0.07146540842950344,7,438908.0,128,4,8
028c7059cd5df812e8a89f3d54819a39,0.08201055316021666,146,2708288.0,982,18,8
0337B52E7E2344F887B4AF94DAE301E8,0.3133276901245117,3,32968547179.0,19,2,8
0352A29DF63443B3950E7AE063BADFC0,0.539834113787583,6,106043.0,53,3,8
03b127834485d1f1a5f34707b49a6bbc,0.0018348448211327195,1,195362.0,9,1,8
03c5854454be33fc6129d29a5fe5060e,0.019129766384139657,8,552787.0,99,5,8
04F59B32E23648BF95964EF4BD9BEF1C,0.7179890670776367,5,358234.0,119,6,8
0502731bbf58507798faff1d9e2b071b,0.18600793927907944,2,5981906.0,9,1,8
0511b553c966f8247b222fb058651dbf,0.6946177184581757,6,184926.0,39,2,8
06e7589bdc1bb802e4a22466806ae183,1.2685449123382568,2,2218512.0,450,12,8
0765262abdc7baf3c4dcda474772a67c,0.08575686253607273,3,13559.0,5,1,8
0819ea7fdfcf7d6baf2f8dab04547d90,0.09922638535499573,3,19562.0,10,1,8
0892e3f3ae3b5265158c2efb04c05941,0.04493938619270921,20,1167763.0,365,14,8
0a744637a28d0583ae77288b75e9cfc4,0.09335974045097828,8,6476.0,3,1,8
0abd7d937670b812bd2b2850d8fcdaf1,0.3912641070783138,8,1046906.0,222,10,8
0c4ddfbd475fafe92daeee229d128315,0.0647080703638494,9,175483.0,202,6,8
0c55949108f2440a0a0d74c96ae7c9c3,0.04049483593553305,3,23404271.0,10,1,8
0dc3d37048012ff3ecc0264dfd9133b2,0.032762600982096046,12,1370912.0,327,9,8
0ef32d5f39bc42513de58d6e267a32d9,0.014044389128684998,1,5091144.0,156,4,8
0eff7e7f11eff067f097de0a5d248eee,0.007374909189820755,36,1731628.0,566,17,8
0f88a9b9fc5786f96600fc9d6e4c4d42,0.0035307547077536583,1,397351.0,117,3,8
0fc417269c41e67017ecfb0d30f1ce6c,1.073210783302784,18,8759.0,9,1,8
0fd29f8690736cda90de7611d7b34c88,1.7093463242053986,9,26654.0,5,2,8
1000c231652037e1079d3fc1c076111f,0.1728570619598031,15,282509.0,73,4,8
10C220DBD0604DBF9A6796749417F78A,0.05056519317626955,1,17347986777.0,37,2,8
10c046f779c58f0e5d4e0e198500044e,0.023286698677111417,24,217079.0,55,3,8
118727C36B8B45F0ABDDDA5842D53394,0.522791015625,2,8306.0,4,1,8
12242c605504138a56f4f06645c5c6f3,0.03502701502293348,5,1032899.0,253,5,8
12dd440479dbf3e393f90220399badd5,0.013324154657311738,10,14066.0,5,1,8
13ec14a1b7dfca82f7178d651d1eef37,11.162441361695528,40,110862.0,6,2,8
141006979e58ce23b6747e76381dbcc9,0.022339343558996916,3,14625.0,8,1,8
14da602961858085fadf234d45e8487e,0.18796538631431758,37,1645763.0,300,8,8
16e44f9e1bac25143928769de4ca8b98,0.4953913986682892,5,84040.0,1,1,8
1708e3d4cb828c9a6c74579fec45a25c,0.0026365200774307596,14,4026452.0,997,26,8
171411C881004774BDF9C0AAF95FCE86,0.04757684326171875,2,12146838642.0,12,2,8
17393d288e6097d90739444592e0189e,0.008154200157150626,2,513977.0,85,4,8
1790795fb0d6df9bd0d61ae39561b607,0.15331057459115982,7,205706.0,17,2,8
17bda656f82024092f063ae2eb974cc1,0.017200613860040903,3,400071.0,466,10,8
1963ed00c395d39c88852554b727e27d,0.13969865278340876,33,49121.0,15,1,8
19690b7ce7631ffbba56277f17ca0b41,0.16700280527584255,59,915856.0,242,7,8
1B5D2E3FCB7B4C82BAC5EF76AD108630,0.4415139104127884,73,6941151085.0,27,2,8
1E1861B49A06475B927D70F88F4A1DEE,0.008665529251098633,7,15625177186.0,38,10,8
1E8D73CE8E9D4CBF9AF6AFE1725AC10A,0.12430020568338626,10,179036.0,67,4,8
1ab4d5d8a8b683c9944a6e903582584f,0.019754465902224183,6,,3064,41,8
1aba4ae3ad2221c7a4d1bbfc0fbd4924,0.11916179140098393,55,1555741.0,409,9,8
1acd7123fecb5bef22a28550711f8218,0.44867364526726305,79,778888.0,460,8,8
1c5cc51142fe819b3e790b7b2b4594bb,0.010348901938414201,17,660224.0,213,4,8
1cbc540203c5d76baa6eaee7a4c90120,0.004781098570674658,11,2721633.0,282,10,8
1db2e9a247e954704c2c2d2d5e12b799,0.4185587652027607,30,11600.0,2,1,8
1e4dcb7912ca6c2e139db29888be4bef,0.06726719299331307,16,367773.0,82,4,8
1eb6aa1005676eccba271ca4daeccff4,0.045458197593688965,2,204664.0,57,2,8
1f087ae15856f7b9d48f11ef7cd835cd,0.044847174372989684,47,67352.0,35,2,8
1f35c1b7c0f53b09c0810a13c0763af2,0.07696422532899305,72,89970.0,12,1,8
2046c7f941c66e6d2c2700040f306d5b,0.03822103142738342,3,19069673.0,51,4,8
2069f639d2080ac3d91b0129cc81074c,0.47497571632266045,13,7431.0,1,1,8
21d96cba45cc371d38e97f3b909f56eb,0.016135080019012094,4,1091592.0,222,6,8
2262d77340ccdbae1490d7ba704b257f,0.7837358266115189,17,5440658.0,998,19,8
229a4da2eeefff8cd8c100e7105cd44b,0.18951987102627754,11,3890459.0,895,24,8
22e05cd1985962142285e6deb05dcacc,0.6883086286252365,69,550847.0,195,7,8
232831190a64fdb91c4ba5c018385d88,0.003154186997562647,1,5976971.0,2197,35,8
236650a13c96ed3e07ba3f51dbbc5c12,0.24067429639399052,19,17515814.0,2,1,8
23e1525bc8ce9d131682213a27e59f15,0.29579502413980663,26,137499.0,44,2,8
24435c199706e808fc4403bd4698da7e,0.11646614596247673,23,2654264.0,397,16,8
249871ADF3674A2B8F576C5BC4AFAD2B,0.433709667317128,43,29499217090.0,24,1,8
25242d583cfd206529f0cd75a64b61e8,0.004909636918455362,3,337895.0,86,3,8
253fc3e4505d185a70d602cbdb184247,0.03981669992208481,22,428610.0,131,6,8
26fc72c2f72be093c779ca7ce4d71d05,0.1328262926544994,28,22266.0,9,1,8
28425A7D1B0D4CB6ADEDDB115DDA3C42,0.07195652150313059,17,1735267638.0,33,4,8
29D1E151F49948D7977667C69D013B23,0.8064643402099609,6,14444.0,9,1,8
29e317dffaad4f9e6a25fca427887e4e,3.418366029858589,10,339229.0,100,3,8
2BFF53746A324D6B9566128CEC4E4A7D,0.052284743828546434,7,5453.0,2,1,8
2a005e3eb6846ce36c5362684ce454b6,0.11820802092552185,3,994220.0,123,4,8
2ba462d901660585ddb9213ea9df1608,0.04589170590043068,5,799281.0,81,6,8
2c3da3492695acd316cfbcf587405980,0.046735159354284406,11,568253.0,60,5,8
2e6bdbf40c1fd7f1e10beedbe55e90ff,0.0077147962438175455,26,2810677.0,795,16,8
2ecbd98852e240f6c6b5af09b27d438c,0.0039528937777504325,4,1676233.0,422,7,8
2f9ca348ab042e065723565def5ad563,0.1092425025999546,5,10533.0,13,1,8
303ca499a43958f12b52db47c8b8a27c,0.03140870132483542,7,2862591.0,649,22,8
3130F12F31134C63993B13A141CFF715,0.4196809236092227,24,1735355608.0,8,1,8
322ac0e0432497e80c1fcfff99096523,0.02397916652262211,1,2126334.0,233,6,8
323c583259d8d0e645409afacae48c11,0.0413307580165565,15,815392.0,261,9,8
3248f8a5be68c7e74158665268f5a7ca,0.045526472851634026,39,238669.0,84,4,8
32da99d0d213f6d9b27bfe5fe482f411,1.1126657500863075,10,141581.0,11,1,8
334068e6b1e10a2325aa49de59da2e05,1.4366620955988765,55,2607893.0,596,9,8
3373388afc0b5e0d752ac806d51bdbab,0.0417003664188087,16,221298.0,46,3,8
34d503604303096f5567a666d9888b5d,0.023603936657309532,2,5749806.0,480,36,8
3509c69b4de5ff8e6fa9e64f9689307f,0.025560138863511384,12,137731.0,20,3,8
35F8E5423F034DD483174A1291472126,0.9690437720374794,19,25095.0,8,1,8
35b014354c901686b75bb30bf019bb71,0.0801152513595298,29,1091307.0,523,7,8
35e2c3f5ab92044d6f2b0e6c4153c46a,0.018248453736305237,1,4803555.0,782,5,8
3639d5f2e3c4062a5d259a190fd1b4ab,1.0424675941467285,3,8920329.0,119,1,8
37d0aeff4c26c397c9bcd6e31f764e49,0.08714453096035868,27,26447830.0,3,1,8
37fddc83416462ca60a50865faee47e1,0.14044378232210875,14,555359.0,94,4,8
380b778946c854b9b2edb3d561ef689a,0.16185497492551804,3,6950129.0,88,4,8
38b3bfc4641c7efc142202aaa9a19842,0.009691240993561223,11,5265544.0,1626,34,8
3983c828e29febc34aee999d398b415b,0.008703572442755103,6,574587.0,102,4,8
39adf4300f2816ef1f8adcb3e78bc331,0.8208814132958651,21,1024174.0,90,4,8
3D2FA14327F4436BAEE6BC1B944F7B57,0.09310078127843993,14,10411401401.0,10,1,8
3E73227506204D2AB7693B36CB6F6C7F,5.864298965454102,19,48492595821.0,60,4,8
3a5ea80bb555c3036bed426b339c2407,0.030447828976321034,80,1303973.0,49,6,8
3b03b66ff2a7a0e45d8680ca1686bd81,0.07705907244235277,8,536344.0,66,4,8
3c300b3fa9feed1f1458a187054d41f7,0.05747296987101436,17,902552.0,4,1,8
3c46740fbe5ae50dedbbd12c621803a9,0.4576584128662944,17,,66,3,8
3d27f8bdc21e920424d4327d98f407f1,0.08751236647367477,4,9249.0,2,1,8
3d605e68ef5f1bcba20d859306e0a9e9,0.12814558317768387,82,2355631.0,786,35,8
3deea99a69573dc2f5dbd8d68fce1351,0.013305327389389277,9,2704112.0,32,10,8
3df6d6c7621f6add2dd9e890794bf5fc,0.048699263483285904,20,4301808.0,28,2,8
3dfef8a4b49294a9458b38ed76f0c2a0,0.025340059772133827,3,787263.0,141,5,8
3e07640212057f14337fe4e1c080d956,0.018143788445740938,12,7655041.0,723,30,8
3f3ebd57c08c15e8ac4882d4e43c283c,0.020127433759626,18,,39,2,8
40dafe267f7e7e51b813eb755f781a71,0.00042802718962775543,5,997260.0,392,7,8
43ed43184ef1bafcb791530fa9c88f41,0.012712248601019382,4,3205517.0,183,7,8
445c802d8dee09922b0027d12a6a10fa,0.2256959266960621,12,2400422.0,356,18,8
458e43c25ef2bedf5a796a77eaad6186,0.014225875522242859,18,5044255.0,1706,33,8
463d43af4f3ece75971a077c0e70e985,0.075173560064286,13,,168,7,8
46989edd657d4884f60867fe9a329dd1,0.007032348774373531,1,2858046.0,344,14,8
47663bb92741ca0f9244306433336429,0.03711357107385993,12,20640534.0,37,2,8
47667a135a3d0910e81cc731c9a77f38,1.2867177464067936,87,17908.0,4,1,8
47AED8A7A2A34411B4D699E897DCD04C,0.6722997970581055,5,10397311993.0,155,13,8
4888005e72803008e6903b705dbdcc9d,0.051150375918950886,38,400727.0,37,3,8
48b8d5dc0fc02afca6eb1e0afcb87ac6,0.8269955492578447,38,680533.0,102,5,8
48f8298f82028cef37141ac455c21026,0.13567699468694627,59,57577.0,6,1,8
492c46e75c6cbfefabaa2c76d2a7c2de,0.10662390431389213,41,,594,25,8
4B6FE253C2284F21BE5F3042B60E912B,0.05816073608398438,6,220155774707.0,80,4,8
4a32d16d72eb610e12dcece0ec5b45e2,0.009999999776482582,1,,130,5,8
4a5c7480945ab8ea4cbbd9216bf92b07,0.06485055293887854,5,1343599.0,11,3,8
4af2044d9b159e1294fff8b06f8cd1de,0.01971628219325794,31,1045179.0,225,6,8
4c0622e254d36ba908da98241d9f1f14,0.01810246496461332,5,213339.0,44,3,8
4d680e6ce2ae1b14a53acece6da84a8e,0.08088216418400407,25,312613.0,57,3,8
4e792136d7a023a406b8ab0f87d72fe2,0.044625663198530674,5,59616.0,80,3,8
4ec8ca2be14a35c2ec8ae82e8fcec80a,0.08333157654851675,7,8164.0,5,1,8
4ef6b1188c6be9b1324cb40e6e38d20d,0.03429482597857714,2,2173.0,1,1,8
4f6c05bb75e4779d0b80ea017466d4b4,0.7911392087116838,28,254394.0,33,2,8
50b509795e572359a7b6610436449113,0.008972115814685822,1,1145609.0,139,3,8
520d47d78742c21f3e9895fb527c5f99,0.06677670031785965,1,141269.0,14,1,8
52345e5ab6cbb2bebba6e5d47afbf0be,0.21052177343517542,7,1755043.0,33,3,8
53178d83736963026bf8c94f93be1007,0.12034633010625839,2,59238.0,6,2,8
5333de67935eaae5b6e553bd04e77441,0.05294850957579911,11,10934.0,13,1,8
539d4a3b434f7c29cc43f68b517b509a,0.07184652809519321,31,1533729.0,157,3,8
54b0bc93bd31167a23305d75f07a7ae3,0.6631667278707027,33,15432.0,3,1,8
55ba257f0d379c162f84fcd09e8ff090,0.40885765105485916,7,2636442.0,8,1,8
5628bb50490e861acb7ceb5df36a79af,0.10677311211475171,65,994384.0,80,6,8
5833793a51123f4f01441d0d61fb9fa8,0.18552374187856913,10,801151.0,51,2,8
583c159be5e8d0a39d19c8ff4c2f72e3,0.048678643302991986,12,1846052.0,303,12,8
584833beef83576c8f51ec2993474405,0.272483897395432,31,1516210.0,246,14,8
5879d3f35fefee4206636bed78849786,0.2997923060320318,28,7885.0,3,1,8
58d0e97912e8c80b5260cce66b02d88e,0.08120808412786573,29,200573.0,45,3,8
5962cba558d0d581b17239f8f3349ed9,0.2813946381211281,3,4357677.0,469,13,8
5abb87b87cd2bc452f05a131b1a48056,4.499864913523197,41,1825494.0,103,16,8
5bd2cfa5cddd0129291eaea55abca669,1.0330901052802801,5,52780.0,5,1,8
5c9eac6ba0c91f88789ca51f5940908a,0.8154209572821856,77,19623701.0,191,3,8
5ca53ec28ef65cbd08391c6849ed4f9e,0.02048792690038681,1,1805771.0,402,8,8
5d30ed4e5b279ce2d01468990f146223,0.003275867842603475,4,3771577.0,787,31,8
5e825856090a0378e16b7b8ff20b5def,0.09031786059495062,40,31575814.0,5,3,8
5ea9caf6410aea1ad6289d18e3b104c9,0.18068213760852814,1,1651208.0,502,18,8
5fa16c68fad11605d526e37026e1e244,0.15458189463242888,40,394081.0,102,6,8
604b2f7dab10bad2bad6a90c39db1314,0.014346870128065348,2,5772577.0,414,11,8
610ec6b86007113c8ae4ee1760b2b74e,0.2986713545396924,11,148510.0,35,4,8
614b60085341629f97191c779a324119,1.4245595932006836,1,18267409.0,92,10,8
61D212EEACCD4D8FBE8ED8D67FBC7805,0.2940241054712799,12,13848110796.0,609,8,8
61d98160088098a0afb10351c966141e,0.06743361230473965,28,6104844.0,1095,22,8
61e41f66eaae9535b92ea8fb3d9a4482,0.023405945161357522,9,3490422.0,432,14,8
62b091d0258d1279a8346622f092cfd2,0.02215368882752955,11,2822146.0,273,10,8
639388fc3e52e942a3b43963f6b9fc79,0.006520737893879414,2,6091897.0,1073,28,8
64033fa5da63f65205aa12d28f5cb17a,0.10301572689786553,18,13404.0,5,1,8
64b6430c3ac2a38bd75a3ac83c6b002c,0.012882670329418033,13,3362899.0,971,36,8
650a50778e8e865cba9a41665db0b66d,0.191785991191864,74,2259153.0,467,8,8
65dd22300a318a9edd24c9ffa126a9d1,0.12916599586606026,3,16800.0,14,1,8
65fe39777a5368704779b81234753705,0.1338614672422409,1,194914.0,46,3,8
6611af96ccdd741acd53ed3614dfe3e7,0.2744626235216856,3,16180276.0,2,1,8
6617f3a2d5a813338eb4d65222bd7eb6,0.032073325593955815,11,14232.0,5,1,8
674f29078fb8ed02b36853b4f7714b6a,0.10143023545970209,36,2768357.0,159,6,8
676852ff655120f2694b3f9aff16589c,0.1927919015288353,8,16496566.0,170,13,8
6822d8db798ebd46ebd6dc783222d4f9,0.007896644528955221,2,3227959.0,774,31,8
682d97440acb4e3f7e86515984e5e8ba,0.4099589679390192,26,485119.0,12,2,8
685a66185bc07c9d3835c0d94709bf63,0.5628475174307823,4,886418.0,161,4,8
68bd5880960289abc5ee87ee6175decd,0.014948300347896293,27,624389.0,51,2,8
6a02479a19583506f4bc3a05591be904,0.05840681819245219,8,464781.0,144,6,8
6a6ed38f3ca927cb6822ace5b691caeb,0.002486285287886858,1,2772499.0,362,12,8
6adfbd122a50ff2ad736e57ba63fcfae,0.0502020989661105,33,30641.0,10,1,8
6b8a554009fbedc2ed27ed6a9f257bdf,0.2618262281175703,16,,45,3,8
6b907bd8ac1088e881519b5163c0a9f2,0.2892978531308472,37,498588.0,36,3,8
6c2d9d844782d262cd3bc3b623708754,0.016880568116903305,1,189435.0,23,2,8
6e60acff1cac3a789e9c791f47f3fd52,0.006546878605149686,6,1286899.0,357,11,8
6ecf5a8dc6c40beb3604e364db312e42,0.05949242733186111,64,180975.0,19,2,8
6ee43bc909def144a74f3e2de4535a06,0.3825462773675099,59,116238.0,43,2,8
7145c3f7581982402e76fe5939edf1f2,0.0064714266918599606,2,8354806.0,215,40,8
71bec57bba27c6870dfb1c0956cf53ae,0.29522016225382686,38,157033.0,27,1,8
720af30b892fc7bf4c951a05b2b64d94,0.013182647991925478,3,1807885.0,253,7,8
725f09bd48ea665f2afafaae79256264,0.03329945611767471,5,1122233.0,221,8,8
72d4c2637f4562e22b8a36fd375b6d68,0.05932445265352726,13,22902.0,6,1,8
73c151f1d0970730b2d9c3e6485c8923,0.08505683479597792,24,,218,8,8
743d87ed8df9f88e918afe040b459df6,0.006577078718692064,1,19104022.0,1,3,8
74d95223e66cf0e975d3d4c4cdc92667,0.3960074782371521,1,21354804.0,4,4,8
754cd596bf3b8ab5d4c3172eded6b731,0.0383463422767818,18,1080253.0,159,3,8
76204b0af94eecf753cdc7f1910c46c7,0.09745187312364578,2,80105.0,36,2,8
76f2f01892bd383ec75c38db49a263ca,0.009245511726476252,6,503350.0,187,6,8
7702A2B897C240E399F40834496F15F9,0.12067503256570725,6,155974702032.0,71,5,8
7772ed702b0eef37266ffc9cb228e175,1.0361647848039865,29,4595169.0,1459,30,8
77bb616c21168a5f071b7d2536e76780,0.029293464496731758,2,37482.0,4,1,8
77d44f863a81fb6ffe72fa0db0f8edbd,0.07117581740021706,2,898077.0,68,3,8
78a48a945b04e959e1345be70e2dcb40,0.09946966264396906,21,13778727.0,991,35,8
791e0f97c6379f17f387ee386cee1a1c,0.22259703651070595,19,78316.0,7,1,8
794cc5aeda4627d076c6315217bed02f,0.015980801545083523,2,189547.0,80,4,8
797a0d3eca98d6fddb996c7bf303b1d7,0.6764741586521268,25,497884.0,51,3,8
7994fce12ab39f975f190dd32c18ff62,0.3511044327169657,15,432865.0,77,3,8
799ef84ce223ad425c3ffb026cb71e4d,0.0005747561081079766,5,538853.0,90,3,8
79cfec190a32174d4b192d7d7374a53f,0.10286904685199261,4,2214880.0,264,14,8
7a14e5a9e98d0817429d4bd7b7a0a6f0,0.007718161097727716,11,902795.0,203,6,8
7b59559d5bff96abc903dbfac209b22a,0.4729999899864197,1,12939252.0,16,1,8
7b889bb199fe53c0903b1a56e0e70786,0.02086686622351408,2,78007.0,18,1,8
7c2c8da3ed5ef1ad103ff9236c554c84,0.238896232098341,9,4726839.0,320,14,8
7c441c89b2c5d6c0d31e6d0d07b9aff6,0.1344466172158718,2,288859.0,9,5,8
7c990073dda4cbf946e2f6bad0a0483c,0.13297638262156397,26,485470.0,118,4,8
7ed66f45474516665e9689a3f061c24e,0.3270650003105402,9,48125.0,8,1,8
7efe12417343a56202e7938d7f129f48,0.03600440174341202,3,11633.0,2,1,8
7f40d7630dcfd748e2e25524e2c325d8,0.48797707259655,10,3240041.0,283,7,8
7f41ed56d2d6fa1140d4fe9c2cf215ba,0.01575227582361549,9,10853.0,7,1,8
80C2F111363C4DADA1CFDD0A68BE2545,0.05074831681455885,3,8649800182.0,144,4,8
80a065fbf5e57beec4710cf70d23af6d,0.009999999776482582,1,4408425.0,384,13,8
80b9a08e7dca2bfbbed8912cf1539880,0.1935862018726766,36,12617.0,2,1,8
80ec1ed44e23dedb8dc105f8a0d651df,0.027960259467363358,2,307784.0,68,3,8
8106cf31290fa86dfb9aa0956ed79d13,0.016795923002064228,2,2395759.0,275,8,8
812e9401db4e0d366ccfe3c16acf5b83,1.8990475712926127,167,888661.0,298,12,8
81e3246348e8232eee99fbabe37bd034,0.009999999776482582,1,17554.0,10,1,8
82567356996b39ab9009afa8aab889e1,0.1474283579736948,19,6346613.0,358,12,8
848917d53805598acfb796e3446eed03,0.0430417824536562,4,1780757.0,45,2,8
84F49E4B80014C8598D58F9C87F5BC48,0.10340374374389646,2,123064.0,38,4,8
84f3ce161f36b2fb0e577269533e1976,0.34947721660137177,7,8032.0,3,1,8
85109e2d2dccab93f33d0155755e9d11,0.9698575213551521,25,3200.0,1,1,8
8525c5d066c0eeb8f08c36de607ae568,0.11768095567822456,4,96213.0,9,1,8
85374803959849FA919E046B0C498586,0.04819809538977051,4,3468029268.0,119,2,8
85B318E3E258430D8ECD3AF2229902F9,0.02887761313446045,6,5206035429.0,4,1,8
86c0c19028472c02a761d49fc6091ac1,1.0396367064677179,69,207461.0,50,7,8
86fabb8ad4d4165270d469c4312b23c0,0.015153618529438972,6,1214250.0,268,8,8
88e8397bcdc284005f61a5d65a9569f4,0.14297703839838505,57,112196.0,39,4,8
8903b0e0188bb91fe45ecfe46f0fc9de,0.05728140473365784,4,874594.0,582,9,8
89B357785FA04CD68AB34789137301FF,0.08635267914139894,23,38166309178.0,54,3,8
89b551ec8f266b3bcc968513b8859615,0.01257990370504558,4,559818.0,188,4,8
8a31f9c3c8c0f587a60fb21f3b0cc7ed,0.26935185212641954,13,,258,14,8
8a91aab7e2e024900041b9b1d46a950c,0.011465288698673248,1,937586.0,355,17,8
8aec6cff119680d499dc754192cb6b35,0.03811053419485688,3,163264.0,183,3,8
8be4cb25621fa4aa13efdc823791caa9,0.028180053690448403,16,125304.0,6,1,8
8c1b1a15d28202dfe6d62afc08d350d6,0.07639011880382895,10,20214.0,7,1,8
8d726573cd6a00fc9098b7c7b1170aa5,0.028290790505707264,2,,95,3,8
8d9be630f5571c4bb960f3659d94c2eb,0.3995893057435751,4,22019175.0,5,1,8
8dce90883ea6752c8924a4366cc613ca,0.3950694012455642,47,432254.0,59,3,8
8ea6f0ba9f11a6cac1806cd51430ade3,0.018317644484341145,2,546357.0,109,2,8
8ebe487315322af75621ecf05ab66225,0.027414653217419982,7,25040.0,22,1,8
8ec75c882ded1b64b28430210a04f233,0.00792588572949171,1,2275182.0,873,9,8
8fd98e38da16d970589dcd4ca5c3966a,0.06182377808727324,11,2303760.0,158,8,8
90b10a1e3018de67ecef06712717c654,0.0018235617317259312,1,2685437.0,260,12,8
92b261972c94497eeaa7da3aa9ba153e,0.033855732530355453,1,26577768.0,29,4,8
92b7b38c7c641b0233d1072a27242129,0.13708640728145838,10,2292857.0,632,20,8
92cac7cf06d012c724b0e560515e7b15,0.16863608127459884,31,7876680.0,1335,35,8
93398ebb91f8f7f619f4e3dd45758d4a,0.0034503479255363345,2,4413655.0,822,18,8
93576f85c1024c73017de05b9ec5bdb6,0.4658678686246276,34,1851497.0,273,7,8
93db1bb56bee907381e680a39c905b31,0.02814396470785141,1,3730813.0,397,20,8
94eac7fc6f58388a683b0715b54cbfe3,0.03927671897690743,17,41382.0,10,1,8
94f15c1f26ae4f79533e73a7020ad528,0.005823358806082979,9,2528982.0,572,18,8
96C65AB3DB9740CAB1347317EA546998,0.188043869972229,12,2477695.0,210,8,8
96cf7e8a7edd36622e7675e599584613,0.9749618321657181,5,5565.0,2,1,8
97aff73649a3f991445a4c67c1a5416d,0.11066866014152765,10,268288.0,50,5,8
97ffbc8d09a8684c848a2c0ad52844e9,0.04208621405996382,10,4153359.0,561,21,8
9804cd4436875a5148e28f2bd267b3a2,0.08368344185873866,9,330895.0,81,3,8
983255b150b6af38f98f76c75270a8be,0.1597810396924615,9,,99,3,8
98daae95fc1d4aac20def2352dcdaf36,0.03172250674106181,9,1599842.0,261,8,8
9a40a4cbb8a0fe9844f1f4616461539e,0.2718986449763179,9,1112351.0,60,4,8
9aec327756710460822022735143b473,0.17227183748036623,27,7133.0,5,1,8
9b2592b1d04ec394ec715e4bd721ca6e,2.121666196733713,23,21505.0,3,1,8
9c66ae830c95dacc5d21683887d72c89,0.19053223729133606,7,670103.0,66,3,8
9cd250d819d444db96af7a5613128045,0.2904852293431759,10,41906.0,5,1,8
9d033802f6fca13179d20327b5b367d6,0.5875662006437778,14,8744.0,1,1,8
9d0ea517df1d6e4f75dc7e09d4e9462d,0.0032441706862300634,3,458554.0,124,5,8
9d26da903e34411782fe163cc60a8a79,0.06454688310623169,6,184049.0,108,4,8
9d2c13a45b031978776fc4fcb1562046,0.011597875389270484,13,4381479.0,405,12,8
9de9bfd65ed56b29fa3d08a196747191,0.03630695305764675,2,12872.0,5,1,8
9f62f12c1127bd3119853c39c6d20f4b,0.06902983784675598,1,13851936.0,4,1,8
A350ECEC321F4B3C8B20065947642755,0.06670949459075928,4,15275.0,3,1,8
A39761E6B49947AAAD2C75ACC10F8B7B,0.23124370765686036,5,5165336641.0,772,28,8
ABBC6BCBCBA2428EB575771815CF315A,0.2096740417480469,1,36385332674.0,128,6,8
BCFA8136223040EE9484BBE70DFB0E99,0.17153191441768617,12,140408291683.0,155,6,8
BEE80D373B624EA5A160CFC0F4CD3C80,0.08385854148864746,4,15605935298.0,70,4,8
C0936D216DD5474D934EC0635D3A9117,0.04998650455474854,4,3470052254.0,60,6,8
C211E25D59DF464EA5E5503FA1F8E79E,0.08592645504605202,11,8659522994.0,125,5,8
CBA18512E6F940058A31A39B500AF950,0.05621787071228028,2,145729656564.0,58,4,8
CE8E65291DE14BABA87659E411026935,0.07131060868196507,29,539728.0,119,2,8
E4B9026C4DDD4731BA89937664C0B790,0.11550736974012285,18,14915.0,12,1,8
E64A4216A1EC4E5487FE84CB4FEF9177,0.07639745789062408,9,1353282.0,276,8,8
ECB045D460AB4F6782E1392357C86DCD,0.1300172261356098,57,455359.0,83,6,8
F30D5A4490534937B5BD3CEA8F513C9B,0.22499564804615468,26,13835315303.0,514,6,8
FD9931608A0A4BEDB3EEADD4309EBF39,0.19667521855313108,24,39807031995.0,479,10,8
FF364670DA67471C9BB7FCAD202D3293,0.08687813866247071,4,3470689994.0,3,1,8
a141a33af99f5291a41bb9bed71e9c86,0.11324172225431539,179,220758.0,20,8,8
a1b9735bf8cbed6369154fb3e431ff5d,0.011038181371986866,1,648626.0,177,6,8
a1fbe2161a6bbf5febae75811c78d04d,0.020743520828546025,18,2317111.0,359,9,8
a21d53a1446917e34b6a1c06cc047a4d,0.41034336388111115,12,84552.0,4,1,8
a2a6f11ce12ed5c400398b07b82220f1,0.010715327225625515,1,1796187.0,42,3,8
a434c3588b87de4a83780bb43ddf3bcf,0.01440497487783432,2,29112.0,12,1,8
a5e8ac74fd7c04a85b0dbf165c1a3230,0.03960171528160572,16,27099532.0,37,3,8
a654089814999f1708f5b49f74740a8b,0.0749127147719264,7,16387.0,5,1,8
a6b2b9eeb431c5f2fca2216dec2606f3,0.02185080002527684,14,955089.0,136,11,8
a7054dc81f737322bcf8f69fd5a0da34,0.011768126860260963,1,15156.0,17,1,8
a829fc83de0c61b684c285265036e84e,0.03674193099141121,1,22783094.0,15,3,8
a9bd7074551f0d3f053ebf93060ae46d,0.4135812511667609,24,1339051.0,167,10,8
aae4a8684e8cb9a7c517da0f668a1d16,0.014988088980317116,2,67455.0,36,2,8
aafcb3749d0b91deb46da7a26addeb5f,0.007796447025611997,2,12501.0,9,1,8
ab22bf47880a359b90ae10944b1bd0a5,0.042322811073972844,158,174967.0,24,2,8
ab546ab0176e74386da24b34dfcaaee6,0.18226816318929195,7,7370.0,1,1,8
abf832b0211ed092ab421e775aa45919,0.07504106778651476,4,21043194.0,77,4,8
acf97d2d9297240ee2072c6a321ffdb0,0.33971784077584743,12,6717690.0,836,33,8
ad3b4c208f631b0b8a84f7d369b89ef9,0.012303441064432263,4,474982.0,69,3,8
ade8b9fa2bd23c2d2b6ca7a7c2df3a0a,0.10962553814169951,83,2207934.0,464,10,8
ae16e39717d3aa6670780a4ce2f3d3cd,0.033340337715344504,48,149303.0,18,2,8
ae1b78592a60a7a48deb16685484ea9b,0.02492519363295287,42,570283.0,139,5,8
ae60c324dd97e09f61088a0fd17fa085,0.4285511279013008,124,2706844.0,499,12,8
af0a4640d845cc938584ee90749e804d,0.1294487863779068,2,7245.0,3,1,8
af0af50e293dfbc4ce8ae472a73dbefc,36.2575549390167,180,25198.0,3,1,8
b11153ea9d33d0010f6f83ffb016b08b,0.011124007869511843,2,19415234.0,12,4,8
b1e6f0729751935da070a9ae2fd944f9,0.1728951632976532,2,7355.0,3,1,8
b1f3eb3c454b57ef318a9ed46bf89b03,0.012734177988022566,4,2428111.0,323,19,8
b369642e96cf4ffb6509ec9b6687755a,0.04679695377126336,7,,497,12,8
b3ccd26bbb8251618f0a44e608765e5a,0.0956688467413187,8,2092286.0,78,10,8
b50c1b910e5210c330d23ee17eba6915,0.060845049913041294,28,1130078.0,47,3,8
b582557a3c7f704972635875b07bed73,0.04325018945382908,49,405473.0,48,3,8
b5ae008c520bc604935a67c68209face,0.010177933610975742,1,7964.0,4,1,8
b637701ce62f3e953b09e574e88e2933,0.060493363067507744,5,382150.0,25,4,8
b6b895e3707c4132e3f146bf4742c061,0.002884049594285898,21,2548884.0,448,11,8
ba15f8affd6f04162c97a2ef72fa38f5,0.6665253043174744,3,214205.0,23,2,8
ba489a9b5f914a6f793a98466bc2908b,0.43732975609600544,17,54294.0,38,2,8
baca01c7bb5abd166969ee9a9900aab2,0.03588251816108823,17,4740303.0,2074,29,8
bb29335a10879f141eaba9b38bce9f00,1.3305913228541613,38,272556.0,14,2,8
bb489d5fac3ae7f250f4bc7273869f20,0.17250019079074264,64,612775.0,36,5,8
bb5adba25c11195ed03bc4784fa2895e,0.22638756036758423,5,26122301.0,10,1,8
bbbdb1e33a1dbb0f20a19316bc4f7c77,0.07195887564739678,29,4049826.0,829,30,8
bc1f6c5ced0fbbb5d8ca692d4d7db6a8,0.5581762251094915,170,60719.0,19,1,8
bd1cfa741406161e601e43d2fe919b75,0.17904206807725132,41,123717.0,38,2,8
be6c2e35be9448b302ffb2f6c6a24dee,0.10265077790245414,14,7411333.0,760,28,8
beb3746b117b23ff080a37af78fbdedf,0.05993023351766169,14,,755,26,8
bef83d34c0eb80b14f1b4debf63bddf0,0.010963178123347461,13,1138204.0,286,8,8
c073a78229694b6c5e2e8725ed660b0b,0.013069502252619714,12,817889.0,26,2,8
c2409d0df7c19520137d83b6495ec43a,0.03212285786867142,1,184362.0,57,2,8
c263d0f2b54d89713b8dbb363366cde0,0.2649700720794499,48,1898999.0,492,11,8
c3b0e4a718a50b6da709ed94cf40f525,0.025456702656811103,36,2014231.0,106,4,8
c3f1d19fb1b7735983bfd8808becf8d6,0.09121391281951219,33,1158059.0,215,9,8
c40c4f25b3f8cbcf026ef205a02a2473,0.10245245322585106,4,11004.0,8,1,8
c48166683215066f602e2b2dd679a9b0,0.05247342959046364,1,4460471.0,311,26,8
c632e442d3884b00fd2d07e7af7133c0,0.008483094163239002,1,69895.0,12,1,8
c8642b5e26562e930c3a56af7816b71c,0.2012556567788124,3,1402064.0,121,10,8
c9595c2161dd501032d31213aa471a33,3.889413472265005,40,,25,2,8
c9bcb9214f4e12c0cde4365c813c8a36,0.02388717792928219,1,5682723.0,1242,38,8
c9c08fb957a91524a2db3afff4dfee11,0.021065782813820988,25,1499633.0,264,7,8
ca0d16cb3bd6969d7371ae7aa016df5a,0.025587206706404686,5,10508.0,4,1,8
ca9c42d4cb2347ba1c08718ec3f3b284,0.015543656365480274,13,3521050.0,327,12,8
cabf6311cc9cec2faadf5e8f59aadc8d,0.024837598204612732,2,7622174.0,104,2,8
cb05ec527485ee23739f4ed3fe8960d5,0.110939996317029,14,687780.0,86,6,8
ccf77ece58a60296e1a55ca02502b69a,0.013319732388481498,6,1341337.0,313,12,8
cd9209b29000fa93849bd32dd12cb55c,0.03192130755633116,3,194646.0,24,2,8
cecf3b7d8107e256b15dfb2e192fbaa4,0.5554687213152647,37,26572.0,4,1,8
cf8658f6e09f6d23266f021bf090573b,0.06435623508878052,14,234726.0,30,2,8
d1325f03c3f06f34315ee200bb87b909,0.13081907364539802,12,2108693.0,220,6,8
d16911472c41bda99d50a932b05102af,0.012648336822167039,9,6941234.0,201,20,8
d178dd273b8af6dec8c8c2235349e92c,0.6536159515380859,4,14391.0,2,1,8
d199f2ce43884820aa80e86c6fb877ca,0.2778382417745888,34,68623.0,7,1,8
d1ce1bbe4e037c5cf22b9c5fc51311b5,0.0032871186049305834,17,718224.0,111,4,8
d279ad74f5be8d6b28a553a826f926a1,0.02230766136199236,4,1184687.0,79,8,8
d2904cf8b54ac21afda74cdbece535af,0.6015466945245862,39,69690.0,18,1,8
d3506105bb218c99a8108f2aa7618713,0.5277552576735616,34,132304.0,17,3,8
d35ae5163a77ee7d5fdd679b8aeeea99,0.06352503993548453,7,28769.0,7,1,8
d5ca334f3f55a47c7eb862387bef9ebc,0.010188086074776947,29,1023813.0,219,8,8
d7678243b43ffa09fa8ca489dbfa5b76,0.015014983713626862,10,985632.0,105,3,8
d77b415289987a2f227b652d4fb7e221,0.02015259809559211,25,292250.0,75,4,8
d84b5a73f15134f59a03b062acfb2fa7,0.08104568830458447,87,1120065.0,176,7,8
d877296028a0d189c9cd7570465a1bc8,0.042747727246023715,24,876171.0,346,6,8
d8957c33f7807e8139304266ec322b0c,0.2201322838664055,4,9738421.0,56,3,8
d8e4179b375ba6e988034b77515a9493,0.0404766402207315,8,2189022.0,255,12,8
d9822c2af7258e7cb840abcdf642d8f2,0.020881070173345506,14,332662.0,78,3,8
d9f72c39e92e765fb8d6b89b707d34c2,0.05047884918167256,45,26061.0,10,1,8
dad9be3fac219e9f4543f0dd904fc5dc,0.002957775490358472,1,3162849.0,128,7,8
db68c97c7512607c86f6b4fe603beb9c,0.6276088170707226,9,8071.0,3,1,8
db790840ba530d73104ed1c4cf6305e8,0.035765942331636325,12,199799.0,48,4,8
dc8389f693236782cf896040ad706ed1,0.10000000149011612,1,1503517.0,245,11,8
dc87ba1a0e14bebb480e2194742ed067,0.03840813646093011,5,6005419.0,228,14,8
dc87dabae04adba7e7e7d8750527a323,0.07037544716149569,9,4385229.0,306,12,8
dca9a4fab527fadf2291154f0024a23b,0.049106348771601915,7,378495.0,46,3,8
dce5cbe7410c3e2b313c0a7220a6cc05,0.029822174226865172,15,5819621.0,1132,24,8
dde5e39d79f7b75e48e30b80958825b4,0.018931530648842454,9,,453,13,8
de78a85201c619da2013ae3847c1f57b,0.02205857913941145,5,1940425.0,117,6,8
debc8bd36e693ae3353429b70600fd61,0.06646882090717554,3,70768.0,16,2,8
df4f23045b7faacb54fe1a519b0f06ba,0.1794601958245039,5,1109077.0,198,4,8
e18daf2a8a6241c45baf1c8e0ab93af3,0.0377684161067009,1,33687541.0,20,7,8
e1fd5bfc818111c3f69886dce2a06290,0.01612695655785501,6,16846.0,9,1,8
e2893dd0c6b0c6b0780c4779c110053f,0.05676847230643034,8,18454.0,9,1,8
e43c50c0082d76a5bb91154782cbe155,0.02970866486430168,3,70356.0,11,1,8
e4cab4161143e3bf7b78f7e8d2099054,0.06255054217763245,14,4305809.0,102,21,8
e5ad8aa2e05841aa901e06fcebab3206,0.008594858460128307,2,2891079.0,554,23,8
e6cdc9635679aa62ecd3c77e1c91c45e,0.3783934423699975,28,871556.0,84,9,8
e6d95b921219cb62dfd68eeb9f07fb42,0.13272829726338387,16,28111.0,4,1,8
e73d9df587e92a54446ed14a2a6aa463,1.1760442852973938,10,709583.0,66,8,8
e746d23197c15d4fb5fd5da9e32fae16,0.12865403364412487,24,671156.0,186,8,8
e764630ca8594e114448be58c7a800f9,0.3316617887467146,65,93866.0,6,1,8
e76b016cf6d0d646b3be4570a15bc138,0.16931454464793205,13,9816915.0,19,5,8
e82ed90827bb10da1831ddc922f52663,0.010084245528560132,10,1215836.0,301,9,8
e840a4038ce8555b057c99d41e3bfa3a,0.005912961787544191,3,1221707.0,61,5,8
e9f9449b89ddc97279b41208c4b45ff3,0.03476500138640404,3,29283721.0,90,10,8
eadc7b9992026a1819bd339871ae858b,0.03251905378419906,18,221844.0,64,4,8
eb01c57564278f51a163caf6e0af4b67,0.015150255640037358,6,2049116.0,308,12,8
eb7e18147d6e56be413f00739abf6d80,0.04166862228885293,7,145977.0,30,1,8
ed824c636dcbcedc5e2eddebf6c4b888,0.6197728975676,23,283360.0,53,4,8
eda642bf938dc3a3e411210674c97229,0.05333365558180958,21,1256926.0,25,1,8
ee318377530050cb581305799b4bcd88,0.09816956892609596,59,3331513.0,238,9,8
eeb8421ed5993c48fa6a120ee22abc73,0.014477909076958895,2,47297.0,14,1,8
eee40d6a6c11cf35a2121e54427db7bc,0.06743578612804413,15,294499.0,94,4,8
eee6f737f059153c96d0f60669789ec2,0.2302760286256671,34,626095.0,246,14,8
ef3af1f786752ee70ce7789de477a1c6,0.01362119847908616,2,60473.0,45,2,8
efbc9e92cecf3f5ca43de73cd05b239f,0.13574168412014842,28,185532.0,43,2,8
f1345c3708e1256c150dce4b95d507c0,0.3040718864649534,21,226754.0,98,4,8
f1b3af0138dfa4972cfce81bc4d1c0af,0.10939378663897514,13,82565.0,18,2,8
f1deba300410913fe7f98343d2678cf2,1.2601814665831625,50,301208.0,51,3,8
f26be7d30982a921c110430467fd10ed,0.17132901400327682,16,698062.0,20,3,8
f4d78c5b44140f5087087790a11aa02d,0.016076097264885902,1,9415.0,11,1,8
f5a62a034bc463e787f5355bf90a9878,0.11218939162790775,6,822639.0,59,6,8
f653a73095b8e690f41288bded147fae,0.07770236767828465,25,14165.0,2,1,8
f662cdb41b6cb8404f5e54b99648c2a2,0.01443969874526374,27,,640,12,8
f7070bf1a3efda938a4f8cc801a2178f,0.42009818460792303,26,2125613.0,176,8,8
f81826fc4da39a587ad49e6bdd70951e,0.30963327921926975,12,6447998.0,423,10,8
f8c9bf8d609b6b467a8443a3adf24278,1.5079533159732819,18,891215.0,99,4,8
f8d0d6f251394b7af9273a7a2bf21002,0.017935319570824504,5,19594.0,22,1,8
fa35383323dec17a7a0e42e7ac64cf3c,0.07893959619104862,31,4715387.0,228,11,8
fb120bbcb38c8712525622d6f005268c,0.03880668291822076,11,4035051.0,375,8,8
fb2df3fc1f14f273ba447722e684abc7,0.25172062241472304,42,7499700.0,197,11,8
fc484c4fb241d51302169a4d5100a3d8,0.044649019837379456,3,373681.0,83,3,8
fdd4db97204777d0a6060f3104093551,0.012567314639454708,13,127419.0,53,4,8
fde4faee744e0a9fc56dbab194a891c6,0.04528850456699729,12,5620752.0,868,24,8
fe01bcf039713587542ea1e1ea8567a5,0.05170320812612772,7,70962.0,15,1,8
ff27ac7a845fc719dde482c707db3b94,0.007975185755640268,2,973470.0,321,11,8
ffc9406265476de6bd9e87e33e198dcb,0.06118529464583844,26,159329.0,47,3,8
01ae4d399963c9433d009fb5b8b7fd78,0.21625348180532455,3,15340.0,9,1,8
04c9eb0e11d3140b781ff5734c4df1ed,0.00597050366923213,1,1325558.0,88,10,8
177c23f9d6d97c39ce8842b7b6905445,0.022161955013871193,1,1234231.0,5,1,8
18da01750048359f4aef50898b37da2f,0.0008148553315550089,1,3315979.0,369,18,8
2147c5a2f95193f89ea0d3fc56c5d75d,0.01405670028179884,1,513418.0,78,5,8
2584ef5daed871def906cd2989acaa59,0.025687003508210182,2,1175939.0,206,4,8
538d0b49aff74e91b68204263911a70a,0.050360001623630524,1,224683.0,114,3,8
63ea88a5d19fb1ec54d1ad27196b0614,0.038368403911590576,1,50924.0,4,1,8
6D1BB17EA5EA4C0A83A31DB23C986D27,0.009869417667388917,2,3437764030.0,923,27,8
735E13B877914A38AB0A4FA4C34D7280,0.04861186790466309,2,1131133.0,157,5,8
84c5e5d7c986c3798416cca4c425f97e,0.09887125715613365,2,19899963.0,5,1,8
8707ae2b9601f4635300eca79581f38e,0.018160389736294746,1,278789.0,8,1,8
8a5fd7843384847bbc9d6755c12239e6,0.08428258076310158,2,4356.0,1,1,8
8b13a59efdb98b992eb39832d5bc192c,0.031199844554066658,1,52990.0,20,3,8
8ccd4644764c3b4ec1575b5f27a68fd9,0.03612819314002991,1,22140020.0,2,1,8
8fc0f748b35ff446d8cae57cdd396b79,0.0359257273375988,3,626032.0,186,5,8
9596103ff603cc198a2047866401f484,0.017114797607064247,1,4408342.0,328,9,8
AD18AE0ECDE34F88A6B0393840B42F7D,0.1099523332887036,2,10404596789.0,73,3,8
EEF7BE8BA67E4FBEBDF4BB8B18A720F4,0.11298219680786131,3,2644.0,1,1,8
ab0d777c6dcfbfa1adc53de8e5f4c963,0.004170863889157772,1,248577.0,12,1,8
b491d399e9984d033742538a359b3f85,0.11645319312810898,1,873809.0,202,3,8
b7cf6307b407249c85c0e1bce854541e,0.02056571375578642,3,1479592.0,308,9,8
b93b40f43d78e63b8e6d36629e0eeef7,0.22405818104743958,1,869885.0,67,4,8
ba6be7d0cf0dfd28e41e65eab16404b2,0.03216598555445671,1,18092322.0,11,3,8
bec5510d9dde900bee59493c10e2981e,0.04650471918284893,2,483309.0,46,2,8
bfc689411a106135ce317e2229337790,0.00853664567694068,5,247879.0,16,1,8
d74df2288d78405866e2aa2b261d271b,0.009009072557091713,2,4419762.0,638,24,8
e0dac4260185b0c708f1d02299ac6c7f,0.005308819003403187,1,3834255.0,115,16,8
eab003da5d9ff2d13ddbf387e7785df8,0.006845851894468069,2,1467.0,5,1,8
eddf8c9fd6d9b96b41fda43db320515b,0.07407263666391373,3,1739789.0,326,11,8
f05fddf26db4a1a6e1c87d0a15be3d6b,0.0022157991770654917,1,345356.0,132,4,8
f9545e1a536ecab9f6b4b011a1a7b96b,0.04520007688552141,3,121963.0,35,2,8
fdddcecfed43a657744c0002e042fa20,0.013919324381276965,3,2707967.0,394,18,8
2e4537cca60e0f29701ee7a598c5fa37,0.20620885491371155,1,27976003.0,10,1,8
3abf11db25d7d06cd94f3a14ce1919c6,,0,,371,9,8
4131a29888c92b80bbb15dfb8874d09d,,0,,374,23,8
4EA8A417382045548EA076014768CBE9,,0,,1,1,8
4aa57af75fecfc6f4dcbccd4cafae753,,0,,204,3,8
6239bb9aefe0006fb674124092853820,,0,,6,1,8
65df7aeac951512238d8c5a75dd8f27d,,0,,145,7,8
69ce61f80570fbe0e9b9b8161e4e483a,,0,,24,2,8
70976b9b3aecb5467ba55d51ff76f3ad,,0,,9,1,8
7ba7a0e9745bd89f15039cce0af08b1e,,0,,359,6,8
903f7402af565a10653e535bae041661,,0,,261,11,8
ad6163de8a0ac94e96aa101ed80ca410,,0,,205,39,8
ae6c99642c1b5379421c07554c690110,,0,,276,9,8
c033e3540d7c391197bf0e6b54e18a30,,0,,138,11,8
c8cfc78c0c4cf05dc71118ca621e7bab,,0,,268,15,8
e507f4ccd9ff7a7ff2ccef9a5efdcd43,,0,,366,24,8
fc8c102aced5d4b1d49a4e25b951cf93,,0,,14,1,8
fd79c769379549653d0af2409038ff3c,,0,,434,14,8
0a8df299f33dab5f1c98123490ceb162,0.0274411141872406,2,1426385.0,218,10,8
0e49956911bf3ad46f65fc7a0571d47b,,0,,5,1,8
0f7facf72f9af5baf982f2b0c25d1d87,,0,,16,1,8
0fe4f0ca0db56941a5bd792d7c652a41,,0,,2,1,8
16E97E48805B4C47B58818ABEA93836F,,0,,151,6,8
175817b38d768b9f808140679f2f5e09,,0,,15,1,8
195b1d0390919ee2de8689110c6a29b4,,0,,32,4,8
1ba2eb26537e14b94b136accf48ab58c,,0,,446,27,8
1d69db933b1fecaebb6a405020a0a2f6,,0,,116,5,8
223a706571a4f64412db9bd1c4c1ca05,,0,,337,11,8
22541a1bc753105e063136683d80e462,,0,,3,2,8
30692374f6db72293300d021eb2d015e,,0,,539,19,8
30DE68B5F0C4430DA0859ED1DCA14826,,0,,14,1,8
3173970b568fffa77f171153f06d5590,,0,,90,2,8
3363839ef63b6e1eda442a7741ef0054,,0,,7,1,8
34bce01e63eb715c5b843a860a87aa34,0.005653977394104004,1,317141.0,181,3,8
358b46b0d6ec4cd5636cb3fb16bd729d,,0,,1123,13,8
3aacfdfedf61e735b83cf801d42484a2,,0,,207,9,8
3f1de23a9af034b5056429c1b2e7af31,,0,,15,2,8
412EA3851FAE4021BC971B6A1B60E396,,0,,18,6,8
42e14f209f7ca5f381ac4706ca9e7d97,,0,,660,9,8
44542F5D0AC541BCA27E08917510D54B,,0,,7,1,8
48c3165632df15ff267d4ea115f6a432,,0,,2,1,8
55839bf4dfac39ede1c5e6446c57a895,,0,,33,2,8
566e102901271c194eea9ad3b2d447d2,0.0063984449952840805,2,2721832.0,268,10,8
56c93b2bca8497cab5f6f7d11dc39f3e,,0,,543,16,8
5a81143fcf27335521328cd708e4056f,,0,,25,3,8
5bd041280fc63b1b69d2d2f42c5ae260,,0,,326,8,8
5ccde0e5b7decea0f749d391405f0572,,0,,127,4,8
61817B5953DE40C69931E1ACD0A4A68F,,0,,224,27,8
64b826377877e46821517caa7cfd34b2,,0,,75,3,8
69d3ae16f9fae31988b57d0871e6f49c,,0,,7,1,8
6eeed7c461a97a82ab6443353d8d787d,,0,,65,2,8
70c2e25604b5da6877dffeec63123767,,0,,78,2,8
71a817441e17269e34d91a53eb8a7bfc,,0,,152,8,8
75d3253598b1fc6562b490fb4da812e3,,0,,70,4,8
79cd1b673fbb6f1f7b6e9dfb70c636c7,,0,,96,3,8
7A6A00A2A79443EBA9BD56FC0D42B242,,0,,17,2,8
7b19f50cf14679de94564209d31421b6,,0,,148,4,8
7de93a5d9c7140a6f95d6f7cb6f24b80,,0,,9,2,8
7ec9171e17f1d34c4117ec4b2b46a286,,0,,136,4,8
7fab99eb0ca36fb75326231b35d8e1bb,,0,,225,9,8
82b0ee84eb0252a6e814fe5520d50bd4,,0,,1248,20,8
8487d6b7c4c7a8c168b3804fef622c97,,0,,423,10,8
8E1DB545468A491986FBB57DC3F2BD53,,0,,28,2,8
8e7c8f78620cb9c76fcff70d56065c9f,,0,,16,1,8
90d6164f02f6bb91ac7b1849f3578c09,,0,,54,3,8
951aad394e75285e1e4c94dd92337b26,0.009347842074930668,1,2198458.0,361,8,8
979232cbd8cbc9d3523dc1da822f5f2e,,0,,17,2,8
998457532a70787bd0c676a3545cfff4,,0,,25,3,8
9a3bd9054eb6ccbcc3b67cb20fa4178e,,0,,68,7,8
A547627C843744338160DCB64DE255CF,,0,,235,10,8
B5F465D3835444E2B2BA6E903C43E29E,,0,,79,3,8
B62505A942D847BBB1755DEE95F9A416,,0,,99,4,8
D68E87E59FFC49E5A02BFF3A0EE9AB8A,,0,,594,8,8
E7DB72FDCF2A4B4080BFF8A091F3AB54,0.06574960261265436,1,12140595711.0,61,3,8
a561af479dba1787d1aab455fd7fea6a,,0,,14,1,8
a5c1472e939a0c897f0e54b80ad6c16f,,0,,101,5,8
a9a501a4da926ba8007517feca799126,,0,,194,5,8
a9b92740bbfeaa3b546913b4cdc0c001,,0,,53,2,8
adbd04dcd713df4869ffa3d5a3834b34,,0,,15,1,8
aeaf0529c45c7731e7a5cf4a685538ba,,0,,6,1,8
b0ce5b95ff0b4907140a2ccf6bf903ee,,0,,9,1,8
b178626c6f2f5478fcefee1bc74bcf93,,0,,12,1,8
b485505aaab4a7c05d807ec6feeea20b,,0,,564,30,8
bb56251b5091f323d183d528852ac196,,0,,86,6,8
bdc7fbff6df3c15595329a913d536566,,0,,365,20,8
bf4ee709067bd7189ba17507f2760b5f,,0,,593,17,8
c0faf25e53acb03069da1765f43b7c75,,0,,104,4,8
c27ab4a3d8c7d41c9f495a1592028adc,,0,,114,6,8
c4fa78b545d271a940b1009e0a7e900c,,0,,257,8,8
c9f4e5b8ab72c5514484493670f759b7,,0,,115,15,8
caf68a8748e6e104930b5647a5fc254f,,0,,378,11,8
ccc1c6c6909f89b204e69cba5c4d38ae,,0,,32,2,8
d5d2eb669c99c794f6fcdef25c49aabd,,0,,21,2,8
dab07b6f199ecf400a65a4081e24dee0,,0,,1341,30,8
dd341f6c2a4cabc3b274084ebbdeb49a,0.03441780433058739,1,2213159.0,260,12,8
f0c3bd62301c82a6527f977987da8229,,0,,142,7,8
f1837e1589951f482526a8547617ff95,,0,,406,6,8
055b9a4b28cbe1a98050796d99275ed8,0.013645149301737547,2,698242.0,113,6,8
0f4d5e17c7d51bc3058cf0d84eca0b6a,0.0027832998894155025,1,1388492.0,304,6,8
1fd9864c4f84ba3989dacee265782a72,0.002119744080118835,2,2473225.0,210,12,8
352ce3c7b73625bff815f869c83e8d69,0.0010000000474974513,1,2432021.0,326,15,8
3ae8ad70aac5f1a00fcf1e452bc5bb82,0.02146722935140133,1,1641236.0,479,9,8
443abdc779efbc66085b1d0da67fdd13,0.10569076985120773,1,4371825.0,525,16,8
54dbca95baaee0aed2fd4e8fa7160453,0.009986535646021366,1,36045.0,20,2,8
c13f25634eb9431a4dfdf753241575a1,0.0031138788908720016,1,765557.0,19,2,8
e2818c16d3a56a13b3360f26b461b650,0.09260737150907516,1,2932585.0,17,2,8
c3c84c8694c60d9a76c23c4fa26e1e7d,,0,,569,11,8
06fc6486188e2b75291f2925c47920ee,,0,,20,2,8
0fef6b9e4625f0c61c5e1103ccd7b9f0,,0,,82,3,8
27acfb6d85c2f9a0c88167c7fd1d3da2,,0,,284,9,8
2eebb30eeb9d74e1da7ee33d7a64bc5d,,0,,176,8,8
3313b6d72456e976f3036c7f75c695b6,,0,,69,4,8
42377a4cc74f5aba2b92db6db85bfc88,,0,,10,1,8
616610ff32a8592c0a46de3fba3da2d5,,0,,384,4,8
666facd608e33d1b4ec3bfeb0927a78e,,0,,9,1,8
81cd89f6509ada693561f4c800efd564,,0,,242,6,8
83b32ea0b9bcaa1d4580f10893f0f622,,0,,114,3,8
87bdfe10f482eb85d5811e86570072ce,,0,,101,4,8
9DB9973CFB8549C08643322D9C6D34CE,,0,,12,1,8
9b7a4c33ab2af1e9cf868d248e729a60,,0,,42,2,8
C244A02485A34D9FBD6BA7451140ED00,,0,,18,2,8
a579d8a96612330a0de29e6a7e0d0461,,0,,19,3,8
c36e41f61e214ea35107ad962047bbc8,,0,,55,2,8
c9d53c9ebe8d47657954d17a12030ee3,,0,,30,2,8
cc44b54d1dc20a1b1b48fbefe97865ed,,0,,4,1,8
d3e19ef77232da6d8cb88bf80080af77,,0,,101,3,8
d6d2b78d8e3035f0c0408bdd6e05d797,,0,,8,1,8
e4dbe482799af99838786831c8ce7d85,,0,,248,9,8
ec302ee23c1d3c6cc046ed23546dd0ab,,0,,152,4,8
fe630674dec004314e9d12bba69325d9,,0,,397,13,8
001ced098cd4346962d21a14891748fe,0.044409966620150954,58,700424.0,142,2,9
00610BE6E0604F329EBAB867669E0E95,0.4533714091035856,23,3469318838.0,45,2,9
02ce0c4ddb19bd0b3819d31b6dfce81f,0.04777432233095169,2,97362.0,21,1,9
03c4af88033711828d5edfdbd077d7aa,0.016963635804131627,7,1061403.0,202,6,9
03f26ab2bb838e5ffd25d054d2e100de,0.9756321348249912,28,3072195.0,230,15,9
04f0900139386fbe92138f5a6b22190c,0.041439071064814925,16,2057365.0,442,9,9
05d50e9d126bd733c4bc64fab2144ee1,0.1784394331043586,55,554725.0,42,2,9
05e523123be7317427dd11ca0cf69ae3,0.026183990761637688,4,1121299.0,205,7,9
05e861107e6864cd3ad7ff3aa75622ad,0.43282722029834986,74,1749178.0,157,9,9
069e4e59f29670b4c4c2abace6f6eb26,0.014533648663928034,80,1787133.0,355,11,9
072F9AB8D6C34654BFB4ED6FA4DF7FB0,0.20220488834381106,14,6924086387.0,338,5,9
07995400bb02eeafa369a6db8a4228f1,0.736877410672605,49,80087.0,12,1,9
092B8925547145D1A6B98144C1B4C2FD,0.13011446762084963,4,1734991753.0,5,1,9
098b244dc4aa1043f7b8f6879c99f7ff,0.037065172800794244,16,988086.0,334,11,9
09AD1EA5B2B4400DA8B2ADE54D54E6AA,0.045806663711486825,8,6917110870.0,494,13,9
0aa684a62ef04451fb8201c1296a686b,0.010256774548906833,10,,750,15,9
0baad7c5751465dbf577eeb333f2e389,0.014790982124395669,11,17620.0,11,1,9
0bedf27b94981e3740cb04e9ef1fda04,0.00458321557380259,3,1153055.0,169,6,9
0cc2f46a0553ecb33191b350365a470d,0.04391369502991438,12,15511.0,3,1,9
0e3b820785fdfa74b20b059eee93072c,0.03946429118514061,1,546132.0,351,9,9
0e5d92340e5176392d4772dadde0aa2e,0.7629306947928853,112,209108.0,19,4,9
0e7940a0fe82d25e646f757e1edb854c,0.912682306021452,40,22221.0,12,1,9
0eed1bdfda0884f5d9987e05f797a3b4,0.015280290506780148,2,2671520.0,44,9,9
0f29f9fea90f584596b566a7050941ae,0.00838229723740369,7,868663.0,101,2,9
0f4d3cb1fd75bdca4cc3a2e77f420034,0.13763528317213058,2,2798941.0,358,6,9
103191c025be2322a4190951a971591d,0.24162411503493786,12,7545.0,2,1,9
10a0f525bbe352b49a92bab666dfce22,0.022531942231580615,6,325268.0,13,1,9
113fd780c98a9a0c8fbde56fb0cccb33,0.0103795672475826,49,790598.0,226,8,9
11c44f6579ba692d24b3e6c4d787a50d,0.43739260034635663,36,1858879.0,9,7,9
11c450844721659b7371fc4d8fee1c4c,0.024432930629700422,4,298255.0,97,4,9
12e74d6972fb9947520e49073fb5d89b,0.031015774235129356,6,12974.0,6,2,9
14621c679ed66ec5d90c28c8b6e74b71,0.007185503840446472,1,4338858.0,680,11,9
1479164618ac20a63e0b94ec064e441d,0.6530222184956074,22,341680.0,47,3,9
15c4e6e1deaf80f281cd7d499f6d85fc,0.04686277313157916,24,2272085.0,346,10,9
17281db226b6db6e70b465481fa717b8,0.29416805878281593,18,2233627.0,1143,26,9
176F6260421C45588F709800564890D4,0.16142258453369143,8,19077519536.0,75,4,9
180122aedd3e9498bbb8eb9d46eb5eb2,0.1316003092797473,63,185158.0,27,2,9
18ea61fe748d0e319820ee1aa6bfed22,0.02720523253083229,1,1488690.0,258,6,9
192b78181f8fdf194c22a31fa79170ec,0.936242088675499,6,14698.0,2,1,9
1B65D670C4C64D0FAE7A4A7CF7F7457D,0.04469221445083618,5,5198341239.0,236,6,9
1DA3995FA0CE46F4AE2EC9EA8980E4F2,0.08682884933076114,19,5176126569.0,315,4,9
1a12d2997b611b881a067d774878a472,0.017847871989943087,10,395705.0,39,3,9
1a40f542b267622e80876e9309056ca2,0.025633306067902595,24,165324.0,29,4,9
1a9ff4568378b5427a7f21b277541ad8,0.04676874354481697,9,67026.0,20,1,9
1b3ee4d4e3b2e6490095872c3a9b0944,0.2198781962506473,10,3931936.0,264,9,9
1bfced502ebd519f41f759cb55bbcfc5,0.016518629621714354,2,2178249.0,287,8,9
1c08b84fd1017c220a8a246a446b9e50,0.0033556779380887747,3,4860652.0,476,25,9
1cd443b6acddab5ff46cadac4872ab74,0.11216077685821801,65,442765.0,309,2,9
1d4465aef95e599888ddcb0f93a91bac,0.004809914098586887,6,480110.0,11,1,9
1d4bfd380a00d0ff7fa5bbbaa11df131,0.19210422807373106,97,1269413.0,238,8,9
1d9d7fcb030c5650331fd131e176c0d7,0.1586669757962227,12,37063.0,19,1,9
1e41adf1e8e41699863bf3f3e4d22dd6,0.028080109506845474,9,6839286.0,1104,22,9
1e4ef68b6a045aca9a0292b176c00e31,1.0846512475982308,59,88886.0,54,1,9
1f3890b63c36aded415df67b193a36bc,0.15506620827363804,44,909949.0,25,2,9
1fcb49fa62642cf74628a703da37fa48,0.025915128644555807,3,39902.0,12,1,9
1fd59432c0c4c92ad00d6c99caf0b2bc,0.21534103155136108,1,2453441.0,374,21,9
210b97059aa129f23d5733b9a21421c6,0.29141077026724815,7,174442.0,29,2,9
21c269f2e02a3822e900ee6667d5e1f5,0.30222144024446607,22,442733.0,70,3,9
226d3dab99c5a985065e11c077651d30,0.6663201171904802,12,645375.0,146,3,9
2388aacbdb5dbd1527e97eb0983bf5aa,0.04112896742299199,13,729081.0,96,3,9
23eb983ef890830ca25d45617632477c,0.01460731215775013,3,4460132.0,777,27,9
255539F88F2549E7B83895DD63DBB753,0.05,1,6941712678.0,3,1,9
255d10fde37d71a3860ac6d6ac5d866c,0.004690831759944558,11,697808.0,218,2,9
28491bee10830bb48b764dd96b043b19,0.044574130326509476,1,26152.0,7,1,9
28543f45e1b9badc1a5d2ac688335bb6,0.004656021948903799,3,2953576.0,726,5,9
2876404500d2281655dfaa138d5f2a0c,0.03173408843576908,3,3761459.0,92,3,9
28e9f6f918b37bb20bc0d4197f55ff46,0.02919588307850063,11,1100453.0,193,7,9
2B036815818C48C0898F04840C36344C,0.032727004528045646,4,17122439208.0,651,27,9
2D9763F0C9D346B49BF6F57A11A1C06B,0.11803813457489012,7,18435.0,6,1,9
2DD510C76D014D33A0051C74D3A143DE,0.1210633635465622,29,661816.0,88,3,9
2a2a093d4108b4741842342b8cbae2d9,0.6263130009174347,2,123077.0,39,2,9
2b872433d9176f36454c3342875ce84d,0.00669558160007,1,883035.0,107,6,9
2cb1d54fd4d40cc11e5754252116d783,0.07516269665211439,7,212911.0,33,3,9
2d6abf19ae03dbbd3cd9ce4798457343,0.15326840057969093,13,1135320.0,404,9,9
2e68ec947182b02c5a39b115ffcff44b,0.056155437137931585,8,15743.0,5,1,9
2ef9243798da6dd042dfaac66a2cde70,0.06766133569180965,9,2431414.0,213,7,9
2fee3797e498c81b1ee12752fb2d8483,0.03890038747340441,3,15834.0,8,1,9
300569927204cc7037fc4e3ec534851c,0.19223271869122982,9,127413.0,34,2,9
303086fcdd0dc9504c0802189847f136,0.010864825919270515,4,353621.0,32,2,9
307b003d1784787297acc4c847d387c3,0.7819175366312265,69,313456.0,115,6,9
3099bb222417ec03d2e13093879b84b3,0.01966825476847589,5,1105208.0,318,9,9
31435382d9afbeb0e78e1e585bfdaebd,0.07601724984124303,19,2351842.0,321,12,9
3145fe787eedfa94edd42b7960560b32,0.03783017862588167,3,1050165.0,162,6,9
316e2aa07e1fcf5c974d604ca9e69268,0.05761339206947014,42,2592469.0,435,8,9
33fde67ab19da83233527bc5bbc710b6,0.03723642881959677,3,5722788.0,547,17,9
35576a5274b686561ee7bca5163a03c0,0.9396197497844696,28,14060.0,5,1,9
358928085F4542778B496E3EE0878EB6,0.018772772382216134,12,15447399675.0,206,26,9
358e42c4af146c75b5de61803f1a5762,0.037130502285435796,11,1260142.0,922,15,9
35b4d180216bf071442036f6b6d9702e,0.14661723701283336,16,308366.0,78,3,9
365bf1cfe0059e6f11d028dd34e3bf7c,0.15656152367591858,2,971419.0,167,6,9
375b467e8f2adda9b9d823d5083946da,0.10104567278176546,6,10126880.0,1573,29,9
3782112af534f58ae4be75381c4f49e1,0.11891749501228333,3,,1829,23,9
385a466f4281d2a43a274d380eabfd0a,0.03499060124158859,1,141752.0,9,1,9
39684dbd51ce572e66012525f0a4beda,0.13300139037892222,18,1249433.0,135,7,9
39ffac826be4ba0b28d4620ee9397a8b,0.015988405037205666,29,1500162.0,577,14,9
3a76217f2b2e52455e90759ee3917101,0.18623980498523451,49,374232.0,58,6,9
3b72376da1c65e966ae0b14b8b32b30f,0.47093808511272073,28,15262228.0,118,1,9
3bfe4dd9cd7ff68247c8272f2d7ddc50,0.8581318706274033,21,5838695.0,4,1,9
3c062ded9ebd3304af0e16371d708362,0.04270506929606199,11,395229.0,201,7,9
3d232140c3e3d822fcd2300dd502e872,0.008251522667706013,1,450275.0,129,5,9
3d680aaaea02b2767ec2cbac0508b90a,0.010327594354748726,1,47956.0,45,1,9
3de958b5c3a9eebc4397a526f6594dc1,0.017234208760783076,7,1171401.0,217,11,9
3f6ef818050ca657d820e7d113d24a82,0.05493286997079849,9,1721851.0,463,9,9
4012998eed76d678c7b6f1d24ee36725,0.11115302820689976,28,403618.0,119,3,9
40810faf2f690f969bc7b459a273e858,2.3663090467453003,13,10064.0,1,1,9
40b9af49fc22eee967ba9fa668476072,0.6291823084466159,30,30089.0,6,1,9
41cdc02dff0332225299042372d9982b,1.0754024013876915,8,19663463.0,93,9,9
42f343fbe716027aa5f217b93d627e22,0.005907911341637373,3,8274276.0,4,7,9
44F9653078584DC0A8DE3F9663289C1F,1.0522519130212946,40,14789.0,6,1,9
44c5583f9a0f932f57a3dbfbc6a79cc4,0.04799911449663341,14,3755009.0,276,7,9
452f6814934348f7dae648aa9b924c74,0.01441235834499821,9,631370.0,146,5,9
4577333C3E33409A9F99B1E843DFD866,0.250171023992811,6,2088954.0,246,5,9
45cfc8ea91bf9091c9ceeebe99fe549f,0.03525641467422247,4,166237.0,56,2,9
45fafa2bde228c3a9885bdef57e234f8,0.16898007283452898,120,1299703.0,270,7,9
45fc0ffc35e70f1b353e8fc4c5e2a306,0.005014782014768571,5,761742.0,55,1,9
46fcc7f3b2084bd9710fde87b6301d85,0.09176531434059143,4,2120443.0,252,8,9
47f50a40e33e2fbf919bb2638d9f0385,0.5887489952147007,12,784966.0,129,6,9
48003f8daaff684f043e4ec666efe387,0.03385752625763416,20,11114.0,10,1,9
48279da4c8b1f4b4cbbef583a72c3462,0.01939957612194121,4,2542137.0,474,5,9
487C3712FE014A7BBCB899A719A44968,0.39495522303626657,51,1732869249.0,202,7,9
48a1ea97ac3800a7c746676f9b27a27f,0.15978101547807455,8,874558.0,287,4,9
4928a9693f3ee291f80127e336976089,0.012285599601455033,11,836362.0,231,6,9
499f7203397dc774b33f1457fc49a749,0.01995793779497035,37,2314328.0,523,18,9
4b51cf431a909525dcdc6efe1fe411e5,1.0904708299785852,43,2617678.0,507,8,9
4b84a2c5e5127f416a7aefa553ab95ab,0.12613595835864544,14,2003589.0,351,11,9
4be790a7ceb70c926fba8a825300f276,0.044586481992155313,6,9815085.0,69,11,9
4c0b0ca137e6b43e90ff86ee0160689b,0.0966730872169137,15,3748538.0,624,11,9
4d4868f7bdf983b037be0655f757539d,0.05012932582758367,21,104536.0,18,2,9
4de8d83fcedcafc952826cd47f4c1d11,0.09869585558772087,5,3793329.0,601,22,9
4e103cd925d0a65ecc8ab95455864a29,0.010027492186054587,4,5673100.0,1563,11,9
4eb1659adcfacd72ad6d8918235f3301,0.14744813682045788,64,237436.0,47,2,9
4fef1a0c1a62edda47076d7ab0c3cb3d,0.45119871012866497,10,375013.0,79,4,9
5154DD318E284E1AB28D3F67F7E9B039,0.3168009458177264,21,15617801393.0,24,2,9
52be455b0dba3c1e37feaf720c41c605,0.03895974869374186,20,1061556.0,145,6,9
53BB78A6890E4E9F9363BF26535C5371,0.039698579370117185,14,465606.0,171,10,9
56ebed56630337cab2ccf94ee5efec41,0.038148339837789536,1,2461391.0,151,13,9
56f5604005b5438a3f48dcf656dddc15,0.056366750970482826,2,5373071.0,3,1,9
571e0622be76ff49d31cb59459339e62,0.0904661223758012,22,77276.0,9,1,9
5754C5E1CDF14289BA07B4167D9B8944,0.006252900838851928,2,207726533853.0,294,9,9
57c549fe6152e536fca44e5a6c6976df,0.1448822906240821,12,340899.0,30,2,9
580f89e7d524f9fffb0d68453c54c5d2,0.028375460766255856,16,1245373.0,371,4,9
5818e9fed4d6cb91e732a1ead340f2ad,0.18228652072139084,34,1163364.0,296,11,9
5846bb5bec133aac6b2a7d7112c4c3d2,0.026278695557266474,3,3554496.0,103,4,9
58c16006b45b4a918ff53d609c038cac,0.3453803905285895,36,756980.0,232,12,9
58e7eb7a246c4d5f0cf3afa08bbcacdd,0.01347179664298892,2,4158268.0,389,25,9
598b90d21a8456342526f1afa62d4238,0.01637278133421205,40,4761150.0,609,28,9
59cb585edf6f3fc2e7859baca7eb46c4,0.6439668647944927,8,97861.0,8,1,9
5aa630b382805a43296f117a99562af8,0.3669985858723521,31,755039.0,140,6,9
5b43f8fd1f3838073a6c876529174bae,0.03470885963179171,50,2374721.0,3,1,9
5c5b60aac9229a0087be63dc7d945b69,2.948007027618587,85,16045241.0,210,4,9
5c683bff49ffc6d657813cc9d97f4003,0.6789474431425333,20,11864565.0,126,11,9
5cdf30fee847fad8ce66015aea9e3c3f,0.0010000000474974513,1,1520980.0,227,6,9
5dd1c979812b0885f22fc31ffd4130d5,0.11899182386696339,4,445586.0,191,4,9
5dd2d39d90e425f56afcdd1fc54c4e0a,0.41921207029372454,18,5515471.0,204,13,9
5de932aad50f63f9605a24afa9d900bc,0.1799977943301201,2,1723304.0,137,4,9
5e216d15617053d0969be5c3ace8a9e9,0.0425066954921931,8,196038.0,33,2,9
5ea18a0cae6ac7c7477fbaf1dea035e8,0.005056548397988081,6,2329873.0,306,10,9
5f0945b99ee2ae0982b958748871244c,0.1500580394640565,8,708031.0,30,2,9
62b1d88cd75e123d71ea1f714315dea9,0.29534719279035926,49,23363231.0,170,10,9
63a408915e2a6a52d3daf5843940572e,0.0048739665653556585,4,1464790.0,183,4,9
64da733feed39e123ad806feef24534a,0.027768920874223113,10,153609.0,42,2,9
668fba31b387b8df234add853f232d61,0.06740767508745193,3,563868.0,112,6,9
673fbb3654251012d7741d97050c25a7,2.6445996537804604,6,434480.0,27,3,9
677b276368ad999d4dc0cbc8366a0343,0.23687428515404463,27,811714.0,33,2,9
68a95612da9235767a4e7eee2863f486,0.11883342266082764,6,582148.0,104,5,9
68b58d79d9b273562a62f79fff869bd9,0.08229416608810425,8,264621.0,50,2,9
6951a9944f37f23bedc5422774160007,0.003027617698535323,1,1263144.0,334,4,9
6CB6169CF87A4D6BB81C10ECACBB0E8D,0.054262471002235135,23,13863405460.0,143,8,9
6F995B1FB6974D13A4BD23B20FC8653C,0.02737321733230769,3,17220515829.0,674,16,9
6a2ea747d5f9269ae33902af5ddd76f6,0.15584651578683406,62,58879.0,15,1,9
6ad5249d5372137fd891f6f5d85ae141,0.01827000081539154,1,2435173.0,472,6,9
6aeaed299e41ff75f491329f6a36aa22,0.014850697130896151,21,387821.0,60,4,9
6b2b8a223b811b744bd549ad2d2d2abb,0.009999999776482582,1,3226389.0,626,10,9
6b5717181e06b2f84ad14b6b06016f7a,0.09735807683318853,8,2240783.0,185,8,9
6c18d3518a69154234bc6c2190b61bab,0.04004560969769955,5,1292315.0,271,6,9
6d567fedc1fc56c9b1923d15c3971a78,0.16190196527168155,28,33317.0,15,1,9
6d7d35012ddf5c9fd41b6e65ad742c7d,0.012572159059345722,1,262184.0,2,1,9
6d9e1d942e8ff7dd2b93919ca3a0811e,0.012573105283081532,1,11003906.0,28,13,9
6e2f4d72117d4ca493e6f1a8eadb27fa,0.5706248674541712,26,559846.0,89,5,9
6e4618c4e8f09c300e0aeb3ef9cda1dc,0.07585783116519451,10,221561.0,26,1,9
6e8db5313138ef3f5d8422742b23f2cc,0.1651884048478678,15,4124272.0,289,9,9
6f1a349fe12300ddbb48648491579f3f,0.0033739767968654633,1,,292,11,9
7036ec11f82beae0bbacd0dd84a1237e,0.014500998717267066,64,965003.0,267,9,9
7059918b54300904bae2a0442067644c,0.7320678923279047,49,29734.0,6,1,9
717E56A050DB40D7904C062443D87299,0.5197115924072265,4,57259569782.0,34,2,9
729CE979B0EB47F089A68FD0F621CF16,4.566843802086197,15,5201948539.0,204,9,9
72cbcb38f539fd3b1a7d639cedb30ce5,0.20002205669879913,3,9011.0,4,1,9
73cc87b3a4d981bf7972ac804a6dc41e,0.0027815173380076885,1,4878737.0,80,5,9
743df9479b8fe6455799fb900f5ac009,0.27437174785882235,16,1790328.0,180,9,9
748fc21788713a30e62103561f56cf98,0.026605259161442518,10,5923624.0,1164,31,9
74ED81B92806438BB777ACEEE28D8E7A,0.07697956466674805,2,3470634535.0,6,1,9
752d000b0e0ee8c8e2938fab6131905d,0.08363733440637589,17,873660.0,86,4,9
754a5941c459b6f78de18e5949eb8ef6,0.5533461235463619,9,30265.0,9,1,9
75D6B188332B455195C339FBBC91CF42,0.051071163482155936,15,1042336380079.0,1250,30,9
767e28c707039614e0d649227c8a6f14,0.02047380618751049,7,72050.0,9,1,9
77e0460a20da7c7fe4e7ebca5b76ac6b,0.008700105216121301,9,2160820.0,570,14,9
78033d80bd82f516b8587618bf5b6ba4,0.10518219787627459,12,490842.0,233,6,9
7829e59f7b13630ddd37e119de79edb3,0.12519740598509088,111,836399.0,185,5,9
783ff2a32c8bf9a198383a5cefe1748a,0.023369710776023567,16,1166068.0,219,12,9
7931d70a97eaae9867096e87a2db780c,0.008539871079847217,4,3952951.0,32,3,9
793c4a69fb72262d8d160274e2fed983,0.8887963145971298,4,20962.0,19,1,9
79906461e8ad58df497d926a46b09bd1,0.006683683954179287,1,522354.0,77,4,9
79d032566f6f1f7f60b792a88bd9e727,1.1837155371904373,6,5168820.0,8,2,9
79dd6c997468b20656a2a431fb8bfbd9,0.02035599248483777,16,6835536.0,323,30,9
79f5f8f67d52fa31444e18f4b7ef5e51,0.05755777284502983,2,225931.0,64,4,9
7B158781B7344244B0263263E6D2A615,0.002500947952270508,1,1726387033.0,13,1,9
7FA1D428F34147678753A8C6CD9A743A,0.027869821043411888,2,13881733612.0,14,3,9
7a0822edeb60536431feccc3a54e74c7,0.021651009243214503,41,1052462.0,244,8,9
7b0d789f804e64c6ed009c08d07b9bbb,0.011407979996874928,3,211441.0,35,4,9
7c0b981347a23059461a9f4b8f9f0be1,0.002607402973808348,2,1972467.0,786,16,9
7e1ff3bfd8bf3488ecfd28093b005869,6.278671979904175,34,17161.0,7,1,9
801f9a5f96bbacba17e13f3b76d66f5a,0.041319888550788164,5,1238236.0,201,5,9
806e1c539c9b0c079437143febfffd47,0.07464815746061504,31,5920661.0,838,31,9
806eab3229b9b5d970b28d43df3a0104,0.07084354991093278,30,24294.0,7,1,9
809b0a63e847258552f8af59b32c495b,0.1586065385490656,9,130708.0,8,1,9
80e4c747a722deef6f798f35dc697b8e,0.08190738037228584,3,349530.0,61,5,9
8181a03813c7422e49f7bd28e67acb63,0.010189829437877052,47,516736.0,64,4,9
8286e8f4b6ce19b2856f4e12cda0b8c1,0.7734440891072154,23,1411640.0,146,6,9
831450c80c16599d7efb0dd7edd82942,0.03787844814360142,2,1689697.0,215,4,9
8329b5dd4316f1520605e38896e0d8fc,0.04572197649395093,41,768790.0,179,7,9
846d95ae825a04deafadfba4655df0eb,0.09592760354280472,4,1524788.0,257,6,9
84709a21b0e95d029c80b1156fa5e532,0.02020557355717756,72,1168571.0,368,11,9
8574ae209d51f9c8798c51bd1560fd11,0.052098458632826805,2,82776.0,46,2,9
85d51ee82d156484915c54478c570207,0.543301927857101,28,13435.0,8,1,9
86332DC7E23E49B4977E688DDA9F5CDC,0.06599821634729705,4,756142.0,143,7,9
866c9add2679dc9d16370458db7e9c5c,2.125187873840332,24,223224.0,44,9,9
876141c0ebb81e1a0d8fe7e99e47b336,0.11061878502368927,4,107190.0,15,1,9
8EC015F5FA334D4AB31E9F2657154224,0.2726596127674561,40,115952.0,21,4,9
8a31f12e733105e56d4a7344701ec2c4,0.009050194057635963,2,419485.0,166,6,9
8ac392c0ad9b4e1b5055089c40f3043e,0.018592996173538268,8,38722.0,14,2,9
8ae25eb688539c34f8a353993b41cfd1,0.1520674549974501,12,635278.0,105,8,9
8c35a53469655e2a9ef4729061b958d9,0.01879199407994747,1,4755070.0,306,14,9
8c4afeae608de3d616bbe4992ae3fbc9,0.051726208999753,5,480797.0,74,4,9
8c6f515889467cef9d77e7f4fd2a17bc,0.18440040457062423,48,167589.0,25,1,9
8cbaf6c550d9d7366bfd230d7fd5f999,0.06181253504473716,17,471546.0,79,4,9
8dcf6bd5a6c8b5f8feea181d1ba02309,0.14406337076798081,14,175058.0,68,2,9
8ebefde2563f77284766a2e1695e2192,0.07057722844183445,5,28531.0,6,1,9
8ef0848b1f6d23cd7d17684e22f9bccb,0.06446557841263711,23,1565604.0,419,6,9
8f93ee9ddcfa730e42a3236477ba09de,0.1926031857728958,2,463486.0,48,6,9
8fe36d04d9f2c89267885082d7317477,0.023786324309185147,11,664075.0,119,12,9
900feada998b4adc9d68f5a26fc3ccd1,0.16412600316107273,5,1441567.0,219,6,9
91b3dcf77b0969da30eff35c4112bb86,0.0018364610150456429,1,1825460.0,92,3,9
9237d0aa1b91fbbe472e2778c07ee64f,0.017359542893245816,3,2297925.0,381,13,9
92f719ebe164bc37202f3cd01d2e24ef,0.2761825732886791,6,10355.0,5,1,9
9321C66823284BEE83329BB280FC37A6,0.07375061988602777,7,643064.0,28,2,9
93c207fd1c1ef8a34831f75d9a7af944,0.15111638326197863,27,,47,2,9
941e16c0384d58205df705c856ff79c8,0.08889673394151032,18,461709.0,100,2,9
94346bcd04fabe8f21e5d479e712117b,0.12041369313374162,17,19554.0,7,1,9
94eb57f55098a779ce6eef74a911cc25,0.0077170131262391806,17,19339588.0,634,13,9
95a3d7b06d00144c9f096313fbae2262,0.10438823513686657,4,484567.0,100,3,9
96027be1bfe4c9554ffa58d494ea1a63,0.12407337129116058,2,19733433.0,19,2,9
964963a558b11bd0a311486495306314,0.055806348100304604,6,2296109.0,58,4,9
974038107c8894544f4813fd56891148,0.2660325840115547,5,3154139.0,387,25,9
974ed501ada8cef087cf68b8dd843259,0.18898327910574153,204,2229218.0,241,19,9
9804FB68AFB246269165D4A755120802,0.11084597756700894,67,118094.0,42,2,9
988976e7f7a609bb79e02f7e16b88c57,0.15599418431520462,4,9532.0,7,2,9
996f6431596df7b7579fadb30e8cf669,0.10682129487395287,7,2572518.0,294,15,9
9AAD244B99F9473F91A7C85C869BA4DE,0.2856396123017735,15,8654543172.0,203,5,9
9C509270C1E0499D9D905E0321223C98,0.7225301583203125,5,292135.0,13,2,9
9b1bc22a5ccc995fa203ccf072bd06bb,0.13757970253936946,28,16727.0,4,1,9
9b4ee5be98f8dfa727b27b133a0fb9c4,0.012658907915465534,6,3102446.0,1220,29,9
9bdbe9634a9a77df05a698b9eb5fb5cd,0.015039471909403801,1,969595.0,150,5,9
9ccb21de0192a396c330613963c0a83f,0.17838405072689056,5,2437516.0,247,7,9
9d0a28945d3cde684d2bd52d016ea817,0.0013883905485272408,1,757734.0,119,4,9
9d2bfa8738ab79a0ebee5f83d1c758b1,0.13554781884886324,35,1720919.0,269,9,9
9e46c154b2a627e562bff3ecae8b952e,3.0990101099014282,3,28175673.0,21,1,9
9e609259a92186d107befedc7f5425b6,0.1276277843862772,5,41634.0,7,1,9
9e835590edfb82a3d8d9f4f4c983b4ad,0.06330221332609653,6,2832764.0,270,20,9
9eb5795c859308211b89ed30776021ca,0.03913033474236727,18,982555.0,167,3,9
9f8edb06bfa39bd1de2ce1337a56cdcf,0.09533719578757882,9,2987051.0,90,15,9
9fd5786dc282250596e763641c91616b,0.13547783845569938,126,2089129.0,364,6,9
AA56921EB0BC44709F03A8E23EE5DB6C,1.3582677402836913,13,31192423589.0,85,7,9
ABF7E2BD2DA44862B050079929FA7492,0.11926936890599224,17,5191435196.0,166,6,9
ADE55C070DCD4F938FE6C47853C26E96,0.03283192401885986,6,17342963293.0,65,5,9
B36232C6E5334BAFA01F9F05C3199572,0.5614255473196421,72,8675362412.0,41,3,9
BF9FC4469BC848C7A75E7D65DC7640D6,0.06034710884094238,3,1735163114.0,36,2,9
C3822F7DD3B34B7EA7BC0CDC15A06B95,0.14282232304788747,25,15005.0,6,1,9
C52C5363CC684DC68A39F3F326C21038,0.04544338369369507,6,1727268972.0,73,2,9
CF5ADC9E13B74841ABF6EB8B44BA0F5A,0.17351171875,1,796097460367.0,724,38,9
D65F188FFFE54257A2B5BAFD5676A559,0.33274049377441406,5,387483.0,31,2,9
DFD85585C58F4CF7ACEFCA6CDD268493,0.055795472037736764,3,10399833013.0,207,6,9
E4605117D8634674BE0B774969BA5028,0.2103892574310303,5,14607.0,6,1,9
EE5E8CD694174B6C9D1898FA4B18A946,0.037644949913024896,4,992651.0,54,3,9
EF6F06B7C99C4F16B0543A7C39A1220C,0.04258339492508343,3,1733617008.0,56,3,9
F65CD483876947D780D00B1CEDE487D4,0.28896710233824596,13,82109.0,25,1,9
F7EB685E61554009A5FECBCC3434C67C,0.06940373313030325,17,2745721.0,323,12,9
F8F82488443445608A71186118F897D0,0.021391452312469486,3,84981413012.0,73,4,9
a1bea09fe75a785dd8e5ec19924027a3,0.024745445931330323,17,2373814.0,495,14,9
a448511e7a766ec52431f15614230b61,0.7911564335227013,9,,120,6,9
a4d7a311c54ca821888d7727f3786243,0.09516886435449123,66,1836013.0,693,6,9
a4ebb2c308b844471cde31e496e34c18,0.03667213022708893,3,1998167.0,233,6,9
a5f4fcc98557f0f5e023f1ea0b33081b,0.002259841188788414,3,1303636.0,37,5,9
a7b8d9c1bde0a2d1c2f8650f42ca00ed,0.007152838341426104,10,71302.0,14,1,9
a9718bdeccb47418a8d38ae99259d55c,0.050016124499961734,21,146058.0,24,2,9
aa3b531c0b5c89c9134b1567cf99b56e,0.4212154746055603,3,60043.0,14,1,9
aa522e7e4cf5aa091d3440e348d0da5d,0.0035632388899102807,3,37114.0,20,1,9
aafb005384f20544c04beb8d3d9d2ca8,2.047950640320778,11,29414909.0,50,7,9
aba4c0e7a4f4c5571e5471bda342546b,0.3993647675961256,78,83056.0,19,2,9
ac9b6ac58c335fb56cfd007171cc29d0,0.06348581565544009,40,60170.0,18,2,9
ad39c6342655034abac2ac1d8fefd5a4,0.5981663782149553,44,752971.0,106,10,9
ada57b8a8f1190245fcf4432576b9431,0.0325559068005532,61,1457032.0,566,10,9
ae3f8d1090734db29554591e195ea48a,0.5646279379725456,5,8968.0,2,1,9
af0720c4c962c58bd5cd7ca10b53e202,0.025608022580854595,25,4526096.0,233,13,9
af7eb8bf94f30814f477b5f8f43cf688,0.10333748708944768,64,26849.0,8,1,9
b0897fda67624219499943084b12da9a,0.03437201213091612,3,359871.0,245,4,9
b0d18cc06f7413ab1d9cdb2eb5104cc4,0.0023599823471158743,1,1834.0,1,1,9
b13a47f369878c4ae96b53cc9b1dc8bb,0.49265119433403015,2,11334.0,5,1,9
b1c514ea11db6909070dee429d062084,0.23555233189836144,17,5057165.0,970,8,9
b1de5c0b1169d2a92fbd352d873de307,0.01276329206302762,3,6132.0,7,1,9
b4034267e9809d3510d3799cff081e3f,0.0267457184381783,8,513905.0,112,5,9
b42a9eaebb0e0dbfc8af2d96a63441df,0.055515937448944896,48,326389.0,24,3,9
b54d83a6d87b007d13cea7eb636bd92e,0.03420539014041424,7,1526945.0,295,9,9
b56308317895d4024e581b9c89c80194,0.04903915640898049,18,1066830.0,282,6,9
b60178c7a630893eeb3c103e52dbf210,0.014796182513237,6,275179.0,52,2,9
b62b2f80fcd39fd3d4f31f69b8512c45,0.03766361257294193,32,,16,11,9
b664fc381bf352e92cdf0e559fd12cd3,0.010457325930474326,15,110967.0,31,2,9
b6fe419d2e483f55f9d88574b56eb989,0.03478702390566468,15,7089844.0,1326,28,9
b8125d947840812278a12e9c91336f29,0.022934865904971957,4,3346794.0,296,8,9
b869e7061355467c63db901fda0cebdb,0.7225161857204512,52,781203.0,53,3,9
b8ed7db21c31e30724181bcda2db1b10,0.1140353623777628,41,3246748.0,436,11,9
b995fc030ebe6cb77aae333ffd8f23b4,0.04097718000411987,4,6472106.0,728,35,9
b9e035b23ddca7aae928b7f04cedc55f,0.1633695513010025,1,142508.0,16,1,9
bb87217ba16a53ad454979f1a5d0f5bc,0.6776637146249413,61,120426.0,30,3,9
bc887a8232529bc18d5847f2c9372b53,0.12078407919034362,14,109655.0,17,2,9
bd85bdec6d1c9c361ad19fe35944f690,0.0056022945791482925,1,232624.0,21,3,9
be16f2581bc97ff5b876c4fc17fe74f3,0.021025359630584717,1,166853.0,75,2,9
be8881cb67b7edbdd87561d1754b900a,0.0032080779783427715,1,17049.0,6,1,9
bfaa358214c3f3dbe2bb8e668de1fd5f,0.38377322163432837,29,361963.0,17,4,9
c043a65185e3777ad618ebe2a6f876aa,0.02408879899303429,26,6352509.0,483,40,9
c0ec494d6a35f8dac1464258addce78f,0.021615807549096644,14,141497.0,125,6,9
c1384426b14ab3462e1ca4661afea305,0.0175189103174489,23,1135388.0,147,9,9
c175b64c14d7a383b9da82022fd7ead4,0.0983591889962554,13,156819.0,26,1,9
c1c599d8178ddbf567cbb03241241ac5,0.0630227942019701,4,299162.0,39,2,9
c272b6259d418d31a00aa4475e398245,0.003192652715370059,1,33162.0,20,1,9
c32c891f49bed2c7c794a1fb2b46c8e7,5.294484987854958,16,72779.0,8,1,9
c38d6925cb35430c42c13012aa6e8d6e,0.031110798357985914,21,639805.0,131,6,9
c46842caf0460f50ed459bac8df8313c,0.048081311862915754,11,1059616.0,261,9,9
c4868c17fa832879ca59739aff7cbf21,0.21750873536802828,69,640848.0,80,4,9
c5b2559b533c4e17886d4ddad0ea4fc8,0.07195665931794792,44,1632304.0,193,8,9
c7fd91ca3770a0458bdd953b37292853,0.03932531620375812,19,1951548.0,187,9,9
c8c11c624fbdda4c48c4d3935bef3d75,0.06915717199444771,2,504984.0,265,7,9
cb09b8bf13016973bf22fc64869ed494,0.009535342338494956,5,1124829.0,348,11,9
cc027a2c8f34cd21f61fac50bb49d010,0.4844096014276147,22,43327.0,16,1,9
ccaafab16d2f0a672205f8016ffeb44a,3.1635506823658943,30,230129.0,56,4,9
cd30226f27b0f8cc598cdd920407bdb6,1.3712503463029861,35,32250.0,5,1,9
ce9d6172310dd959ddda7d7c4fbaac10,0.011444587260484695,1,806411.0,20,2,9
d009df341b21cc7a4b65917a4f6558e8,0.020894262939691544,4,54890.0,28,2,9
d095bc44ca99c71102571c8add813e6b,0.025640987209044397,18,4481466.0,827,21,9
d106f948d39e3949a86d9664fadf8f7a,0.03488410543650389,11,2140202.0,284,10,9
d19078a4645ab0937ee9db09f2f98326,0.002620208862936124,6,8546808.0,1545,29,9
d24d200744257452f7da339825eebf5c,0.012392518110573292,1,1991996.0,448,14,9
d295dc56caddc4e1635ae2e6ebf35270,0.22525231691543013,65,1670716.0,198,6,9
d32cd7a6790675c4711db578e23ec029,0.2970990836620331,4,34192.0,28,1,9
d34c7dfdf9ca4412487ebcf7c5e70a2f,0.4141893610358238,4,1278924.0,454,12,9
d47f996e8a4eb0052430c6d852664fd9,0.02146110124886036,5,557175.0,243,17,9
d5f8018bfa8e03b6ea53b3d82a67387d,0.4725549817085266,1,1069246.0,421,7,9
d79c109ddcf5e98624d79b64a6af55c5,0.295900262077339,94,60429.0,10,2,9
d7f6cc4728220d709fdbc64a92cb9d76,0.5024140048772097,58,2727657.0,324,12,9
d88b393ff7a51370becfbd9b408c4605,0.05613983981311321,3,7377.0,3,1,9
d8b25e1986a18d1b9aa9a1b794ce3eb4,0.38714610040187836,12,1426987.0,111,12,9
d8b641e1e84ed742b6cec9f70a672fee,0.06060769222676754,2,3500490.0,1455,32,9
d8dd55fcc9b7bc7127f91a1538de5110,0.011587166227400303,2,137131.0,23,2,9
d8f570d1ddc5dc8c95cad17524d7ec08,0.00889601290691644,5,187337.0,54,3,9
d922054f74d77ed6e891f23feae5c224,0.13814640091732144,11,190675.0,94,4,9
da89f132a1a60f071b7b3c7286857a8c,0.02259907079860568,3,6172570.0,396,12,9
dc280773db2be222b440f0362b959027,0.059401981299743056,58,2582916.0,335,9,9
df8c572883dc9aa0bebe29ae14df81bb,0.2910321233794093,21,284091.0,8,1,9
dfa44bf66313b5b3bc96e49b568519c1,0.02397137088701129,4,8277314.0,26,1,9
dfb7336def3fa8835c0931e171f4210c,0.05140717956237495,11,141579.0,29,2,9
e17331db654d7e62bd4428362fba4dea,0.0072034779586829245,8,42013.0,23,2,9
e1e33128f84722cbb3eae0ac9a0c5016,0.06627389093046077,178,282898.0,24,4,9
e481d5584705c696a12ebd57598583a9,0.04997275862842798,4,7983.0,7,1,9
e4ea0b8f09ad9dc6369084a5fe5ebc68,0.3483601111220196,38,803409.0,72,6,9
e519c1f8e20e03e4924b850b29fe5c75,0.13751472462899983,21,19459.0,3,1,9
e52a77e23cb43fbe3ba0078d9b3069bb,0.04385896539315581,14,167596.0,35,2,9
e52fbfd1bb4a40ce3a97bd65469a8b8b,0.0044710878282785416,1,6960333.0,10,10,9
e5ed43b948e82d9288a9452569f63da3,0.03237407862616237,96,72169.0,4,2,9
e5f98d5f1522957a59871dbf2801aeeb,0.04037055931985378,3,235576.0,8,1,9
e6ada839d2cec7973bbaa4e164c7d769,0.012447420973330736,3,1177649.0,151,5,9
e6e815f525391f000c1802eba339b8e2,0.05971834436058998,15,70973.0,6,1,9
e71ccde7c0c0647020012e4e677d69a3,0.5110138803720474,7,13897738.0,3,1,9
e753d1a13a31a22d08cc58804077a02b,0.016578700626268983,9,471785.0,150,2,9
e760c893642c37002ca946722f725780,0.034853548859246075,20,1670388.0,506,10,9
e789e926074f43135c614a4e3715343b,0.005706112831830978,2,338727.0,73,4,9
e8866f3b56ce59f60a32139673c79da6,0.5414438052102923,29,111717.0,72,2,9
e8b8e88d5563c84134130cc11c8d21b8,0.9831173159182072,17,33058821.0,24,2,9
e8cca13d2530ef57c90de0cf51d01b02,0.5391023298725486,46,5979682.0,481,21,9
eb5531432394cc598736b9fd2a79417e,0.19244028627872467,4,936251.0,80,3,9
eb6ae9782a519d8eb29e9a15828e4411,0.02087795769330114,17,36924.0,13,1,9
eb96f3ceb2fcc569ba11e1f63fa3fa35,0.038203369826078415,1,2701283.0,682,14,9
ebd945e153e733668a9dbcacc18dc72d,1.6414479613304138,24,40698.0,8,1,9
ec49b9bc94f4e0c753bb32b56176d533,0.02506743127014488,21,6373917.0,8,40,9
ec9cb9feeea8ae2de2b5c46d2f34cde7,0.038589521893300116,22,53178.0,8,2,9
ed213efeaa3c086638a4c13fbbe454a1,0.15535254287533462,28,1301259.0,116,7,9
ed7c075f3224490025bbeb6aece27bca,0.013320240774191916,6,158486.0,45,3,9
ee22d4a2781e2075f02d82cc4b9d7301,0.34254523972049356,41,1752677.0,417,21,9
ee4fa2c21886c15ede4f41f42e287b09,0.510110991075635,20,514790.0,82,2,9
eeba9483ef4de1cfa913ce3d1017537d,0.040412206668406725,7,31880.0,15,1,9
f1d2cd43f2fa7cb0ed187ba343e30950,0.20346613507717848,16,650260.0,116,2,9
f2085e46e7c816abe474392e585a0be2,0.014501398894935846,5,59224.0,38,2,9
f2a2337422f994f84cc4d757d920e664,0.19267944153398275,7,689191.0,26,1,9
f308fd560639b3997a1be7c476d40bb2,0.3342098891735077,8,15522633.0,424,8,9
f3916e976deb67c266a43bbeb02bc758,0.02130440145265311,18,2844450.0,329,10,9
f494231cda3ff7a3fe31973e1bfc2fd4,0.0051778360502794385,3,721718.0,286,8,9
f50b63027ce1f716f755e83a0859be8f,0.06173939967993647,30,1347970.0,298,17,9
f521b2526c8f536f7753572b1bb89a5e,0.018465850909706205,10,1432123.0,380,12,9
f5f36679bba12f97362e67c291620870,0.015685514139477164,13,1600956.0,508,17,9
f66bf4d8297a46f92d142251eee6dd58,0.05997091741301119,50,549255.0,137,9,9
f75ea578cbe4c6dbffbdf40b785114c7,0.029415326192975044,1,12541.0,2,1,9
f7af5219b1b234998faef298f02b05f6,0.0809926763176918,1,693354.0,58,2,9
f82b00b66502f5e680415ee7e4e975e3,0.038193612825125456,7,3163460.0,196,10,9
f82d0179423f9eec75cb4bdf4b1d083e,0.05889695603400469,23,3157873.0,402,15,9
f838b01cc36d111e3fbcd9994f6e7f13,0.011026665568351746,9,144069.0,30,2,9
f875b99ff9506f32763cceab22bc45ca,0.045882354490458965,8,2248763.0,315,17,9
f936b0ddcd7e3585e747db2be6983267,0.03905460238456726,1,70237.0,5,1,9
f9580617cffe4f2306dda0e9a7f69362,0.014645187184214592,1,27116.0,11,1,9
f9ddb5ac89d32fe6dcf054f7954be4c1,0.4912205468863249,21,1287616.0,242,12,9
fb589c414a3038680a26044d2ac44861,0.9337491765618324,12,694542.0,168,6,9
fca38a4c36920091565480c209d75429,0.08606366976164281,24,878034.0,384,10,9
fcc61e50206f33e508c81361f742ae98,0.9037823937833309,12,16254.0,8,1,9
fd0697a00fc99857739628d14d6f4f0f,0.004247455624863505,2,1409842.0,134,6,9
fe8ddc2a23fdbcd42026c5b078197d69,0.09884549351409078,14,73089.0,30,1,9
ff7c3720a9abcfb231501c50f068c3b0,0.010710474743973464,11,11082.0,7,1,9
1d07b1b82ca0995bf13994841d43c8d2,0.027858091983944178,3,9157439.0,943,33,9
1d4b828ccb26305a97d57090b99abba2,0.05646900739520788,5,26248.0,20,1,9
1f529087aad15529190e317b91fbf5ea,0.02708811778575182,3,412086.0,109,4,9
2216543d0a838c19eaa854fda1879d28,0.18995670229196548,4,107217.0,24,2,9
248532724ece0548d4dadce52b37e8f9,0.02132269274443388,2,2542240.0,206,3,9
288e37eb7994d0b6f3f8d0aa08eea2be,0.04183225706219673,5,2316901.0,132,14,9
29620c55a6b1b8a5ff7ed0c91bfd44d3,0.001334085245616734,1,3607764.0,236,6,9
425f325b69ff5e9d5d036b4cc2bf5322,0.004753205575980246,3,13241764.0,23,2,9
49BE28F82586459183E6BAF17A3382ED,0.01059294128417969,1,3468139936.0,36,2,9
4cca0dd3207450cb7c90e81d9aa4be9c,0.019985204562544823,1,125935.0,51,4,9
4d9e0c2b7e2cc338d753acebc98d1dd4,0.016385038383305073,2,2558354.0,114,6,9
50ddaa1005824d17d6934ba4d5b7ae8c,0.06001863069832325,2,547743.0,6,1,9
5c247fab318f51cf2b06a7ec9f517095,0.24751773476600647,1,1662772.0,237,5,9
5f5af23f8ff0adae0e9c29455233dd98,0.0038862719666212797,1,163712.0,6,1,9
634ace2a77accb64a225db08f173139d,0.05000000074505806,1,1785005.0,78,3,9
678601e955b13cb97eec2f04fd1404a2,0.03720647469162941,1,705173.0,14,2,9
67fba5a8c57f8f8b92b9f642253183ea,0.033019984140992165,2,233801.0,59,2,9
6920BA578D3E40F5AAC96D7AC39EAEB5,0.001779262304306031,1,181029108895.0,437,13,9
6ffa63913b4dcb6e92900c4a732dac03,0.05363760609179735,2,2254776.0,418,12,9
7e89d8ecbc740ee0b00c19f4a924a894,0.050200000405311584,1,8880.0,1,1,9
7e9d865813b9dd1e6485982cc6e4406a,0.5666787028312683,1,451201.0,48,7,9
7f1764fb147d00e0b03e879fb219a44f,0.005490094190463424,2,2962477.0,357,14,9
96b5e42032c44781315f2e5d691c4929,0.0026658399729058146,2,19456.0,4,1,9
a0194b8d1a06ac031bd623915bd73873,0.4204045981168747,3,9275.0,3,1,9
a298dbfb83f7a932fc127b5dd1952d04,0.29533055424690247,1,32759.0,11,2,9
a4a5879e5d5adbd9ed39f0b312ff7e09,0.009999999776482582,1,29322033.0,6,1,9
a52953b8056068c3da561f2a62d2ec70,0.0413481923751533,2,1284658.0,278,5,9
aa5b76f9ca5a716a8fa5e36b6031cbe3,0.13767385482788086,1,4637814.0,894,24,9
ae2f8e78614258d21eea6ccfa8b68bf7,0.004882017616182566,1,483692.0,77,3,9
baabddd0ecb0819ff3ec7f2d81800d54,0.24058471620082855,1,118867.0,18,2,9
cdb9163af723ac7ddeeaeec4f59044a1,0.040472421795129776,1,5229354.0,109,22,9
d586863a88f739064a1605c44b42b3a0,0.04177623614668846,1,1445817.0,18,6,9
db109799fa7a6d80f576de872fe69cbc,0.007059555733576417,3,13520.0,6,1,9
dd90a056bea9b7f8a1c34a767a2fea58,0.003782727289944887,1,37481.0,11,1,9
e4ba26b10a033ce741d8a692871294c1,0.008270937018096447,2,4431759.0,624,9,9
ffb08eae2bed2f6867d72fa351bde2ed,0.06542319990694523,2,11778.0,7,1,9
19ada4bed38e9d04d5b710c24a1aa19a,,0,,70,7,9
228854df191f0da81bab09452f8e138f,,0,,369,21,9
301732c85f93fd07a1c7c0d9b8648d2d,,0,,46,4,9
4d0ffcc18c74aa2f1da6b496bf4a2bbb,,0,,251,12,9
554cfd0931f540e758dc7e931164eff0,,0,,36,5,9
68E990D0B44644DEA7597B667373C143,,0,,82,6,9
6ea1f9e6b8370cbd33acdd94131a9798,,0,,8,8,9
88dbf8aa88eac4a2066441e4bc2d4364,,0,,471,22,9
9334bde39e21e1d668d0a081de6900cb,,0,,59,2,9
94C798EEB1874A6F8F5AADF9679BE8C5,,0,,86,4,9
B14E11BF3A0C446680977CAF465E0958,,0,,140,7,9
bed0acbc6d57e97d8dcd38dc62eebd9e,,0,,216,9,9
c0880dba065811fe53ce4c71bf764045,,0,,8,1,9
c9f63179bccfcc4a5b73b465282c20a4,0.002199356909841299,1,14923703.0,94,8,9
cb0bc98adb42bbd3f4b66b3dadd11c76,1.1143664121627808,1,5237515.0,521,22,9
cd731b153e2820ec1d398a7037dee671,,0,,75,13,9
d44fcdfec13001b9d8a77a7b7e37181c,,0,,423,10,9
0b2423120f3e13523614724dd884b5ab,,0,,15,1,9
0fe3717459780b11439b3a2763a19bef,,0,,136,6,9
143c0b97c6bcdbe0e13e8f51adec8583,,0,,433,6,9
16610f77a5cd538b1aa76dfa0a7e7ed0,,0,,33,4,9
18da676085c53530d980bde5dbe41113,,0,,711,17,9
1b8a7674a6b83ac4119940ab5a80398e,,0,,200,13,9
1ca2a60a47b801919c30aaf20a964282,,0,,215,9,9
21C9EA1F895E4E50B9054989EDE772F6,,0,,33,2,9
22c2d23a0f7d407bbf31607252a505f8,,0,,120,2,9
24a2940b04b7d037990fe38f2776ab04,,0,,282,6,9
263b1dabcfb4048afd0c997789bc863b,,0,,999,26,9
280591f289816cb17773ba182779382d,,0,,17,3,9
2d8adfacbb7931de397268feff05ba9b,,0,,143,6,9
31b8990ed86d34e6369e85c5e7f191ce,,0,,95,14,9
363e6a371df3a67a1ce32f8c0f1c0f4f,,0,,48,1,9
38b5aed82011081f5f4ce7860cc329eb,,0,,976,23,9
38ec4691111753fa19dffccecce00b45,,0,,104,5,9
3b077771cf0cf4859d9469ab136ffee7,,0,,28,2,9
3c156b9e8c993e8f00faf27efa035e35,,0,,385,6,9
41ee14a5afda055e830ae6019d5820fd,,0,,165,4,9
42a55558e843a1ad7a5716031c228182,,0,,498,23,9
431d124b6cae0745af12145eba0fb22f,,0,,18,1,9
471278326645e3b6bc082a3f6fcc7513,,0,,156,5,9
4aa2a3732c82ae48466137349b587eec,0.022714348509907722,1,17914.0,13,1,9
4e31b22ef066f2f77f8918e315ea5a15,,0,,60,3,9
4ebcfd5f20269bbcb4c31d924ab00766,,0,,145,6,9
524c9168baa522d1579e3eb8b8b5df61,,0,,19,2,9
55ae9fa88bddfe58db8859d1bb14469c,,0,,17,1,9
55eaba35c53e30c8f1cf8f5969d7b7e3,0.019661320373415947,1,2387297.0,411,10,9
570aabd4111081bdb8753689d5f5afea,,0,,84,6,9
57f53cfb0e1b5f53eccae741c309cfe1,,0,,258,11,9
599c7269b9d82a04bb443dd6641b9aa5,,0,,279,6,9
5a070206ac5b917259438d051f3d6a71,0.03612819314002991,1,764229.0,77,4,9
5cefe5e417410caa64102b24c2840a15,,0,,600,9,9
5d37bf2eb592f90c8c76bb9c664b83ea,,0,,316,14,9
643A2E4B0C5F473ABCA7288D085BD0A7,,0,,981,24,9
6d6ecef50c59ddb7b8dae46721e95ab5,,0,,333,8,9
73c4cad24f0c02e49bae03bc69e681f4,,0,,312,24,9
75bf5da3ee5b77a790cdf08768d9e3c5,0.015164236538112164,1,124962.0,7,1,9
76b59f6a9064a0d6e62f4e8a17c787ad,2.19629168510437,2,17909977.0,7,1,9
7B5F1FC795354E7AB886C65EAE5DC3FE,,0,,1078,25,9
7a2de1c2563ba93cd3c8fd94cf063167,0.02893275022506714,1,775847.0,152,5,9
7f019529d5484ae905e07e50fc84496e,0.04177623614668846,1,507642.0,189,4,9
83c3c917cd2533c4b32f7e7cf0def71e,,0,,362,8,9
86EDA8A6B91F454EBDEF82B77AC3F389,,0,,27,2,9
886080f1567ba8ada18af1835f7e66ac,,0,,38,27,9
90dd942faf7ea62f5659456f7cd58f2e,,0,,109,4,9
92d024f2aa6bdb57e99cc072fdb2bc91,,0,,35,3,9
97e48f60ea6cb9805a1ef6bbbfe25456,0.022493571043014526,1,810703.0,266,3,9
98F7207A73DA4365A77FC017C3268FDE,,0,,50,1,9
99D45975CEC943178DB8D7EF724CE21B,,0,,168,4,9
9a46d1546f2d4bfe769a963fc675efbb,0.3337293565273285,1,2131189.0,301,13,9
9b5b496c3f12602de1b12d91f3e6266d,,0,,139,6,9
9bf1517accb8fd0e6373c1a6f0571d7c,,0,,111,6,9
A6F2F300E257453F9EFAD4ED3B48DB87,,0,,117,5,9
E8EC9743F0304A00A4E430CAECF7785E,,0,,104,6,9
a03fd3cc7de81cb23e618592f6104aa1,,0,,22,2,9
a1dff9814e6aa1aefd1cbbb87ef99ef1,,0,,176,4,9
a4cc6d60073876b58f753b2d2b6ba32c,,0,,91,4,9
a9c91cb1fcb10f6c06520bff6b468e25,,0,,119,6,9
aa021834bc14da62c242d279df052886,,0,,5,1,9
aaa2290049307f3ea252085d0e2188b5,,0,,11,1,9
abd5c81d89b4d4df013797815ae81815,,0,,260,7,9
ac3736107bef85bebcabc4ad4f71db08,,0,,26,3,9
ae61eab53817652d0a24e37121627ab5,,0,,517,12,9
b40ec4b9ed9383cde06597540324e726,,0,,112,6,9
bad468d247e3ad7cfa4c4a4e95114e78,,0,,4,6,9
bb19969a99711742fa2ebe52b06a11e9,0.0010861939517781138,1,310412.0,22,2,9
bb6f390d737b7dd138c91e2a6fca54eb,,0,,43,2,9
bf2dff2c45ffc5ae8492893882a90d83,,0,,468,13,9
c91c22ff19c45b0946249d5f0ad1644d,,0,,19,2,9
ce4652629956e46f0fa472d1ba3c53e8,,0,,346,10,9
cf526a8ce4b55aea75715cfc388bde7e,,0,,68,4,9
cf82dcc4cbc2642476c5dfce046a7fd9,,0,,47,3,9
d2cf1fb2efb77aacc90d974665714467,,0,,335,16,9
d341624c603dcbd1408314ec1382f6fa,,0,,137,4,9
d5fa3a5980d63641c129103560108c70,0.145368754863739,2,3928177.0,480,8,9
d7e9919faca336dc24f1cbf8c1060238,,0,,85,3,9
d856d317d382b722dbdda47d32aec2ff,,0,,27,14,9
d9c1dcfd1eb69ef4705e533fa57ea504,,0,,172,6,9
dfa7e78e59c5ae904f76e4f7dca92d99,,0,,30,2,9
e4aea73456634f95b32a7143d87f05ba,,0,,69,6,9
e86cdbf18bb3c907455e772482040f6e,,0,,365,10,9
ecbcb03d62983abe86e91a2198593991,,0,,25,4,9
f2c15d16ae736dc81656ee99e5038129,,0,,376,13,9
f2d0f3ecd8d1b0cee2028e2e6b7779bd,,0,,147,6,9
f2d4639596b18a1c3893102412e14a6c,,0,,117,7,9
fb459d1135bf83b9fb74f77686eff024,,0,,9,1,9
00c515535d08faa21dd57f109064d562,0.0034517371095716953,1,696748.0,20,1,9
0e66c1d6981dba9e045de9b9e2b60753,0.02782229147851467,1,1586820.0,165,7,9
3b676192eec5b21a1a7c1eab53d7b5fb,0.003916676621884108,1,5888747.0,74,6,9
6b49aaee53600ae88e3328710ece683d,0.0035257500130683184,1,1933653.0,492,16,9
a6251bcaea39227717f1fa3e0f202c11,0.010639049112796783,1,2635433.0,697,12,9
c425740b7af49f296a0a3d4b07cd4af3,0.025647561997175217,1,2522504.0,729,15,9
dd8bdfa9e585681c7e897fcbf91c7307,0.002905916888266802,1,1805678.0,387,6,9
e115c25ff1d1c13dad6d030180a29e69,0.004622772801667452,1,3848720.0,241,7,9
6df48d025e4d3beb93c9b4823152e0ae,,0,,507,14,9
056fe556e2b6372d6af993ea209f2a1b,,0,,277,3,9
11282a7dd66f298e31f0e4f8bebff92d,,0,,183,6,9
304ca6385aa572b38f864b449dec5f37,,0,,159,17,9
44b1c732c06eb9eb18a98bcd5023ed5c,,0,,43,2,9
4a85ce2aacfca38fa7b18978a5c9254c,,0,,169,8,9
6D967A90FF274E63A2AC45F09CB3F999,,0,,330,7,9
83a75df4032c09a63a09c69e6bcb8a3d,,0,,251,5,9
8da116d4c2a3af34bbdca6ff6b8910ef,,0,,399,9,9
a88237ed218808538f5d15c9fba6aa60,,0,,14,1,9
aead3992d858037c0441759003870c42,,0,,326,11,9
cebfdf8df6104d3ba8efde8c0c691195,,0,,285,5,9
d63a5c035d4c0ec192975308c41c40f9,,0,,81,4,9
ea010c6d0f92a9f76c3b7c74c7549dc0,,0,,12,2,9
f57a80370c6e25da191fe85036c51774,,0,,39,2,9
fe2e314316396333077b31a3b213a5c8,,0,,9,1,9
