user_pseudo_id,revenue_sum,ad_impression_count,max_time_in_game,max_session_number,max_world,max_level
0002f0e8bd9be16a027a072b9f190eaf,0.0148282740265131,1,18262.0,7,1,6
000c3da1f60be491ece164ed5ee7ee78,0.051101404475048184,15,259645.0,116,2,9
001331a8e2bf4a216616cbd6ec454392,0.026255734264850616,2,2041152.0,318,9,9
001985fb4317a1cd5c873f210494f37d,0.029108666814863682,2,17434225.0,66,10,7
002d0f6a074f4de9291c5789c1c08cb6,0.2677982933819294,28,491374.0,151,6,9
003f94187df9ff29bfeaa85b7e5841ea,0.043310784618370235,21,2042534.0,24,8,6
00610BE6E0604F329EBAB867669E0E95,0.20489899444580073,7,5209698683.0,169,4,4
006fd6e964b3df7c0820928e64f94c14,0.23297477513551712,4,5381.0,5,1,5
007c5f04fd78206bdcc5a54ea9bd6eb3,0.027011340367607772,67,1322850.0,52,5,3
008354ba9d60a559bc067d5725df9796,0.6603558650240302,23,27820.0,3,2,3
00947957710b88080b9c4f51d40b28e4,0.006529523758217692,2,613497.0,143,6,1
00b78257d581efe1383ec526fab30d54,0.001070687168976292,2,925.0,1,1,2
00bd5fd61576a3f9cad7ad4a30ce6209,0.0038695207331329584,1,10223.0,8,1,8
00bf6da5a7dd2254b476ddfcce00dff9,0.048702066764235497,5,1411095.0,180,6,9
00c704802d45e84f2a9f7304fdcd092e,1.2843206822872162,24,175501.0,66,5,1
00c86692f9e759522d31ccd81dd93137,0.0023979179095476866,2,847.0,2,1,1
00c897465d29ceecbb70579b1b2fc973,0.0687319288845174,79,91322.0,14,2,6
00e1f40b17b9963e1a2816a08a10cb99,0.7907251976430416,40,793847.0,209,7,4
00f704d27ac466b44afd631f5f181bce,0.1360074537806213,30,342880.0,48,6,4
00f974f608798cc7957fdd52257a72de,0.3330117603763938,21,109336.0,5,2,1
0108820e63f8240b691182a1ffabf3a3,0.007356683257967234,1,247.0,1,1,1
01095ee3b0488f977cd9a2de04b0a70c,0.0159000379499048,5,3667520.0,178,2,9
0116ce4f0006e9e44ecdbbe715e62ff4,0.03713044326286763,20,159895.0,93,4,3
01323c89786016fb29e0d817101378ac,0.07504450506530702,18,2693501.0,542,8,5
013c4243bae3c7e2ad20d700b3548d62,0.026818260550498962,2,143616.0,32,4,3
01423259fb6f7550fffc2daff5d6d4a5,0.8696292117238045,24,20809943.0,15,1,5
014acfc083321805418633244291f976,0.007267696084454656,3,12745058.0,115,9,5
0159b32b19b9bbda717ecc41df7091cb,0.0071035269647836685,2,148414.0,51,3,9
015e001e07019aeabff26e53e4797c72,0.12474187090992928,5,1836940.0,96,7,5
0161fc48194fb431aa47c91b6c10cab8,0.00211246102117002,1,1837397.0,312,7,5
01681F3B4451461E810205633C8CEFA5,0.01237871646881103,1,12181490682.0,51,4,1
017f28d259dc38bbefab4397cdbc4c23,0.7876612730324268,13,156412.0,37,3,0
019302FD06E64FE58DCF0538FBAC7FCC,0.1296271667480469,1,36549473853.0,31,4,6
019e9daaa0529581225680100db48808,0.015155601315200329,1,754150.0,146,6,5
01A7222E9C0B45E78AD7DFC29F0EDB3E,0.002447180031538009,1,111304044861.0,192,8,4
01b3ace150375c0f0b3be480097f3992,0.06736227730289102,22,561814.0,87,6,1
01c39b677accb675568f00bc7bdb4756,0.009999999776482582,1,5220576.0,439,22,9
01e625f9f34cd03bbc329bf1b5942031,0.05390485702082515,7,2911791.0,341,9,0
01f125751760ef04f6887b91aec69c93,0.012477583164582029,37,295672.0,62,4,2
01fbd6cb3ecdf657d991bfeabe04204a,0.004253112245351076,1,4229560.0,154,23,5
020cebf71a0fc93635d5ebb29631a0cf,0.003442707034992054,15,3252779.0,276,9,3
0212470eb693a13a3581d633621c3a41,0.15381505014374852,16,1421854.0,123,8,0
021a59f330b110660b1182de6f18d4fe,14.697391271591187,12,113256.0,6,2,3
021aaaf30c4c778c5ba6c01dd07d36e5,0.11154291406273842,9,1355.0,1,1,2
021c39d8bf5d52c05e00abc823e79ded,0.30409936187788844,87,359130.0,59,5,2
023bb7e78960e1e2c9aa29ddf9c48598,0.023590510245412588,19,4374358.0,1550,34,8
0246c718a331fa26c3e79b652bb2a66e,0.03742631897330284,1,2054985.0,376,9,0
0248C14A8CCE41BAA361AA42B4F2677E,0.9445451577253159,56,3481705022.0,6,2,0
02526fe8da6a5f0619823e1fe3ef52db,0.4081577658653259,1,801309.0,51,6,4
0253B5727AB04EAFB9D434E40A5A850B,0.0592214469909668,1,5219664358.0,22,3,8
0260d87da2acb1213526da34bcef5c32,0.1394907608628273,3,1746791.0,266,7,8
02636f1256cad0cffd010b85e333cad3,0.03200000151991844,2,12.0,114,3,2
0265bfeb5758a248b112cc0bf4593c83,0.019056546967476606,3,2692888.0,210,7,0
026928c8188fb7e5c01adca3debac25d,0.014477184042334557,2,613874.0,63,2,5
0279bf625ed95258a6c5bcd6a8e6c304,0.5332307517528534,2,29889.0,4,1,7
027e061b2e039410134d811b49484944,0.05000447609927505,13,1210294.0,314,7,1
028c7059cd5df812e8a89f3d54819a39,0.04583229990385007,245,4193392.0,1168,23,9
0295B3FD25284C3BA70ABA9B8A48AC21,0.1866225166320801,4,627.0,1,1,1
02bf864359c93bf01ad7db9d19a463c6,0.04195019230246544,1,80381.0,34,4,3
02d30c55fd36fd46738c0b51d1bf2c09,2.072762757539749,24,5743684.0,358,60,2
02ed9c1910e8f98860c3d127b59f29a9,0.8536170348525047,4,23444566.0,1,2,0
02ee84922a8fa3fdb1b2afa0345e7a51,0.03260434145340696,32,959521.0,65,2,8
02fec7bd8eb73ddb1f94d8eb589d40bc,0.16835558228194714,22,23228.0,5,2,2
030ce029d429a915360b3f0087db15b3,5.190102085471153,142,153122.0,13,3,4
032369A03AA843659D65014BF5AF8500,0.04078628444671633,2,20672748664.0,783,43,4
0330445C24B34436954EBEC9FFA3E70F,0.052756347656249994,4,201465819558.0,126,7,8
033eb64c23ab5fb854c3fc396531b14f,0.004434362053871155,2,8361246.0,1230,17,5
0345CB7AE5024EA490D7B510A4BB1782,0.12039982825799563,23,191383596831.0,106,5,6
034f97dc29f222510f502a640df0505d,0.007517499849200249,1,1810.0,2,1,3
0356087529f16ccccaaa08dea33c04c7,0.49738954845815897,24,35223.0,7,2,0
035c6f0f2ded9e9c0206ac0073c29954,0.0048647429794073105,4,6281969.0,72,5,5
035ca71cbddbcb53a1f9e617ae0fb2fa,0.19824806600809097,6,710527.0,130,4,4
035de891555ca39a93489a61842f37e1,0.08355163177475333,13,73963.0,40,3,4
03799ecf54ba8d2fc135ee16fbb79219,5.016744684427977,89,7866948.0,10,2,2
0382f7936848e4cda09f51c3375e59a0,0.11385438032448292,40,1199605.0,68,8,4
038aaa5c4b46f3e85ba1db32367c6407,0.13194238767027855,3,34864345.0,152,14,3
0396657924844712A3CC14F2428BF6BD,0.05,1,19264.0,11,1,8
0397900cff0f46ab9e17bc7025dbf6de,0.03908265195786953,3,373650.0,53,7,7
03B45FA222544E3AA20165BAD0A06F21,0.5401909942626953,5,3485062229.0,74,5,0
03a88d90d08b11386df934324606b0c6,0.15185000281780958,14,398439.0,45,4,5
03ae5a65d15105679bb087af9f5344ae,0.06305499374866486,2,16178.0,2,1,1
03b21a81543d2ad871cdbea8b902bf7b,0.020586354192346334,3,1255428.0,240,5,0
03bc5fcc711f6c3e341bae9d206fdebd,0.5912918886169791,22,24226.0,11,2,4
03c4af88033711828d5edfdbd077d7aa,0.26184640906285495,10,2606140.0,456,10,2
03d9b9ec42515be272de82ef1e8f627d,0.284601628780365,3,2532.0,1,1,3
03ebcb97c1b6498a71ace880d352fcf0,0.07462500035762787,1,478560.0,71,1,7
03f064259f3904a3908d6cbac20c53c6,0.11100976914167404,6,12288.0,2,2,0
03fc33bb4f7ccd4d3e386371664422fd,0.010042069479823112,12,15898254.0,1996,53,5
040ba4982a160f559ef24e747b6ee0cf,0.06862646900117397,7,1210026.0,82,8,4
0439d53b6bd8419064c69b8e34c392ea,0.008868132252246141,2,4107694.0,1,,
04424c44d58d884984573dc27dc751b7,0.0062725418247282505,1,824.0,2,1,2
044634ec2b4b34c665d16ad5295a0bf3,0.02459110232302919,19,127683.0,10,1,7
044eee0fa9744356835141b3a26d0d24,0.004093049850780517,10,1147708.0,83,5,4
0459d0c6bb86cf3570a48a556677ccf5,0.11248462274670601,3,7544903.0,60,3,5
045a2615cfd66edebe7f45d3895b607e,0.00613100896589458,2,20234.0,11,2,2
046e9271cdf51478d955e28248ac14e2,0.007411032100208104,5,2543802.0,130,7,3
04841cd5680caf24abe0b687197e8f1d,0.009999999776482582,1,480692.0,22,2,5
048f9cb065b51579bb5813cce26ef5e0,0.02946858387440443,2,5985775.0,735,21,8
0492fc0d41a68a14149ea8c86047319f,0.03296698909252882,3,4297.0,1,1,7
049b9e64c20b8798c509cc4088526db6,0.002168765611713752,3,4575107.0,48,4,6
04FDA62A68754C0AAA6542C22927DC53,0.03341131207159424,8,1735366142.0,181,7,5
04a6ce7345c681b3cd6d6755f1aa50a5,0.22171452641487122,4,243138.0,38,3,1
04b200d15a2c0829792f7ecbcc3e9dc6,0.9774361364543438,16,54682.0,5,1,6
04c8d617e6fc3e3c74d9caff11b2b96f,0.004317391198128462,1,1055981.0,149,5,1
04c9eb0e11d3140b781ff5734c4df1ed,0.01024754368700087,2,1786428.0,157,12,7
04f535a4dfacba039d77474715b83e62,0.02575761079788208,3,7231292.0,68,5,7
04fc2eb163d6b4caadca9ce901ea1fb5,0.013883473700843751,8,7928190.0,1582,29,3
04fd04087b78eb3a688e852e8c0c2a25,0.03416242264211178,2,348593.0,128,3,9
050e74dd8bd4cfcd10288e4cc0222f58,0.021501427982002497,41,1317869.0,256,9,6
052aae0f3abeafeb864c8f5c95721670,0.9499572813510895,3,897.0,2,1,1
054b7334ddca05b6e1f5b040d00ea483,0.6381431659683585,40,9031.0,3,2,0
055ef540017895b3ee9b617f770dd0b4,0.045467521937098354,18,5116185.0,775,12,7
058516b75b802591c633c8544b28609c,0.11869857087731361,12,10531916.0,342,6,3
058f76d9892b47b19b3de65b540a45ea,0.021272829733788967,8,512294.0,14,2,4
058faa6ae36f7d4284534ed46cbd58eb,0.016503625141922385,13,12054.0,2,2,2
05aaaeaa8bc4b8a4ae2978a720cbc6c4,0.022839747369289398,2,651625.0,85,5,4
05ab5d2364e3e0eebe52ed19f0d5cd30,0.1121297087520361,17,1798722.0,263,14,7
05c2b3e15da6d35fffabfc29d0c95978,0.049058868549764156,10,5560201.0,41,2,4
05cb356439330db18f0e6a326c9ec440,0.06940308213233948,1,313.0,2,1,1
05d50e9d126bd733c4bc64fab2144ee1,0.006341922067804262,20,741872.0,84,5,2
05e342e648183b5a18afa77126029843,0.23493883945047855,24,11319.0,3,1,4
05e707c79c612806ee8e2fba49b0fccb,0.06737214513123035,3,633242.0,46,3,3
05e861107e6864cd3ad7ff3aa75622ad,0.6949929436668754,56,3328237.0,363,13,5
05f44dd68a88a28bf49f890453368e7f,0.00304372888058424,1,3678260.0,425,15,4
05fd6bf4044fe879c4b50e52d3ea6e94,0.4561561979353428,5,19244.0,2,2,6
0600ed8153be393cf5d5301598d8670c,0.15257232636213303,2,2013.0,3,1,1
0602f65de3165ddfbadcd2107bbbc58a,0.06414593756198883,1,415475.0,41,2,7
0608aa60b979661e478a1c533dd77b05,0.05701206816593185,53,1160568.0,419,2,9
060920f53d0a9bba9545bb81af8f6286,0.0006769698520656675,5,644537.0,130,6,4
060bf9cc7e95500bc4a1e610b47d2e32,0.2046020794659853,28,163856.0,98,3,4
060fb9b43d6f046632d72fb55291d459,0.31122222542762756,1,101767.0,4,1,6
061268032165cd9ca961b573c294aa1f,0.245629221200943,2,1176054.0,97,13,2
06137773b8461ad8d24f90d25930c19c,0.2865433879196644,10,14022138.0,16,22,3
0619a4241e2433d3e98de2a5d4811dbb,1.1902854442596436,8,21104976.0,5,2,1
062b257de4aeaacebf2c628fd123743e,0.10603521252050996,12,111305.0,15,3,2
063787a4efde32ab7c1006f21e783993,0.047577972523868084,5,13610.0,8,2,0
0643b6174893b488ef36213e59968863,0.26279884576797485,3,1089.0,1,1,3
06508803bcde38ddb5443f99abbe7a3c,0.12393398955464363,3,5117.0,3,1,6
065498badf3cc3e510fd7331e1ec3b27,0.02204556396463886,21,98735.0,18,4,6
06724f0c7a1b9c44442250930585714c,0.04339679889380932,9,935115.0,163,8,0
067706a70cefe2e86bb26f33d52dd196,0.09710062108933926,18,123269.0,31,3,2
06851521fc13e0b3eea9dc8c8162f5c8,0.07837553322315216,1,12342599.0,29,7,4
0685544ec3ead5e468aba2cb98f406ac,0.014451659051701427,11,453152.0,14,2,1
0685dd849e1cf0ad2eb4166fa673cece,0.016299879178404808,1,2526308.0,1009,16,8
069e4e59f29670b4c4c2abace6f6eb26,0.0057836466148728505,32,2608204.0,554,12,1
06C714E7F3524D07B4CEE0E3D2B08DEC,0.009417470848883152,4,1737022381.0,238,8,0
06a945ccd994daab8ec8541e666f0143,0.12486349605023861,4,3034590.0,652,9,8
06a999f2d2feced8e40bf2cb97cd427d,0.09057529643177986,5,8012668.0,82,12,6
06c69cece33fcf79d9e22977af09424b,0.022206783294677734,1,2263165.0,320,21,3
06da56bb26c21d807b937979f9f49d75,0.01622003791271709,30,1502081.0,151,11,9
06e025566d6008a5589892c906d8d8ee,0.07441381295211613,14,263049.0,53,7,0
06f36713d005a3615b587dea2d16ddc0,0.00485199736431241,1,1200756.0,170,8,5
07064bdade2e5befce5c6b58c60f7cb2,0.09846051596105099,10,684390.0,10,2,0
070c258ca7a267efc2b89bb648118633,0.016684798523783684,2,75404.0,19,3,5
070c54bf34cefb8cdc074ca169d137db,0.11741707846522331,3,1563133.0,433,10,9
070e4337bdbb8b2a42ad42ff66ee26c4,0.004250426311045885,1,487.0,1,1,1
071444320c807776a109a87b891d015e,0.02789409796241671,34,673153.0,204,7,8
071f35093f6055e850ab77f14f829f3f,0.0014780121855437756,1,2190824.0,209,5,4
072F9AB8D6C34654BFB4ED6FA4DF7FB0,0.01,1,12138988324.0,524,7,0
073a9021b8d2062b05004ff280e944ea,0.0628841994330287,4,9817.0,6,2,1
074275FB277246F097E952A7E7BE28B7,1.13755908203125,1,31041712.0,2,5,2
0768fea2aa31e16c0b97dd7c7fafa9ff,0.6531855799257755,9,815490.0,95,6,0
077d6d82356639f8bb29f655acf487a2,0.03430389461573213,19,118673.0,42,3,2
077dd77eeab625b8b8b60041bb963203,0.020718774117995054,23,523634.0,125,6,3
07913b7c4d6e2f9850aa75f86aa784f2,0.013296064920723438,3,2587438.0,29,4,1
07E5393BD50642FAA7313DD0EC52CF23,0.021501529693603513,2,246767.0,11,1,3
07a9ec7582d52543cc301bdd7c8aecc1,0.0011535407975316048,1,3221440.0,327,10,1
07af33190fd3183d46833464647ec7a9,0.050216556061059237,9,564101.0,45,6,7
07cd1e3b7cc9573061708b2cdff65814,0.03436211124062538,3,2557892.0,629,18,6
07d01ef3b5a1058c61a3264258cec3c4,0.11586171816452406,49,226175.0,67,3,7
07f4eef338d37d85e874277971b7b231,0.04396286921110004,12,,94,6,3
07f5a4eff5d15ca62a018666fd881a3f,0.7620389210060239,40,1229456.0,150,7,9
080E6929CD1749EBA1E4DECE862A6C9C,0.1064057731612921,8,1740671162.0,156,5,7
080e73952b155841ad43f11964196dc0,0.06499594543129206,8,1535061.0,81,15,2
081cbeea6c7f768bd3757dcf0a77af00,0.036916930228471756,2,362941.0,40,2,7
0825e37e41e89f842c090bc6abe4726c,0.021879869047552347,17,1076877.0,144,9,6
08323a67d5f53498ca70f8a0c2eb491b,0.06912022805772722,13,445938.0,185,6,6
083ce9b6ea05a46e6e0b98e1efdd1632,0.01310645416378975,1,1614750.0,371,4,7
08413ddbf1c4dfb867b1bf5e5012c888,0.008411918388446793,11,266885.0,57,2,6
084cb5ec9d3edb05260c9189ec7681ab,0.11168068647384644,1,30994926.0,4,18,0
0851215e1b0e337f5a5e696b4f5f3b50,0.02277992765448289,63,1742684.0,410,11,5
085BF4980B2D44EDAFBE248264165211,0.060229937710464004,4,55631961119.0,199,11,0
0881f03b3ef388efd4672eab224c4faf,0.0052582696080207825,1,485.0,1,,
08866bafaeff4ad26e4e90d58f1573c1,0.07425443618558347,29,669148.0,99,5,7
08885d766cb85350de8990775f2b7f0f,0.011102993041276932,1,262442.0,102,4,6
089d2bbfa3c2d7484cf3ca32032c0fc0,0.2206980469636619,17,642723.0,63,4,4
08a1a778fc11d8b174b1358d19263933,0.24240487744100392,67,557194.0,95,10,2
08a2c5bcffe89b231ee4102372e49eca,0.15471893129870296,14,54195.0,11,2,1
08b1ab9f1d7d2cb98a82ef4c7ae3a246,0.0021357746445573866,2,3147006.0,372,13,8
08bad25d89d4cc962b0eab3dc60d47ab,0.16307449049782008,91,1788841.0,292,22,4
08bb6c4a4261f1fe7506a63ff7cf2828,0.17058389261364937,7,8966.0,6,2,0
08dfd7b394bd08235187c3a27661e582,0.0036352757597342134,3,849386.0,53,2,6
08f06245789c88c51f0299df741bb398,0.02038520888891071,13,353607.0,61,3,8
08f819fdb2a1b980f4dc606fea80ab1d,0.06626437895465642,24,2149243.0,81,17,0
091520d58e4afea8e5de35a5c035b2f9,0.04694628482684493,13,1273289.0,113,9,9
0928a0422a68c1ded6600fd5e5026662,0.5833529187366366,47,1587770.0,148,8,2
0933bd761a9e855569251abae8f513a6,1.0241755172610283,16,27090000.0,6,1,7
0935b2133ef3da098a8efed0a64a63fe,0.1930455332621932,8,1058314.0,206,8,4
09397E4F2E7D41BBAB3FF377724CB0F4,0.03606004714965821,1,183.0,1,,
0986e7217884819a9c1665b615aaee74,0.0731959119439125,5,4925170.0,550,14,8
098b244dc4aa1043f7b8f6879c99f7ff,0.03976524178870022,9,1766700.0,589,17,7
09AD1EA5B2B4400DA8B2ADE54D54E6AA,0.018157291,2,6918097500.0,690,17,7
09EFF0037A274144AB60F86AB6C343DC,1.2069632184406518,4,1741686674.0,62,6,2
09a3576554241ef7e7e0f014cf735018,0.004254431929439306,4,2181.0,3,1,4
09a911e62b4b4efb38dcff00c532fb4b,0.20399187342263758,41,85797.0,17,3,8
09ade2b3285456101a454d5e03b1a9ba,0.006120061501860619,1,1629021.0,114,5,8
09b2f9c854c31da986af5cdaa7d41ab6,0.013860836159437895,2,675.0,2,1,2
09b6e7b579289c11dab9d9634d33a3a9,0.38115704245865345,15,3809.0,2,1,3
09c1f88fe3c5721fb4801048a2b33691,0.437511732801795,8,4018822.0,437,15,1
09dbd6c751b04e87c9e30bd639d00d33,0.019405161030590534,12,6149618.0,387,9,6
0A118A4366E548BB90D9CB7E08128A7F,0.1022459259033203,1,3485064410.0,1,5,2
0A6EED224F9740A997EA6F7F60BA3894,0.03396780776977538,1,584.0,2,1,2
0AC21724028F47479948BBA19CC6DE79,0.0875272705988159,9,8697113876.0,215,6,5
0AE0D3FDAEF14C5BBE14BD821E0F702D,0.20623288001108167,13,201054.0,67,5,6
0B8E063589EB4335987EBD5B6F39B061,0.1323104826960654,28,245143.0,67,4,9
0B9A6693AF664BD6BC4B6C32C9DFC4FC,0.07031258365275192,13,12147299618.0,487,9,9
0BA238D2F17140EC87BE782AA684BAFC,0.05155329990386962,4,927.0,1,1,1
0BB015B0D4A84BF6BF011ABC651D59BF,0.005254840214790344,4,12118943770.0,100,6,7
0BFF20F2CAA94C1888814194B8512D52,0.05431762886047363,2,6963363353.0,2,1,6
0D55F4070B4E4EDDB1B745D3880C8D58,0.4623815804590583,10,5966662.0,5,2,1
0DF585ADF11E4850BE56E8CCB374C80B,0.08807569618225099,3,9573.0,5,1,7
0E561E6539634BE1A3491F0750418F56,0.02590130257422924,17,8614161403.0,756,18,2
0F188D444997405C9A02471DA921E27A,0.24064222379089834,35,8703751669.0,12,3,3
0FECC5936FE547E49A00D71BC72C9728,0.01,1,709.0,1,1,1
0a051ab18da5f24d223da6f7f86b8be8,0.0709644437301904,35,2249553.0,389,12,0
0a0d1127f36baaaecbceefcb554c450d,0.03371051233261824,3,213681.0,27,2,9
0a19c38c8f7099679a49a6bc172ceb8b,0.04211294651031494,1,9839557.0,83,9,2
0a1d6e58e675d48dad583debf236aab8,0.015743115916848183,1,197948.0,21,2,4
0a1fb7e58abdfeb07cc1a45789ae5531,0.01590255182236433,3,4907987.0,522,14,3
0a2f42460aa24250c123a286e5af3459,0.015464467462152243,4,1112320.0,189,14,5
0a3133355107e750b2936ee2d39cbe17,0.010714061558246613,1,66854.0,60,3,2
0a4fffabf7b94a6f6a73edb25bd69a47,0.008535664062947035,6,55451.0,23,2,2
0a680ea6ffb1d4d4db6abde02f7ffa35,0.21964529127581045,126,1463093.0,164,5,9
0a76ca6b313e8b2d026c2762eb429a07,0.8118596859276295,35,138174.0,28,3,9
0a80d00750c4b7daec0a1be50f8a3e46,0.00303283310495317,1,5825801.0,527,17,0
0a8df299f33dab5f1c98123490ceb162,0.11431652680039406,7,2315558.0,312,12,6
0a946d200d9375fa6ccb609a12c580df,0.32466786354780197,7,2512.0,3,1,6
0aa3d95f2668b08842ed99ed2d7dcaba,0.4312485605478287,5,381565.0,6,3,1
0aabb45e924cc466abf1aef4ad447902,0.05527946352958679,1,1737260.0,509,9,7
0ab5cdeecb4b8cf89bc8246eacae86cb,0.019055761396884918,1,393.0,1,1,1
0ab66b0a53510c19b8ebaeb472780168,0.012636788887903094,3,490460.0,37,5,0
0ab8439a2ca40b5e4b79381e5b27c41a,0.03067853394895792,3,1057045.0,141,2,4
0ab8bb08dac55df23274def9d11ce74c,0.007141537753341254,40,1072836.0,182,9,3
0abcab4414649e00865d5669940962a5,0.3954468732699752,14,3124061.0,184,10,1
0afbe7f8f3e2327e6887836e3ac3ea81,0.013337977230548859,1,435.0,1,,
0b0e16af687ec08f3ff14306fdb29ad4,0.007669329294003546,10,846265.0,116,7,0
0b137f908f7b69ef4a5d35072c296909,0.019718981347978115,2,1083007.0,279,8,9
0b2e660ed8bbe9a87e09371f8289b2c4,0.002019190462306142,1,4046686.0,1387,27,5
0b37c5e765a128f739a6d6eda54c7a60,0.0016378660802729428,2,529601.0,145,5,0
0b5374d433343ed55ac404d9eb293627,5.952558249235153,16,8259488.0,2,1,4
0b6288faeb325e3e66423752a326a3df,0.017374896866385825,98,435419.0,74,6,7
0b97a416295908e8cb5421c84dfce504,0.014120250009000301,1,1258.0,1,1,2
0ba0b212140099d76c1eb7d377551e18,0.34211502503603697,14,210180.0,50,3,9
0ba14ca458e3506d3b8b935f0079b916,0.4794778823852539,2,2353.0,1,1,7
0ba58f63ae92543d7c886983a683e54e,0.0041850232519209385,1,878291.0,106,8,9
0baa3c35ea13c872d2717b2e07de4abc,0.007758188497973606,17,1130769.0,540,8,9
0bb3b93b08d346dcfebd1815f00b70f1,0.05637643742375076,15,157203.0,21,3,6
0bb490a3ad2b6d0cf7dddca8f37b2f73,0.9792126925312914,272,118145.0,10,3,6
0bb6755ee71965480f430e1075ebabf4,0.009834379889070988,3,1946098.0,269,8,9
0bb87d490dc9bfbb1e148f4f05516f9b,0.0550528674502857,38,1029909.0,418,9,6
0bc4484a83fad24548534bf769af7b60,0.0021908532362431288,2,3750942.0,289,7,8
0bcec47e89ab5daa6d715986b2a3d201,0.03081888002634514,46,4858557.0,1352,48,2
0bd5518126a4addceb9b30562ec6439a,0.07633311278186738,26,1419501.0,324,9,8
0bd9b603e8f177949adb33b3a64bd86d,0.020693420083262026,18,305083.0,114,,
0be9242afee0b6f02c1cf13061b7bd8f,0.10309809574391693,30,89106.0,16,3,2
0bf3b90265b0e98b5027c360397b3c42,0.0804509047884494,9,4229140.0,707,19,4
0c0c586c2872678ab4d9158e0a3932eb,0.011471440084278584,1,7868949.0,803,17,7
0c0ecece549be67520b1281bf354924f,0.003358690068125725,1,,180,10,7
0c1d5fe39ac3c14c8d2a8bdb0dc4e1dd,0.09368696436285973,10,3684285.0,589,17,2
0c208ffa55d87e4964fb933c23c8286b,0.06857053190469742,2,701126.0,63,4,9
0c40906c3cfd6a3c9b4de45cd1ede199,0.017686553532257676,4,1427500.0,254,14,4
0c55949108f2440a0a0d74c96ae7c9c3,0.10192395932972431,8,24246425.0,117,4,2
0c5bf08d296ef6704056c83fc4acc21e,0.011046255007386208,1,1414977.0,203,8,2
0c6e53fe35465b5b5f65beb0f58ca23b,0.07632182215456851,144,7405848.0,911,25,5
0c75cd6f94a77584bf8693e664d5e475,0.05000000074505806,2,4015.0,2,1,9
0c984feffd7d0fffdf65027d3c018cdd,0.07384379580616951,2,8196119.0,244,11,1
0ca78aac5534e4f1ee0f5e52728e2cee,0.016788246808573604,4,3491910.0,253,7,8
0cb400c7f9ee4100eb1c42705043beb0,0.06247113598510623,11,4370266.0,650,16,7
0cefc8975571eb95098a42a8f85f2919,0.04223761963658035,9,370792.0,87,3,9
0cfa2ca17427c787c138e2fcb89c383f,0.06635343283414841,2,7919895.0,13,8,5
0d10bb0147c5c94fe0f7a0dc5f1fc0ca,0.12592817842960358,1,261.0,1,,
0d14709310482dc915357cd8d9d78ec8,0.027718887897208333,16,811692.0,70,3,9
0d1ace30eca446ba3a9384dc39980f53,0.05582217313349247,5,8848025.0,1677,30,3
0d1cbf74cef62ee29bd799df9f463cda,0.11946425749920309,93,,31,7,0
0d30534c1fdaa33c0e03b15ff7e666c7,0.006346692098304629,4,5570424.0,1077,21,2
0d382311c75f5a49a896993e8eece203,0.08335627475753427,15,701898.0,52,4,4
0d4c7352dd884cc5277448c7ecf21092,0.011892552953213453,2,322427.0,59,4,4
0d56bd0d4fe27e14309775c3e71e10f0,0.009731423517223448,10,10799279.0,663,33,3
0d5b1fce49424014efe0d4b1e3fab4f5,0.24644466175232083,67,4712586.0,70,20,6
0d7faa063224c6c9035dcd1f05ea8672,0.03848619572818279,7,1702.0,3,1,1
0d8695e5562da430f7fd098eb9798be9,0.012387098046019673,5,317098.0,63,4,5
0dae9ea1a39d79dcc4bac77bdc68bd92,0.05660472984891385,39,11368109.0,11,3,8
0db3671a70dc0d0da268a5e413de9b0f,0.052917822264134884,16,1668085.0,379,22,0
0db996c41491212e42d01e9ac92c4a8d,0.05756553017999977,21,497229.0,35,4,1
0dc257a2c6f5b8b986d3ab39218448fb,0.1014867015182972,3,147325.0,17,2,5
0dc3d37048012ff3ecc0264dfd9133b2,0.056292123976163566,7,2493378.0,638,18,9
0dcd5dd95fcbebfa3cebb86c403a8d4e,0.03742416659952141,57,250549.0,90,5,4
0dd07a15867ac2493b1990e1a6561cc4,0.003672790015116334,2,637246.0,264,6,8
0dd8939552bf3319403a112786b81f72,0.032447572448290884,17,208105.0,26,5,3
0deabdf54f7910b72ec90cf2df464146,0.006345465313643217,1,61709.0,9,2,0
0dedfb3bca83451c8b2dc77f54e63eda,0.020716441795229912,3,2555461.0,499,13,1
0df0c9c1dcb6813b24a90d39c38481df,0.002601148094981909,1,7224.0,7,1,8
0dfabc2c66cd3386621d303661c3e347,0.07709969487041235,5,238540.0,33,4,0
0e0394833814265ff8f2aadb9d013c43,0.1721440403489396,93,10020711.0,16,2,1
0e0befc10e2e367829603441990f4349,0.004206299781799316,1,1500.0,1,1,3
0e1d3d44e4e6750adae65bbbaca13fb7,0.04382208490278572,9,120281.0,40,4,2
0e248766511547611771dfea3ab0f9fa,0.8678325898945332,23,3021729.0,29,10,7
0e2cd098682bc5a3ef5e3fb4edd3a272,1.6173714399337769,3,1022154.0,71,8,1
0e356c01c864bac6fc51f43befcfd08e,0.0,4,23396.0,38,2,6
0e40d036ed0b023fcf9437570745eaa5,0.14242020063102245,4,3774306.0,367,28,9
0e544626d83afa89083d8059b8052c05,0.0044931042939424515,1,1520101.0,188,6,6
0e582f358f8b82143414eb02600a1bd2,0.11586128734052181,10,9886192.0,668,7,8
0e5c480e639e6081614523a018e58cc7,0.006138046854175627,3,490138.0,109,4,3
0e5d92340e5176392d4772dadde0aa2e,0.08884638105519116,14,1311070.0,106,7,4
0e5f5fe00de0de25c58480d6eefdd9a5,1.067227381747216,104,422725.0,78,5,4
0e6b66ef74c5b698882209cb59698b02,0.22388295433484018,59,2123330.0,457,13,2
0e6e562a318e085ad3632396a8a1b1df,0.02454610078711994,44,2287917.0,1205,24,0
0e9c5a81f0869273d3953befa44881e1,0.29178863743436523,93,3053052.0,797,27,7
0ec2f6190cffc530e9f6eab1083160b8,0.027177338022738695,22,1325320.0,274,8,0
0ecf350f78eced0a176538129f69f200,0.46138593507930636,97,1864371.0,431,13,8
0edbcec3bb9f03936f2278496d3469cb,0.007828697664081119,21,2690677.0,485,12,8
0ede25ee01208cd39424cd950ccdb17a,0.016369112650863826,11,20285853.0,48,3,7
0ee69c7da32de56b5cf9eba353bbbdf2,0.4375678263604641,5,25774.0,12,2,5
0ee7144bdb516c2f4c7351bc712e888c,0.4436285514384508,15,341804.0,43,8,0
0ee80e5d1611e2d817efa115c6752c1b,1.1388742066919804,13,2656.0,3,1,2
0efe2fe5909a6f19c1c131edfa5f5188,0.009329563938081264,4,1204407.0,209,7,0
0eff7e7f11eff067f097de0a5d248eee,0.022954610838496592,63,2878987.0,789,22,6
0f448a0caf02fba00bd1a86d1ddc10b9,0.01133002433925867,1,681765.0,141,13,5
0f4e7dbe2857dcce7baffb3f1dcf1cbf,1.1798199769109488,22,32035.0,15,2,7
0f5dd4ff2a4dff09a9633542fccefb9d,0.009704564698040485,1,9456.0,11,1,5
0f6f6600b165cc8a3d55b0038aff11bb,1.2473081797361374,5,8255789.0,22,4,0
0f978979e31e0837fe46272a0c308013,0.02623596927151084,5,518111.0,283,6,2
0fad76b90116e37e7a9fd78184c3a81c,0.0314750000834465,1,24041208.0,1,,
0fd685dd4251fb72e8700312e9f42c6a,0.036652916576713324,6,4417390.0,201,29,3
0fda9fb78a3de9d204ac2f6c1d4d59eb,0.005888020154088736,2,7275.0,1,2,0
0ff21918af29704faaec6556529ca5d3,0.03054943331517279,8,1224404.0,96,8,2
0ffaface84e5b13d19ed0f1734d51e91,0.05126789025962353,2,29844.0,10,2,9
0ffce1876a14257892e7fe12686f8c3e,0.14337885903660208,316,336921.0,60,3,5
1000c231652037e1079d3fc1c076111f,0.272338330745697,17,1365050.0,336,9,6
100baeace061ede810b2c61dab0bc74e,0.10344422981142998,9,702086.0,170,8,1
1010a2fa90d934a717c026e9bfd68213,0.0018521564779803157,1,1540499.0,392,7,1
101f7f81f2f42eee263d1934328fec2b,0.22653619199991226,2,17005227.0,17,7,9
103809FAECB043509D63C0927DFD6E15,0.7584849264022111,26,91048.0,28,3,3
103dfe83267881f89eecf9b6d85fc8ef,0.006158800330013037,1,13760.0,8,2,4
10421B7244884228B9C2B31E7DF0F94F,0.00834767995476723,1,1131.0,2,1,3
104f5609811194fc2be910f8a4ddc096,0.01750670140609145,2,2371825.0,218,15,2
1050a2653dd10ff5609c69bb49b7430d,0.02595493383705616,1,3037184.0,31,9,5
105c7e35ada6e42fac2a60547af32cb4,0.21513831644551829,56,3049593.0,804,14,4
106db7c42a4e7bdcfb0231f7eb0c5c09,0.16230874229222536,35,198221.0,45,6,2
1072f3da620211db72b81179d9207037,0.12642500863876194,87,34553.0,9,2,9
107344f3df07207dd0b60e1540b64a01,0.12430517375469208,2,294573.0,52,6,2
1081e3c0f370236718c4117697dcc393,0.04922505235299468,40,3321264.0,38,10,7
10848a1b6678a75e07b12d05fdc36255,0.003843276994302869,2,5573641.0,419,17,2
109354670806bd03204f7f3b48fa7338,0.0008744952501729131,1,36289670.0,8,2,0
1095e608ab4e6cddf2c6521f173a193e,1.736169919371605,14,1606543.0,294,19,5
10CF0071659348ECB75CF8E82E32AAEF,0.6485370352447031,29,6958791263.0,43,5,3
10a0f525bbe352b49a92bab666dfce22,0.02378737973049283,11,963565.0,64,5,3
10bb3b2390ffc4ad191c3b018555d887,0.5737232863903046,3,5273194.0,290,5,5
10c046f779c58f0e5d4e0e198500044e,0.0047743855393491685,6,1887449.0,272,6,5
10c5c885a46044913dd6378976d8a4f4,3.6803454160690308,3,15650013.0,17,3,5
10cc5d773390ebd9b7a08f210baf115d,0.21795450150966644,1,432.0,1,1,1
10cca22151fd57d2c858a6f9ae72c632,0.12144696433097124,5,22492987.0,19,2,3
10df9e02808bf92c5a3066b19a616d10,0.04814029857516289,1,161244.0,76,3,6
10e187aae38880893b80b1ddee670d67,0.07659922225866467,65,5106693.0,3210,36,5
1114a4a3ed574f4711f6dc419e687c73,0.2577013075351715,2,44547.0,3,1,7
113408a5276f8fb5886ff7ed6ee0de86,0.001817160053178668,1,30131086.0,10,18,1
113fd780c98a9a0c8fbde56fb0cccb33,0.024360619187064003,61,1936112.0,599,18,8
11544f691f15c5b97fef2bccc82c9d16,0.023287408985197544,3,7538168.0,621,27,8
1175394e45033b915e8ee4f9c322e5c4,0.031000750605016947,7,568671.0,81,5,2
119cde858e2d4170d4a96fabca195879,0.002830199897289276,1,609948.0,99,6,9
11a77dff2ca766d3c9516fcc8fae3e84,0.0044471449218690395,1,28157.0,13,2,6
11ace5712aac6b1adff99b2dceb74bb4,0.026596926618367434,3,1494054.0,141,13,3
11aee57e219aeb9c24e2b4776f7d4f25,6.0406008660793304,28,4452181.0,618,16,0
11af40553bfedfb7964ef28b863208f7,0.4763723500072956,10,28819.0,5,1,6
11bb3c68c2fe15a92c394f85620739fe,0.05274104420095682,4,3333112.0,23,13,1
11c44f6579ba692d24b3e6c4d787a50d,0.20101350918412209,16,3047951.0,85,11,2
11c4a298354147ebc938d0828f6156d5,0.11593704670667648,1,2871629.0,41,3,3
11e32c54a3142b1166f18d826da4f3d9,0.024377593770623207,3,1704892.0,627,9,9
11f1727520f53c0e0a1c7f14f83d565e,0.02483205229509622,10,24479022.0,2,5,1
11ff861baba94ce62679b788e4d233fc,0.005541455000638962,1,688394.0,3,2,0
1201a228462ad1559afb53f2b6e1b356,0.004591648721543606,28,3648670.0,339,10,6
122875a8584e816ed838969197b39400,0.05250553891528398,25,2669227.0,857,12,4
122a36569a7a577a04d43a91325e0976,0.0064127747900784016,1,1206617.0,418,12,4
123885ca9b24068b1d439605776d3d98,0.011099127470515668,6,302698.0,74,2,7
123a7e4c95dc5542d2d3c7585f6ee8fb,0.015401073731482029,2,3026376.0,155,17,6
124ba493732b3e562bb497f52d0eacdc,0.2171921426197514,28,4426299.0,1028,28,9
126be1656437d02c6184b4e642093d34,0.28349971771240234,2,1179.0,1,1,3
126f7ffcd48c17c6a27a82fce43c4b5d,0.15491696633398533,9,275208.0,83,5,7
1291bc5637bdf29cf65558e26dd5520a,0.004171266220510006,5,94221.0,4,1,6
12b3448782d9cfc27b5db82c81431e7f,0.044420849764719605,14,1676538.0,232,6,2
12ce594dd7bac270da37ae6d25dfac00,0.009999999776482582,1,590922.0,195,6,6
12d175c135061b5d1b4e99b5dc86b55c,1.0401640236377716,3,470099.0,84,8,4
12e50faad8dc76a39da39e52bf8cd1f0,0.012103119865059853,1,1102.0,1,1,2
12e85fbde300bf73e9668ee5828f851b,0.03670258168131113,3,2429.0,1,1,4
12e961488916058cade951d29a014e50,0.7112350203096867,12,128310.0,21,2,9
12f1f9beaacb181f6f37368f6331ecac,0.006324123009108007,5,598672.0,71,4,0
12f8edc6636e764661f60f4aaca33b41,0.007310411907383241,50,570104.0,160,6,7
12ff5a55feb6b07c928c736177a1a92f,0.19255109131336212,5,149730.0,21,3,2
130C3250C21446D18C034B3EC79D897F,0.4484815495833001,20,345579.0,61,6,5
1315ec9bdc593875bee54e58cb5fae9f,0.028933788649737835,3,1833781.0,191,23,8
13299b5ac3933344a157d77d3649377c,0.036705863545648754,19,307506.0,41,7,8
132c33e7b52fe9a697c66e86eaef8a4b,0.03921418450772762,2,9574595.0,18,2,6
1335ebbcc62acd5c50c531eff8063b16,0.06362472497858107,38,2647660.0,473,11,2
1340eb440ac33c6ebe55142fedf4ac12,0.006339048268273473,3,466386.0,69,5,6
134d31287366f96b6630639088abc6e1,0.05962574458681047,31,3081032.0,852,12,1
135553e216ed477646143804faf18dd0,0.20808179676532745,2,11966.0,11,1,5
137fffc8b27b72ddff036872e8e58dfa,0.011929967906326056,2,6151516.0,262,11,5
13893f6ed88e4577a91902f8a2d8856d,0.06692027673125267,2,27718.0,4,2,0
13900aea1af69f6808b3279dbef7a801,0.02608176926150918,8,5658714.0,91,7,6
1391b209ad799036f040c15c7f0477a6,0.010004614130593836,15,1668979.0,534,25,9
139DF1E6D7BD4AFAB6D01CC564D29B9B,0.20703670692443843,5,745401.0,11,2,0
13E623F30BA04A1AB6CD05AF8B10D82E,0.224900447845459,7,13799017524.0,55,5,0
13a76cd1ed6866d22787d20a2506f87a,0.00845993566326797,3,234850.0,14,2,0
13d3319f7d4d14067db56598172b665c,0.37843406200408936,2,251213.0,40,7,2
13eff29ce355648974d4707323c889eb,0.004379606572911143,2,94223.0,19,3,2
13f2c387f25d5236185fbbbc858ce084,0.021539702726840915,243,4635309.0,1164,31,6
13f39f9e73e2cc80fdeb31816dfa2d22,0.05282413773238659,2,16075.0,11,1,8
13f475f79da2abbffffe1631a5c3bd47,0.061601750552654266,1,819171.0,387,10,2
14079801f38964adc2016e4cc5d08b0d,0.01509035099297762,2,4190.0,1,2,0
143EFBCA44854999BFA05282ED176929,0.011658475999999996,2,6921889687.0,1,6,7
1443d2eb9f6d198bf70df92f2b55eff2,0.15323703549802303,8,3069413.0,80,8,4
144e7ec91d299bec01f8c30ccbf2a4ad,0.0006540580070577562,1,396.0,1,1,3
145A43B843354DDFB62482C4BA0916C6,0.06469339942932129,12,1740515687.0,62,3,9
14610d2df8f54a28e90ac3ee12e1ca76,0.015580434781441,42,4495195.0,342,20,9
1464ac22912bcf6ae181e9c0b3eb4e14,0.010407466790638864,5,797484.0,152,6,3
146e22d3023fc36094889332ce76519e,0.0014934089267626405,1,68010.0,27,3,5
1470a16907f0b198c73f79c6d82c9f41,0.011671280022710562,3,535265.0,98,4,3
14AA8217940A4693B9A40610E09F2EEB,0.8376333301150799,12,17351879434.0,186,6,6
14E3E4D20AAA434896F832E04AB9668D,0.08259374758347612,36,102649224381.0,120,5,9
14a38cecc731cdca3baf3f8ed9f77b7a,0.03865120222326368,14,7255495.0,85,4,2
14a6acc547247475d1c8d78c5cf9265e,0.021870698517886922,40,4546778.0,646,5,4
14aca9084dbc83ceb5a225a1c0e54764,0.10762528073973954,60,514348.0,45,4,2
14b3a1c9ddc50f302661849cc95c4be0,4.708951354026794,4,3213139.0,3,21,3
14be8200580eda55ad8a7f1df318e456,0.12466143444180489,7,655332.0,40,7,7
14c7ceb7b2e18fc97963c0ab5f313e6d,0.03598265568143688,21,1729147.0,491,5,2
14ca61f99af6314ad1809cbd5b87a686,3.8095221519470215,4,28330.0,29,3,0
14d07c47ee9046834229bb75667d8722,0.01611543190665543,4,28623.0,19,2,4
14d6df2908901f8cb11258a0c639a4d9,0.003715400700457394,3,3869043.0,309,9,3
14da602961858085fadf234d45e8487e,0.2718486455269158,15,2890995.0,376,8,8
14da86796f9d9ad1c0da6c7387cbdb65,0.08711741305887699,3,3572999.0,594,6,0
14ed18f0c9ed8863272650f2cea80f50,0.012444751599105075,14,6810069.0,1187,24,8
14f3355b82c7c5502d20f39c8995c4eb,1.433465737849474,13,26786.0,7,2,2
14f7e67bee1587e11a8b28f1044d6bb7,0.08462553471326828,2,2456837.0,10,8,4
14f7fe47ce9555e213fdbb693aa9b5e6,0.13470694422721863,1,2500896.0,26,2,8
1512bf0af5c4c25c4f1795327e4b0358,0.03705765679478645,1,30501.0,14,2,0
152b55a71e6c8fa986eab6136957c62c,0.005558109143748879,3,1345.0,3,1,4
153e6717b51275301cc27ffa24547e7c,0.3121553398668766,2,2423623.0,215,13,0
154c2b38ef585352ef5fa5b38211f2d1,0.09040175005793571,29,3543743.0,254,13,8
155ea44a9c7ece0b8cbe84bcbe6f587e,0.20671720802783966,4,319578.0,94,4,5
156b120e8b9fcbd7931da079e78a6b2c,0.2028504153713584,16,324888.0,85,4,8
15970FA33C474870A60F7A9B56CAD91B,0.01639119529724122,1,1740612050.0,12,1,9
1599bd44162ec2b91add13373109867e,0.04680420504882932,8,14678.0,3,2,0
15a03633075a28f426c3764e321733ae,0.0024466749746352434,1,1551152.0,38,3,3
15b7761567c6a1ac2b115727807557c4,0.02040586294606328,9,280027.0,13,2,3
15c67ca0b2eb6f970827b962703d0c0c,0.04527481214608997,37,656896.0,10,3,9
15ec68dcbc9d9ad3e7db03fb26843f76,0.008830666542053223,1,2464330.0,494,8,4
15eed335ab1e3a088172030f01008966,0.004904077592073008,17,1008326.0,41,2,3
1608cf1be2e08df032c88594d3be73b3,0.30886250734329224,5,726.0,3,1,3
1612987EBA664679927EF5F3BEFEFCB6,0.00464387845993042,1,27835837975.0,60,4,9
1613693e4cbac0d51b6cf597a9fe0d3f,0.0317061118548736,21,24491064.0,54,6,3
16200b52c3c1ebcd94f8376229b6343f,0.3621006766334176,31,28935.0,7,2,0
1620bcdbabe4197f1e4efabced5b9375,0.029051761142909527,7,6430703.0,468,9,6
1622C31DC50D442FBC0886E114DF9483,0.06223230743408203,4,1740852895.0,2,1,7
162a6f04cc18005e9a3732259953418a,0.04697037488222122,1,15392.0,6,2,1
163f1e77e0b4a9ea0edba92dfbe23d6a,0.08341172354994342,36,7572391.0,1231,36,0
1643d018c2e1d05b137e6bc2ea68c344,0.10233305860310793,7,6747.0,3,1,9
164cd01fb60fcba827bae14a07b08fc9,0.018934741616249084,1,424196.0,75,6,1
16710938678d615cd68560e90b6f69c1,0.009531660936772823,1,1622154.0,129,13,2
167d2873720ba7eeef0044187aa7d036,0.038952697737840936,65,1926567.0,340,9,0
16a714f4074f3cf8ed3494486a08def2,0.0008525589946657419,1,412.0,1,1,2
16b020ea0b0ca22f930a8e41ca452349,0.2118329107761383,2,7196608.0,56,27,0
16b0b36f82bb713b6406363e8d2c123c,0.009000750258564949,1,734859.0,33,3,8
16b6257f663f61cafa9217f36ffe01da,0.0329751631943509,26,16182714.0,240,8,1
16e1c624371f17fcaa16989ee0870d2d,0.04541537363547832,81,2121276.0,151,5,8
16e841d3f5a055617779267fd81daaea,0.03610499948263168,1,5977078.0,482,25,0
16e8989a4aab72a0fdde6a2a9ec7ebbf,0.32117972895503044,14,2155731.0,576,13,5
16f649549e32fc01a68046668728b31f,2.1286826506257057,15,160779.0,47,2,7
16fb617873ad870c8815788d8454872d,0.012082330882549286,1,94979.0,8,2,3
170c9390202f3649c9371e14b37f796f,0.08128126710653305,1,969.0,1,1,2
172099249fc38fc17ddbc7cda4379e7d,0.22337950370274484,42,24352116.0,21,3,3
17247e021ab7c73649999300db16d9ff,0.024642296135425568,1,6321923.0,321,12,0
17281db226b6db6e70b465481fa717b8,0.23408650932833552,24,2750881.0,1350,27,9
17393d288e6097d90739444592e0189e,0.0029959080275148153,1,1955815.0,160,4,9
173EC842F15046C3A4521092F89F1083,0.02726099900007248,1,24344410550.0,122,6,8
1743bf7534f85f168b970dadc4d0549e,0.14719022251665592,6,1069938.0,36,2,7
1747887314bfb6d6ec9dd22569f60153,3.0931907147169113,13,1417.0,1,1,2
176b9144923704d2005309a9e103ff6c,0.013598140329122543,1,256448.0,8,2,8
1770f255cb316f8c4ad7d0e5dd160a2a,0.0019187000580132008,1,5974.0,7,2,2
177f50af344a6caf2fb906509859e5e3,0.4094758534338325,89,1010167.0,19,10,9
179a81b4ad13a5bb50c6bec32c129c6d,0.007764867215882987,11,5148420.0,16,12,3
17b1029cc0429ec2650c2afa5a8c20dd,0.011059632990509272,2,2478400.0,464,12,0
17b5fd73d80efe1e159c357fcbaeac3d,0.0009031314184539951,12,,399,8,6
17b633e39e5ad198d63b9e520b2dc65b,0.022275393828749657,1,3191013.0,270,8,8
17b8514ada96a3091d61516014cdd018,0.007191696306108497,22,4436372.0,535,22,5
17ceba1cef1f75b49054eaed9f6aad3e,0.015326872933655977,2,,1605,14,2
17e031c14241e009ee09cb9277d6d5c8,0.04254738986492157,5,15104.0,6,2,5
180122aedd3e9498bbb8eb9d46eb5eb2,0.10141962947091088,87,2960592.0,203,4,4
18070d5318efa8f44ef616c48604ef1f,0.06595172733068466,3,629591.0,136,9,2
180cc65776d8d2d0799dbcde462599c0,0.0495978519320488,1,821443.0,31,3,5
181cd5bf28c2679f302c4565c4805d43,0.04048946965485811,3,415901.0,80,17,0
1820fbf19547852fd749773947c5257a,0.0041659873313619755,34,2293549.0,366,9,7
18235afc6ee58afe6c0cff684dcee2df,0.010684071807190776,7,8631852.0,1434,36,0
1823afa7c8615259969905e89a6e574e,0.04199278214946389,23,2824077.0,147,8,7
182c8d5596d3121810b32dfc027971f8,0.027372218668460846,4,573705.0,36,2,4
1832e8ba350eb0760dbf0db4e74c8e9c,0.01672622823389247,11,1236676.0,338,6,5
1836ecb322282341d2b8c4aa5a38ae7a,0.014806226477958262,12,5281543.0,1,,
1837073c44d1dabb2eb419c8e93bf178,0.0056563568650744855,6,6178200.0,630,26,8
183a92002191e360658c1d70f71e46da,0.7736780531704426,23,25755240.0,1,1,5
1851844d692ab72a23430bd05a49b643,0.12974424054846168,15,62941.0,15,2,7
185b4f23ec4fbefc2d2f781d294a4b34,0.012014313018880785,8,2589077.0,284,10,7
18642d3ea69fea2af69d6dbe3618df3e,0.31679650861769915,9,53405.0,16,3,0
1880df62de0bb7198c07c88b6b61d7a4,0.13373731449246407,18,11036.0,2,1,5
188f9e70d0b8ad1c081913d697d82f24,0.018181240186095238,2,1527829.0,267,9,0
18a0f203697d72128d985ecc213dea08,2.423179768025875,39,618342.0,74,3,3
18a2efaa8ce32b37c97d3f705e4adcd1,0.11533692106604576,5,150912.0,31,3,5
18a65c676d558bd0bf86bd891394aea8,0.04079065303085372,29,518418.0,63,4,0
18a8c7b4c16c2bfbd305121c45200fad,0.0012693180469796062,1,32073345.0,11,1,7
18d41b536c1c4f7660abe2ecf0db9e50,0.0011347309919074178,1,725532.0,220,7,3
18d721fc7d8099d0f7ec9837088ea5ba,3.032061845064163,8,888.0,1,1,1
18da01750048359f4aef50898b37da2f,0.002090522786602378,1,4621331.0,525,27,2
18da676085c53530d980bde5dbe41113,0.208905890583992,1,4394696.0,906,17,9
18e6ad6f8a472c74631b09fa79e94fda,0.053949804278090596,64,590971.0,94,6,8
18f04016ed9ef01af45dba012b0bd419,0.025044027715921402,4,2624802.0,218,6,2
18f24f441b3426c7e17195127909ad4b,1.6134729385375977,1,987.0,2,1,1
18f70317119a4d7bdd1db672984ae7a8,0.06655288999900222,16,37628.0,5,2,7
19057eacf7a4446d330bf4ea590d0f94,0.0663528663571924,20,1655279.0,299,7,2
190c9a62dd53fa97613e1234a1148943,0.017000585794448853,1,13712388.0,4,1,6
1914ed400ea9376bae68655b9c07e49b,0.0015697066664870363,7,3846406.0,711,9,8
192009A257BB4FFDB2F53AD5B531F03A,0.07897758483886716,1,189889767164.0,536,6,7
1925ee1452096135a72788818ecd143b,0.8911813721060753,9,,7,4,9
193c7aeeede25288bc94b37ea6cd8e81,3.816986560821533,3,636.0,1,1,1
193e4dd2284270f8b34a03f2dd1a24e5,0.07148666802095249,94,2664570.0,861,16,6
196a149a6f7ceeaa1d32e57f754301bb,0.06520785484462976,5,550679.0,129,7,5
196b7e60e021086097196bbcca63cc13,0.00947729405015707,1,12352.0,19,3,5
1982dcdf2339d7ccb498851295c0ff69,0.552320372313261,10,5519671.0,284,9,2
19971c20594c231fb7342b483b1db1f3,0.006156603805720806,1,3104416.0,767,17,5
19DA6B52A9DA4FB78CFD19F5A935E808,0.01306265354156494,1,539.0,1,1,1
19a094847f7340108f579412c476fb09,0.0808592140674591,1,8025889.0,7,18,6
19a82e92206ff0633978d6fab27d148a,0.064161435700953,9,2510996.0,235,10,2
19af498a256fa750d932a289a8ab7993,0.01441661138960626,45,8176447.0,1302,10,3
19b49fb5331acb5b55e740156508d07e,0.052376764826476574,3,17151464.0,40,3,4
19b86018c2a83bc4113263bcbaea38b3,0.0039879134856164455,1,1276447.0,257,6,1
19d3e61eae5bb9f49c28c4e508dd24c3,0.44986236095428467,19,2788609.0,56,3,6
19de0889f89e16621f096c60cd2e11fb,0.009543835185468197,1,9025113.0,151,23,8
19ea12b700eef79dba7f4bc00ef09cbe,1.7974325753748417,17,4960.0,7,1,3
1AB392C2D97D48718B752CD216194198,0.2797115783691407,2,1100.0,3,1,2
1B71FE1390DF4B3091E7F363E3C7DBA1,0.25984506280383474,29,171972464581.0,357,14,2
1BB6EADEFE0B4BC5B19A488C893AAAA2,0.1543260040565796,14,8697328744.0,70,3,6
1D00C3DA34BC41CB976F8296E3D2A3CB,0.44031833908790685,68,1739911502.0,43,3,1
1D195D2C4E5043C881340E963B07DA95,0.03150578803155351,53,3401875281739.0,2570,20,9
1DCFF4C9149F45C59EF602A413631886,0.06534006207799911,10,133039.0,10,2,0
1DECB38FB20B458A9F815CD8BB2CB258,0.08249350357055663,3,22630132264.0,6,2,0
1E02C16B63304E529E22A08B34B1E730,0.01992830276489257,1,13925282826.0,5,2,1
1E3F5E35A3D34C59ADE85A432E8ABBA0,0.04776520919799804,4,12127094673.0,529,8,1
1E574F6194AC4F319AC03F7405D3F70B,0.12668428897857664,11,109210.0,5,1,5
1EEDDB3484BA4EA686046D1DE2CF4780,0.3335787940216064,36,13918508371.0,146,7,0
1F20EA4C924A4D3DBFCB2C9A3A4104C8,0.09205603510595999,57,6961362731.0,62,7,0
1F742421B78A4B71A115F282B290A9A1,1.380560540216675,38,24148459615.0,18,53,5
1FE0D2A4479046E2826ADC73F3BF9053,1.091839465788305,75,1740720384.0,45,4,4
1FED7DEC00784F6095016AD5C411380A,0.0209492579649353,3,1736569125.0,360,8,7
1a094f87198e495fccb4a7a17377d83c,0.023567911237478256,4,370000.0,46,3,6
1a16e75a4f09ad13103ca1a21791b82b,2.5072105061262846,19,418227.0,41,3,4
1a50b54d800c56cea45787268d5d9624,0.15494365990161896,3,2001599.0,150,4,9
1a58670bb8e44578b77d476ec35f2ebb,0.6280993819236755,1,260824.0,6,1,5
1a6cb611c6a229658854277823248410,0.07337424904108047,4,3346.0,2,1,4
1a903ac9e88aa5aac8bff2c524b18fef,0.0209652129560709,2,1699068.0,8,1,8
1ab4d5d8a8b683c9944a6e903582584f,0.01367953815497458,3,,3267,45,2
1aba4ae3ad2221c7a4d1bbfc0fbd4924,0.030775816412642598,23,2681131.0,582,11,0
1abe4763a4239f921bcc3a7b8ed6e348,0.030334279406815767,10,3378625.0,573,15,9
1ac6a51f0420b2c2b567650bf991fce5,0.04860890284180641,8,43380.0,11,2,7
1ac9282dc45e43205407033c0382ae58,0.15261628106236458,5,826584.0,124,4,5
1acd7123fecb5bef22a28550711f8218,0.0032346402294933796,1,1645544.0,604,13,0
1ad7278c6162f8ae6dd388f3b98d0eec,0.01234185416251421,1,3207.0,1,1,4
1adda88f5e6e16b5ac9d60778a91d83e,0.05000000074505806,1,12823.0,4,2,0
1ae371ac2a9be0e10dbd4a613ba5b4d1,0.003588800085708499,1,17264.0,5,2,0
1af34870da7b7baaa708ac5757e5dcd9,0.009302828926593065,2,8503.0,6,1,9
1b1a51040ae2e658011b36d7812e30a0,0.4051229804754257,7,1277.0,6,,
1b1acd762f9acc4b55fda30450166226,0.03778288513422012,1,2469.0,2,1,3
1b25b4abc4f72497677e0bf629cb1ca8,0.11728428490459919,4,28771.0,9,2,6
1b267065ace420e82b919c005cbab624,0.018184547807322815,21,3675911.0,530,10,8
1b3ee4d4e3b2e6490095872c3a9b0944,0.03854297427460551,4,5672823.0,350,10,1
1b782af94ac81034622aeba10daf3a45,3.4959735441952944,138,9013446.0,206,7,1
1b7bfb210384482ddaf7e0ea1088cdcf,0.04854067089036107,56,229379.0,38,4,9
1b895994652b4ca7f1377ad5daf60d72,0.42654355498962104,91,22001366.0,185,7,0
1b8b3d2c1409706c0461166a0cb0b14d,0.1500740540213883,32,101935.0,14,3,4
1b964bca7273a3115463cd555ed2a27d,0.028938476461917162,6,162254.0,11,2,3
1b9aff02ff06264160b70c6b7bba3171,0.1209225244820118,4,399573.0,18,2,8
1ba9403286877041724019a6fd093dab,0.0974564366042614,12,23097.0,3,2,0
1bb485e2255652a636e25e87109b9c54,0.07688241451978683,1,4719188.0,742,29,0
1bb5da28847ffb8fc08e18eae7be2d06,0.009609805652871728,2,2671477.0,219,11,0
1bbddb2b19b3ebc60034cd4158ba7ca4,0.01624634163454175,4,,479,28,7
1bca64b2d02bac158609b98983827a57,0.06864580512046814,1,46390.0,16,3,0
1bd09ca12d2df50bff3d6fee4b2933af,0.0152177345007658,1,892707.0,51,4,3
1bd4840382efaae4531f6931e99ecba1,0.022189784795045853,1,5002103.0,146,8,6
1bd7f6b215329b8c8a93ee4907882967,0.017057087854482234,8,3105574.0,2895,5,1
1bd96fdeec1297bc026aa63ed142e016,0.1342449765652418,9,1233938.0,33,2,1
1c18893969ee861946edf3fd3419703c,0.7214946746826172,5,1764135.0,129,6,0
1c274f0ee963f6107e4361edcde5b535,0.14908477757126093,10,592068.0,26,2,1
1c2c96f1c20473e6c528b1a7c00e5365,0.005533392075449228,2,427661.0,182,,
1c2f41c643e59ec3b3a4031d26fb5c92,0.001363897230476141,1,603052.0,33,4,1
1c41de393e19c4906047961a19115997,0.017266601702431217,28,4087603.0,1145,29,3
1c5cc51142fe819b3e790b7b2b4594bb,0.004714446549769491,5,1598387.0,401,5,1
1c696952f8eb2855358ffa569faf416e,0.008241907198680565,14,621306.0,134,11,2
1c7a34d824d81c1dc45acff7e33f669f,1.2701716074952856,107,13238545.0,29,3,6
1c9c5182a5d7e8cceba7417b1e75ae65,0.014595660381019115,2,7243527.0,589,17,0
1cbc1083ad7a5fe9f07edfd67d7d7739,0.12162985559552908,6,2708366.0,706,10,2
1cbe0e90c1256b7f96fa7faed847e03e,0.017380145844072104,3,352326.0,112,6,9
1cc1971e35a549d4cd746d318c6dd0c4,0.07867622375488281,2,2082.0,1,1,2
1cc98ae185588ececb4613282c54d48f,0.08649806655012071,44,737396.0,25,3,8
1cde31b2f4a54d5c6528d83ebbf3c8a1,0.0006561999907717109,1,1195539.0,190,5,3
1ce153d741dc1a14d9b20f2f00881b79,0.22796220006421208,82,4259423.0,411,14,5
1ceb9f1a36e48560cce3f47f24fd8dbe,0.019451056607067585,2,1050.0,2,1,4
1cf5cf83e24fec8bff52a5fadc83410d,0.11846288398373872,15,9391893.0,211,23,3
1cfbcaa4f82353547cf126e0844aac30,0.002865957940230146,6,,228,20,9
1cfe73296b89b62c396e0cc75f803fef,0.04870893945917487,6,1679.0,2,1,3
1d05a2e8a9606ff1b0765f4dd0280cde,0.020794476789887995,25,4702215.0,1469,18,3
1d0d6a56979a5702a486a1ee7319640f,0.26119691133499146,1,221566.0,151,9,1
1d10e93a09963602a691760cf482b488,0.00203999993391335,2,18286.0,41,3,8
1d13b329adf7f1db60993927a5234526,0.004999999888241291,1,2696481.0,454,5,3
1d1f3673ec8b26ef6c2e1062b7a3f461,0.03159371530637145,13,1504421.0,139,11,0
1d22c5294b29ef474ac8c4302bff348d,0.4090454652905464,5,966.0,1,,
1d2920d1f1fd2715d8fe2fa8aed0a597,0.0042083944426849484,4,637813.0,6,7,4
1d2ef5fcd734abfd6a00d6df9c6f0984,0.018598187249153852,3,219798.0,39,4,2
1d3335a01d21a7c9cc5cd512f5e6e4a0,2.41839562356472,9,19207931.0,39,8,6
1d4167e15e598f68cee9e034e52116df,0.0370638407766819,2,201613.0,29,3,2
1d4294a770c44c88c30416cd72fd6980,0.019411153974942863,9,15888703.0,47,3,8
1d6420c98fd3447ac030339075bffab1,0.02305218204855919,3,38462.0,76,4,4
1d6da109d7b2df9942cdff740aa4f3f5,0.00812311377376318,1,248.0,1,,
1d7343480659e121496e475a0c5e65b5,0.061772056855261326,19,13496.0,2,1,9
1d79f60d651c5e489af972ab8e392ed5,0.06806358089670539,17,783842.0,169,7,5
1d7d4ecb122c3d160bd33e550fcdf4fb,0.6364505849778652,13,742892.0,132,6,1
1d8aacadfa54fc538ffcd8288a6e0c25,0.0109679214656353,1,3873406.0,254,9,6
1da1c5656f602eacb1b678e958be3c5b,0.011421627830713987,3,3979395.0,1310,21,0
1daf06b6d8594deb50220010d3c53edb,0.04781329911202192,3,984575.0,173,6,3
1db57c601926d48d53ad8b131e421315,0.10731674637645483,16,123456.0,30,3,6
1dbd0e7cbd2d4b583c2e1a3cc825cecf,0.1917215590365231,27,366651.0,118,6,0
1dc215351229696fddb1657871cba1de,0.14752449840307236,3,2793857.0,1,1,2
1dc2d8e38fd3355478910aea553bc8b2,0.012925232062116265,4,11851139.0,673,12,8
1dd9ed9a22b936dc50ff3f802aff35bc,0.008519165217876434,2,447067.0,26,6,2
1e11cf4e5f45960a102ad9d855ad6660,0.062046587467193604,2,4443270.0,214,13,6
1e17c1ae0297554abf93ad52cb40e0fb,0.44632977060973644,39,1278904.0,63,3,8
1e182808cd813016809849d0be270dbc,0.024580810219049454,2,1247494.0,92,6,9
1e1e2775814f298ab0f10a2d00b2a663,0.12891855975612998,30,2011907.0,843,16,9
1e26f47e0f827b6ff7ae523ed4d2a2fb,0.006903909612447023,1,73691.0,15,2,8
1e3056cb49d12adbcfae918d249651c5,0.2526289261877537,5,2443468.0,674,11,0
1e4234f5cac2cf3f40fd14a0072c5ba2,0.0528020653873682,2,2824626.0,468,11,1
1e4dcb7912ca6c2e139db29888be4bef,0.044645993039011955,3,1328498.0,352,11,5
1e509b5ce13fba7905a04f30e808ce43,0.010052043944597244,1,412847.0,104,8,7
1e5c700e08a0a6bc61c5db9d9a5c55d3,0.2650266259443015,49,11023459.0,102,6,2
1e63d3d0a3c90d0b5bc111d92ee1da99,0.11523444578051567,2,70036.0,29,1,1
1e6f32b64c0dcf4d1ace47beb84f375a,0.0038101235404610634,3,3283529.0,509,18,0
1e7e77db84a5d6ac27b27653d534f01f,0.18334466614760458,39,17462017.0,23,2,9
1e7efc5f84c544465a23d3cd905e18ec,0.0026480595697648823,2,2360701.0,418,26,0
1e8301b8daafaa8f8b78da4b9253f2ae,0.02176477000466548,24,6902943.0,160,19,3
1e8378ae7f01da72f349dd975827266f,0.11241329973563552,27,981274.0,44,6,5
1e94434e31efd5c7bb82b319c1bd8ee7,0.17401765228714794,97,828202.0,215,9,7
1e9479b7442a4ed4504124626892ffb7,0.003079276066273451,2,350147.0,103,6,0
1e9d36fa48a7499ad145482f0a726bcf,0.02776765334419906,8,5226119.0,2280,33,4
1eab2f28815031316bfde09153705342,0.12354820966720581,1,99865.0,16,2,2
1eb4fc2c74b1ac37de54e22980a2b265,0.033715527155436575,17,2436361.0,301,6,9
1eb96a353db6959abe43f04daa152f55,1.0617736354470253,12,585066.0,136,6,6
1ebbe442711f8ba738924dbf6f244218,0.0029179593548178673,1,672286.0,157,6,2
1ef8060684ce2392ce25457906e8ae68,0.009893416427075863,1,6596948.0,770,16,7
1f1005c2e9f770b2c3ae79d75ca094f6,0.006782623007893562,1,157137.0,11,2,8
1f1874f833d39624e3d4d5d1f6b324c6,0.03624444268643856,2,436679.0,99,5,0
1f29f521873a7d0f8c34c5bbbff97b7d,0.01969927945174277,5,519654.0,92,4,2
1f3a6ead4ccb6655e3392fe014ecda1a,0.08187592076137662,18,23627087.0,101,14,4
1f529087aad15529190e317b91fbf5ea,0.010479302145540714,1,1491222.0,309,8,8
1f5af5682c8f23e1a603154cd5e69673,0.10462674824520946,16,4291759.0,690,19,6
1f5e5ad6ebd279a79ea8313a414134f9,0.0055293370969593525,1,1362768.0,95,17,6
1f6af8b9308303eddb6d17932dcee09f,0.4106920659542084,1,10309.0,6,2,0
1fa8986bf559460e42f7547e94697e5b,0.030661716125905514,2,573776.0,53,5,6
1fc01b9b3df5c4396e3d0c120310c523,0.0764828585088253,4,309662.0,75,3,7
1fce24a2d9e58a9dd7ef5cacbb7c6ae9,0.001620982715394348,3,17689775.0,215,11,5
1fd9864c4f84ba3989dacee265782a72,0.007590138760861009,8,3526790.0,263,12,8
1fdb30364460a77e511918b3cac89dcc,0.4329741783440113,7,97662.0,28,3,0
1fdcf4131c104a498280b75135a378ac,0.31932672671973705,20,1541594.0,370,15,6
200a77df9893adfaf24b765cf934dcf0,0.1771470494568348,2,30840623.0,3,6,5
2023551f7fd38dfb1020eb00e5d28b36,0.01579112745821476,1,219.0,2,,
2030FD753CBA49919AD6C022FE18B8CA,6.139992400132359,21,6961264835.0,110,4,6
20356661bd38151dd04ad4a4b06e533f,0.011464443057775497,4,112876.0,45,4,6
203f57884c683d7d9d4f213f27c3f167,0.03770983126014471,4,2941577.0,578,17,3
205292f9a66678d675e5852d9a297ffa,0.18271037936210632,3,609267.0,6,7,3
2060C2C4507D4CA99912289F28DD505C,0.091716983488601,28,5221877927.0,41,3,2
2067c38dc289504f2fb40ae2da2eac88,0.22968422155827284,13,120846.0,18,4,3
206faab8f52b5ae6819b214e6610bf72,0.00921117328107357,1,827.0,5,1,1
20737a96d2fa6459f98fbf9ff86ba842,0.05980032682418823,2,32468.0,12,3,0
2078AF7FBD6346EBA7173A2E5EFE343D,0.35461963108271355,20,15662925464.0,12,3,0
20848997934608147aea8237151ff177,0.23038921249099076,139,3195713.0,126,11,1
2092fd1db08249fe9df86958ebf87f7c,0.02740090514998883,15,331475.0,76,4,0
209cc0ca1c386041b485cb1b17795e6c,0.06242654472589493,1,786121.0,327,7,6
20A3EA3B58084FB8A24FB0F2AD7AF872,0.03992369630740412,38,62459483381.0,473,16,3
20a33a64c2f5ed9094d1348ced9c634d,0.0051003669505007565,5,3652152.0,554,18,0
20b944823cd79c1523eff589f046522f,0.01970643177628517,1,9411365.0,25,1,6
20d85bad5fa6a647884b90e01807fd88,0.26159174740314484,12,59534.0,23,3,0
20dd2b6fdd26667306a0f78d563da84d,0.016940196976065636,1,455.0,3,1,1
20dfba4e7d4599623bee3c39c3fda2f7,0.17698576673865318,12,22138556.0,251,10,9
20edfaa31f5e524eb653a1838d7d53bd,0.18932160921394825,19,3128.0,6,1,4
21001a333dbea9da0e5ac19d371c5e4d,0.030815616628387943,44,5905439.0,853,26,0
2116e40b3984167b244e7dcf7f1dbb3f,0.0555163212120533,2,30016.0,10,2,3
21347BD848054ACCBB25552E9634803F,0.0094979887008667,1,132.0,2,,
213d58b076c9f191fe583f2d8e9fd96a,0.8576289638876915,6,12296252.0,1,1,5
214134d8079795ecbabdaacbc55bb116,0.0011512169148772955,1,125301.0,279,3,0
21600dbd0cc67248e390cfab619d5e38,0.2747069150209427,22,3913.0,2,1,5
2166470e8dbd52fe1b66fe1d26a54bcb,0.003019439638592303,3,,1247,22,6
217750B1522E41BDA53E88CE1413E706,0.9390358085632324,13,84953.0,1,1,4
217d102d521a5cedc569ab10e7083d83,0.004938103258609772,1,754.0,2,1,4
218c04ebc0914ccd137001dbd71ec6f0,0.30780088901519775,1,501.0,1,1,1
21EF791782E44312AD9A90F60E8C6897,0.2171901245117188,1,954.0,1,1,2
21b180f853be35bebee3361ca55a6bf3,0.006131916772574186,1,161692.0,13,2,1
21b79b9d04d577972e0b98308737398a,0.07876837393268943,14,15906.0,3,1,9
21b90cafa2f83e4e257fd8b68702a156,0.0732196569442749,1,530852.0,34,3,6
21bdd52c68de7f70ce5e089e147b4843,0.018336479319259524,4,5587537.0,472,13,1
21c269f2e02a3822e900ee6667d5e1f5,0.0058201978681609035,3,1437766.0,235,8,7
21c4250c53eb823327a048470df13073,0.007357691414654255,3,3925.0,5,1,9
21d7de22824d37a38dbb6874d0723ad8,0.003320863004773855,1,2107955.0,81,2,6
21eb542e904cdd3ba37ff1e5163d4019,0.5253136530518532,14,1746775.0,400,8,1
2204710fd0d2600fbf242154236eb856,0.29206837248057127,15,185143.0,25,4,5
220869f9eed8f2956035217be3839fe0,0.007480562198907137,1,2008900.0,373,14,6
221cb7b7758589df2f386badd61b6663,0.7536581270396709,37,1468885.0,237,6,7
221fe29d1498c63244d424d32b7370b9,0.019651373848319054,3,2409458.0,601,19,5
2231ca5aa214ad93b745cfffed7e608f,0.37428854941390455,111,125716.0,98,5,3
2233971fd1a6de7d7b22f17608ac12ac,0.10174705064855516,13,2791971.0,478,11,0
2253032b0dc3b3786279f292c6671c61,0.5561609836295247,24,45444.0,31,2,9
228256a46f6b1e5f413c5a574814d636,0.05535614211112261,11,608560.0,275,2,7
2288a365fa67a8d637787d74f8421fc9,0.5213379450142384,6,2769176.0,462,28,7
229a4da2eeefff8cd8c100e7105cd44b,0.07638949947431684,11,4732104.0,1141,24,8
22afbf11512e5de47aa4bd1abce1973c,0.012431455543264747,6,139432.0,80,4,3
22b7c20278f3ff71a06019bbaf5671bd,0.030136303597828373,14,796595.0,24,3,0
22d447bcf22b55d570b71ad9f9a21bc4,0.22215705830603838,3,317231.0,45,4,3
22d49feedbc8a18c236bba6b378e7911,0.027829531929455698,25,226779.0,21,6,2
22d8d6be9a2c755ae3a94c2aa88189b3,0.025568791897967458,10,914253.0,160,6,8
22e22a02ebbfa96e89255881f2703b29,0.013988614839036018,29,266805.0,50,3,6
22e266d5e77b4979770962c438819393,0.020705832168459892,6,2666837.0,251,2,9
22f5a792a611b00ef46ea1aea22b12e8,0.04087815550155938,12,210864.0,31,3,6
23003a9df65340d193ea1e7e768e337a,0.03316154330968857,2,55276.0,19,3,1
23027a3e252292883be84c4409678c3a,0.17976099997758865,8,1513085.0,257,13,2
231AC427D0DD4EEA81288886314813C0,0.1382945003509522,4,16365.0,11,2,0
232831190a64fdb91c4ba5c018385d88,0.0005350737483240664,1,,2307,37,3
23344b36ffd608cb2b84a491544ae336,0.01504599954932928,12,1168040.0,233,6,9
234a58c0de2e4d7c39a2bfe4f873a601,0.22330732643604279,1,3448621.0,446,18,9
2351c59e78fad3f5e27a0e98e121c485,0.02180245891213417,2,53277.0,8,2,4
2367289d1694bd305c45064a69ca1bb6,1.084433821029961,38,5843573.0,1549,29,0
23696be53f156dbbc8177a0764ceef64,0.6941752731800079,3,270146.0,36,3,0
236AC2CC43154A15AD8434EF90EA04F6,0.04014045238494873,3,24356121473.0,47,4,6
237ba7a580729fc37f2c809ad19453bd,0.05132206343114376,2,9496.0,3,1,4
237f75ded90cf43d1098c9eabf568cb8,0.07284155825618654,25,3529997.0,494,19,6
2388aacbdb5dbd1527e97eb0983bf5aa,0.006742255296558142,1,1897942.0,253,6,8
238f989a8af7d359d8e3c411a7e71516,4.205169916152954,4,246784.0,41,6,6
23923066457d3f4d270dec8ff2a60b87,0.03189720492810011,2,6170.0,3,1,6
23AD3155ED284954B4B0C8D82A90F27E,0.08335509824305773,2,1995047.0,93,8,1
23EF694A500243409F39963655ABF68E,0.0406999659729004,4,202412798584.0,1228,10,6
23ab117cabe72d2e784e8079ea062e8e,0.19771895234589465,129,207550.0,34,3,9
23b0521d8bfbc68be947bf323d2ae9fa,0.07311100047081709,3,24782572.0,3,3,9
23c266ad205997a95eab3a2660be2c8e,0.01853439479600638,10,2533667.0,390,20,1
23c77985175ca43bf3ed59d847be2cf6,0.047434812411665916,2,1800.0,2,1,4
23ea81649595667c30f68d64b314a698,0.334647499024868,6,557305.0,246,11,2
24007594c6dc6a78b533b68680acd15b,0.7789707244373858,84,891516.0,488,9,5
2427b58c9b92a388b8a4a3e2980aaec5,0.21069998713210225,52,227533.0,31,3,0
242f9fa0d6bbe94fadc0a5c14fcf7475,0.027813879656605422,17,187356.0,35,3,7
24306466ACC548A389CEDF97E4AA0961,0.17381561616367106,4,105870763571.0,107,3,3
245a056ead239684e9021deeb38e47b7,0.005180093226954341,3,1278176.0,235,8,3
2460D00CD7C043E6A4080932064814A9,0.002847248315811157,1,10423236391.0,61,4,4
2463670bd7fdbc4d11879d7a5e9c30e8,0.23949279263615608,5,675447.0,98,4,3
2468997129971f02d627ab77e39b4efa,0.14862839505076408,3,83177.0,12,2,3
24757138ce408ad6fc6fe71c3e9f38b7,0.06627582013607025,1,1714184.0,199,5,5
247a43e9fb8d0f06a6bd7a657feeb368,0.01203666627407074,2,904013.0,165,6,2
247b2649d5cfed7a62023758a1b46982,0.056108182412572205,24,848337.0,97,4,6
24b8540127a4922aaf484975cecdf234,0.2155565731227398,4,187789.0,44,2,4
24c15cafb5196b70e978885c685b3cd9,0.12514800485223532,18,566853.0,63,5,9
24d7ea04155e65b61d6e6e826215a9c4,0.5925402278080583,60,3445402.0,350,17,6
250e02b170155e5fc8c5663f8ab91ba7,0.06385098397731781,1,427586.0,14,2,4
2515d5713ff519e7d967c5a2a44a95a1,0.004553222854156047,3,345404.0,71,4,9
251b0badf3447c4440b7755dca63bb01,0.09168991749174893,25,1282755.0,366,4,3
251f838388e98d942425f945006b52ee,0.0030625369399785995,1,14612473.0,317,43,0
252302380a44ec0f6b20d6a4a547e14f,0.0061575002036988735,1,732635.0,114,5,4
25241387a6a9759a3f01b830572e4a84,0.20013926178216934,2,2115.0,5,1,3
25242d583cfd206529f0cd75a64b61e8,0.0012606334639713168,1,2104472.0,227,4,7
25338f7d684fbc524cf86523e3a15e65,0.06035557948052883,2,3069944.0,479,12,2
253ec53ba2235a5f2e5f13eed5d0f9ca,0.003000000142492354,3,26486477.0,52,4,2
255d10fde37d71a3860ac6d6ac5d866c,0.0006644855020567775,2,1496849.0,307,3,9
25727798ecf961949428873a9da12217,0.08012888336088508,23,444407.0,88,6,5
2573448c5bd5a473c552c3548cb15cc8,0.06721058061521035,115,455091.0,94,5,7
25807bbb27eeac2e0ae44fb051244697,0.18143266811966896,25,132262.0,20,2,9
2584ef5daed871def906cd2989acaa59,0.012531161308288574,2,2499976.0,363,6,9
2599f8367426913feadbaa0adcf98c36,0.02954311203211546,3,785144.0,47,7,0
25FCAB89152443759B0A4E4FE599016A,0.18231485462188718,14,60694543384.0,510,8,8
25ae51bc2886c32cd29b64101f534d96,0.02407369972206652,6,4309191.0,1053,18,1
25c35165adb8b5d394b69b3e433da221,0.06683768704533577,3,2192424.0,448,15,2
25cc9990ee1e6414b2667f2a17948ab7,0.12909754365682602,3,,271,22,1
25d837bf77fda3720663558f9ba7c361,0.018722685985267162,4,8772.0,14,2,1
25dc1e4721019a3cdbe902558c305a99,0.002070436836220324,2,5567956.0,970,13,9
25ef9aec3b24e3060d5dab861d5e3385,0.000814357481431216,1,967932.0,118,10,9
25fb2722d64ead0eae12555e90f48948,0.035339439869858325,15,,218,16,0
26133bf591dd3c00b085e4d3290e01eb,0.04179588379338384,13,6563519.0,404,16,0
2618919a20fbfeda458f3ed6118582f8,0.02919774129986763,1,238385.0,12,2,3
262777ef900c59d13bad0c37e375114e,0.033190902846399695,33,521291.0,77,6,7
263f519377b1ba3162fee59c64544c96,0.021353088319301605,1,3085617.0,286,12,3
2640deaafc15a9478059315a47fd039b,0.20284643728518859,24,9747722.0,1,,
2643dbaef1207416556cbf4a15094823,0.4573200438171625,14,24639245.0,1,4,4
264b58a5e24e3dfe66a20fa8d0715bd1,0.016418614657595754,3,313719.0,33,2,3
265d7047153da24cecf329a0aa7c9417,0.22231573890894651,29,1321224.0,12,2,2
2660e0bd77573f8c73140b1b83611edc,0.0035392700228840113,1,8316.0,15,1,6
266486A35E8E4F319E9C0E37A641B1BC,0.6883534545898438,2,1819.0,3,1,4
2672a6647caa5d190b15115045acc7c0,0.056710803299210966,15,186997.0,45,3,0
26763cb1b17655241a2a52167928d975,0.0676860316307284,27,4106721.0,2,1,5
2683B9230C754B4BAE1A2589FE5013D0,0.050940589485168455,8,74802612092.0,130,6,5
2696074326ff05f94a3e93d7854e4835,0.04208040947560221,61,348527.0,112,6,0
2699a25e516127a0141b1820fdee5bca,0.12768432078883052,25,1448399.0,309,10,1
26D5176A22F54BA9B52EAB27E953D350,0.018309660434722902,3,81571065951.0,174,4,1
26a1842ce6ebd5c973e508aaffe08a55,0.016878955299034715,8,1274196.0,141,8,6
26d05aef95f6680cbdd5935005d8815f,0.09478510171175003,1,3527.0,1,1,3
26d563ae68a2d8f3766d59543244a41c,0.08970780298113823,3,5119758.0,543,17,9
26eba6ad4eafbf772a3c727ce21b99c6,0.03574645146727562,1,5374020.0,618,18,2
270299fb51e177ee9d7e7527f13063cb,0.20891539379954338,6,2802874.0,5,10,8
27057273ede23e39f3293bb6fd6a33e6,0.13480062689632177,8,631255.0,50,3,4
270a367337e9a7d9575e8eb58467129a,0.03226605802774429,1,1534.0,5,1,2
2717c22c19823d46a17f923ca6812bd9,1.9450924769043922,15,2908867.0,224,24,0
27565d3621b6a027eb684b97389c0abe,0.0018585974758025259,4,2772613.0,1428,29,0
276e6cb7161cf272f5f4c56485a5cda5,0.38279828429222107,1,727952.0,91,9,9
27712d119546907af6ba74a2baae4dee,0.04800651594996452,1,7743971.0,1193,25,1
2771f84d98de57fe68491f1dcd6e96b7,0.009320395532995462,2,963.0,2,1,3
277bbf777354829f5187f2ef73c07100,0.9298444343730807,77,18400.0,6,2,1
277f4426e333966c5bb068c383b5c3a0,0.0039945486932992935,1,1200044.0,327,11,3
278e72fc74653ea512965b640d1c4958,0.07738637179136276,25,238133.0,41,3,2
27ca68c3bcbf9917215e9db53c9c61be,1.1806551367044449,10,38655371.0,3,2,8
27d6fd45b9910e2dd78d0cfb21f72107,0.31904660537838936,4,16239195.0,168,23,4
28023605433447b1c302c596be3c8c6d,0.0476782713085413,3,4369095.0,757,27,2
28130b7049c9e80c95eabc341815d18f,0.045366235077381134,9,774019.0,79,5,5
28171c7223d8fdfb8fab9074af5c1ba9,0.002646072069182992,11,576704.0,95,3,7
28204eaa209594b5fe408b8681b32c00,0.03835587203502655,7,1095399.0,43,3,3
2820b895f5c920a6b19e6d637c7d86b7,0.04665299132466316,1,99818.0,49,4,8
2841101d3f0c9f84850b71daa289a9c3,0.10190531564876437,17,1737871.0,317,7,5
284689565AA24C78A3DBCBD00F1FA338,0.016879461765289306,2,5214006163.0,93,6,7
284941c1a8430da47a8aab5e226192f1,0.0018712247256189585,1,8880672.0,548,10,6
28543f45e1b9badc1a5d2ac688335bb6,0.023776721907779574,5,3774004.0,867,6,0
285b5331b1604245214737a2b21ae38a,0.008161311037838459,1,2368376.0,223,8,7
285ebc5d56f7dbe9694eb9d6492dde9c,0.009099501185119152,1,6044.0,6,1,9
289bf7e79cf691854d67b9499ddf816c,0.00890239025466144,2,5935.0,1,2,0
28AB50867F564B22ABA5025FBC125420,0.046575110940217976,5,6963058799.0,7,2,3
28a0e0097b441b0497a2b4bf7f900708,0.01729858707403764,19,133615.0,104,3,5
28a4dca2738a234883429c8d28991ab7,0.0046097239828668535,8,5926410.0,580,57,1
28b215a329d8325d037fc06a40532b1b,0.09381346451118588,37,702622.0,119,4,9
28b839468d95b54e1eba2c607c784cd4,0.35491771111264825,4,9647.0,2,1,9
28e9f6f918b37bb20bc0d4197f55ff46,0.014479969162493944,3,1300835.0,221,7,9
2914cd57f8bd5382aa9a688d32f389ed,0.07423706352710724,1,288949.0,105,4,4
291fa038c78a0927267ced5d131e5dbf,0.03456407180055976,5,19283341.0,1,2,0
2923bb57f836207f15d26fe9d4fed86b,0.0064186774543486536,3,509840.0,65,4,5
293abbae3d0dc3e6ccd0a5203cc92d22,0.0031162190716713667,1,243410.0,82,3,9
29413bab05264322aba26bdb9f2c2482,0.21052506566047668,1,7785985.0,2,2,2
294f78612c5f15127c7cbc11c19229ad,0.051875550096156076,60,3523121.0,1077,29,8
29548d21a1c544a0678f0b8dde467c37,0.07032736390829086,4,6960953.0,3,1,4
29620c55a6b1b8a5ff7ed0c91bfd44d3,0.0016878526657819748,1,5028723.0,370,8,7
29749a82530303bf81ffc30f71fec7d2,0.06510796584188938,7,21054.0,6,2,1
299312e305ec18da2e7a499e0a121dad,0.05542369373142719,2,6103448.0,506,11,1
29F0554D71E44C5F8173DDBB519E6AAF,0.02496589279174805,1,1174.0,1,1,2
29ab0ce84ff5997ff1d7db3ab24cad70,0.009452909347601235,6,3765970.0,331,16,4
29b4b8efee4d96e678b771d52d0ac266,0.012283799704164267,3,1798838.0,250,6,6
29be34c9631503df962046a2b39d31d0,0.2104337428463623,72,895952.0,78,25,0
29c0292f779bb67b7914199b8f53f27d,0.984944174066186,23,344826.0,70,6,2
29c60a960011b82ae26725e60e99d119,0.02214530650235247,46,6025787.0,476,14,6
29cf43e8357a282465cd8c39e9ffc4f9,0.02571844309568405,2,3547.0,1,1,3
29ebcefec384f39786916d973f3656b4,0.007474497309885919,6,257200.0,60,6,8
2A3667B6082E48139F3CC1192F451D60,0.011709898492693903,4,10431571115.0,214,8,2
2A43EA922705432EBD76F09D4A4F8A53,0.03380311584472656,1,6948270237.0,151,9,0
2A79895E3B9943049CA382504E665624,0.06984907913208008,2,1736692341.0,148,5,3
2A8E98B726BB4FA8817D7DF5483D9651,1.3174049552734375,11,24183.0,8,2,2
2A9A260FE3A74C758DB7FBB999B6EB68,0.023075,1,689.0,1,1,1
2AAD40AED25344968FE8C943EE347A3B,0.3337990211602784,5,1740717589.0,5,1,4
2B2747FBC43B4B6B801191626A745E4B,0.42908824250354,16,3638.0,2,1,4
2C77BEF5211249019A5092836A735C90,0.09081083854957771,20,395789.0,177,8,1
2CB5B66D064B455A8A09B5D7C48EC0B4,0.09255480289459227,5,1837.0,2,2,0
2CDC9E26691745E79DA3829FB5A425FD,1.9413518600463868,11,2478.0,3,1,2
2DF29420B5A748CFB73F0DBE2048BA6E,0.32742141050305174,8,1740872778.0,7,2,0
2ED2F9C3135C42DFACDBB212ACA355CD,0.019790826320648193,4,6956719968.0,131,5,7
2EE55768594C4257A1A6C9088BBFE7D7,1.5907040405273436,6,8703554084.0,8,2,2
2a039123214492f358ef5d1298dc4bc8,0.8454307243227959,5,28286068.0,26,6,7
2a1954998681f0ee297da2039478384c,0.019231032580137253,1,194897.0,39,3,3
2a5330f12de0e7476b1db5f0cbc4f97e,0.3960234671831131,2,26468.0,7,2,7
2a5b74081b326eb9c933048d988d42e7,0.009118827074416913,38,1386731.0,125,9,2
2a8fc09c7a626fe184231a681744b1fd,0.7476701149716973,56,1127404.0,314,13,0
2a9e3a80b1d5bc5cae3d60bfcbb4b812,0.40355872828513384,31,532802.0,33,2,5
2abaf3fe07f0e8466af779272581cf10,0.04735338524915278,12,167390.0,27,2,2
2ac2b89c77763e430c93273a20054cee,0.2581455744802952,13,4280202.0,856,29,6
2b0112a95d9bffbc92a916d5615775eb,0.006783439312130213,1,1772757.0,206,5,3
2b12f97e4ebb4b1c872411c5ee3c5c8e,0.018118311185389757,3,659965.0,148,9,2
2b47362260c19360a0d8f5a6b3f524bb,0.01025188120547682,8,246454.0,49,6,5
2b4edc3d598ff1ce92928818bbbfa8af,2.87574303150177,36,11701274.0,8,2,7
2b525f928f393b064da91fd6da2a6794,0.056073548388667405,16,165424.0,49,5,0
2b58a761dffb20ea2097cd698309853d,0.22875000536441803,1,707357.0,151,3,0
2b69225de6f7f3e7634a8985236f9a93,0.03573710471391678,1,305.0,1,1,1
2b74df3b29ae38007d2be817cdb321f3,0.015477936714887619,2,288198.0,25,2,6
2b816228bbb015c64083e46970e89d90,0.9011264443397522,1,1678.0,3,1,3
2b872433d9176f36454c3342875ce84d,0.019975336734205484,2,1578045.0,198,8,8
2b9a525ea90bbd832eaf9433432889e7,0.014179467223584652,1,240.0,1,,
2ba462d901660585ddb9213ea9df1608,0.3428560639731586,182,3615751.0,293,14,0
2bd221c6f9e031b08d12f59703870b78,0.5190694136545062,67,4498511.0,702,23,3
2bd785278bd7041f30815ffbe2e64115,0.009337499737739563,1,291.0,2,1,1
2bf77a87ccdd918619dcbdfbe98ff637,0.0141993029974401,3,982444.0,165,5,8
2c00be16d30c70a73c66ed62e6616b52,0.0283556766808033,3,2232467.0,29,12,9
2c064de52cfce9cded7e72437af95547,0.1182503318414092,26,4454182.0,1294,36,0
2c0ec42071afdb57cf60fdb57c0cfffc,0.3576905654044822,40,1406440.0,629,14,8
2c1a346876cef74f1aa277b6e38b1de9,0.13017344288527966,4,1498238.0,48,4,1
2c1deab707d6d017ba23b409c1f267d5,0.0033263112418353558,1,5655921.0,606,15,6
2c2610688291274e7df5f0f3fe6af3b7,0.2944619935005903,5,1079960.0,115,8,0
2c2f3eff2c4addf727b9fd4b41416465,0.20608569867908955,16,6301833.0,674,16,2
2c3115b53bff7ab18e99bfebf60e946b,0.0020874240435659885,1,1781472.0,386,8,3
2c68999c9dcf3dab1327388a26bf8d86,0.018771449103951454,11,488727.0,157,3,9
2c6a0d6a2cd46d094e6855832d672e42,0.04491837415844202,6,75711.0,20,3,4
2c784200c347dc5fd28e879620e9076e,0.42055012844502926,15,1592161.0,33,4,1
2c7ecf0c2ba88800ab28f7e20dd06d64,0.0041623900178819895,2,833768.0,255,7,0
2c83e4e5a8a8b4a616e1e6d218c969e2,0.12349553825333714,11,104216.0,29,3,8
2c8420fdb962df142f9c251636e3d0f1,0.003639040281996131,1,1235927.0,359,2,8
2c85b5c6f8fcbdeea4c39ad51d1925f6,0.018988380033988506,15,557246.0,404,5,1
2c8c52148286e1b25734f4ff06e2c90f,0.04344116919673979,10,155474.0,36,4,4
2ca02d75648759c119de0250f4edf4ef,0.046110314317047596,3,855399.0,595,14,3
2ca9def9d9f88ee7a2edba897b8165ef,0.02603977848775685,9,1723.0,2,1,8
2cc3d56eee63684cd6973801a2fe698e,0.016394380829297006,16,3992791.0,1054,6,6
2cca7069cd76b367c07d4e1fb25216ec,0.022091097314842045,2,2381.0,1,1,3
2cf203384faa2dc8a57df9fef800d0c7,0.06616517482325435,44,627781.0,57,6,6
2cf427c47de2f9ab0bd25b9aa91416d7,0.024605462327599525,1,493.0,1,1,3
2cfbe0b3326630f26623b566a2fa3cc8,0.0035812167916446924,1,,252,12,5
2d15197a32e3a1e6224f8ea7f9d324e4,0.0036150048254057765,2,2544940.0,2,12,7
2d1aab414583c41fdf90c42c8de6ae2e,0.036413561552762985,1,3667690.0,79,5,9
2d547c2da4cc18b63935712e6b3d95b1,0.25953345373272896,5,32028662.0,15,3,3
2d5e20a01717cd702a0edf95e775216c,0.0167267806828022,4,5151583.0,197,14,6
2d6546471295b431d5fd3f1a662e95e6,0.47802391555160284,32,3296951.0,195,12,5
2d6abf19ae03dbbd3cd9ce4798457343,0.10701334290206432,10,2094326.0,671,14,4
2d793eaac32dbb7ec10c2bef1486bc34,0.0539967305958271,4,2611056.0,440,5,2
2d82605209f7d9d1540616b0ead68073,0.07802237197756767,3,3655684.0,499,13,8
2d8c34624039c63395d7f1cf375d8004,0.004999999888241291,1,82006.0,30,3,6
2d8f367627a04967cd9be9c2b96d511b,0.13035911321640015,2,1007326.0,71,5,5
2dc6ec9f0f5e4503f1c131cbbdb456bd,0.18384418077766895,7,467801.0,86,3,7
2dcb11f320ab8d501ce3375d0a5224d1,0.1174432709813118,2,31192016.0,3,,
2ddcaf2d9743f84c0914af538ef13cfd,0.008929513627663255,13,4603439.0,1169,14,4
2de14379d13825f0dd06ce00810a6626,0.2139517015311867,26,1483890.0,150,6,9
2de9c32584c736d0e9a5363910927ef1,0.006928417133167386,2,3423.0,2,1,6
2def5ed73d079dae91ba29c6e67e12bb,0.006904095993377268,6,12760552.0,447,18,4
2e0a97c0c37b91578e19b8a6dd3924bd,0.02697306638583541,4,2248057.0,319,12,2
2e115ef614a24c8b940324ce507940f3,0.09396563563495874,11,32964661.0,6,1,6
2e2feafc7d4c2fda50832377bec1f0d8,0.5944148004055023,3,1314.0,1,1,2
2e32dd670e57fc26e44917ff10984645,0.028146970085799694,8,14775.0,3,2,0
2e3e17f8518c0e3727b82799cd1953bb,0.0752917006611824,1,27278.0,9,2,2
2e4000eb227b14c206dab0ab3b97ba27,0.10031840950250626,1,7519565.0,615,35,4
2e4f8c138a5145f9f0d3029fab94617e,0.010250291787087917,1,49988.0,15,2,8
2e56a0deba5c58838cba5a7d0184e296,0.0025011999532580376,1,1529.0,2,1,7
2e68353bd163a37515e963977ee49386,1.1414890065789223,21,24602402.0,4,2,2
2e82a386dc13588b877bd4fb78d4cf4d,0.10820882947882637,68,2295126.0,400,9,0
2e8c324a500f6bca17d60d3596970f94,0.2262149234302342,31,17800.0,6,2,7
2e9ae2c928496ddeb7eb42895b3d0f28,0.11055892705917358,2,22890381.0,444,14,0
2ea2bb43ee7365f1a3724a9962dbfaa2,0.17908215336501598,77,15079981.0,387,8,4
2ecbd98852e240f6c6b5af09b27d438c,0.0032068794389488176,9,2525044.0,671,8,7
2eeda9c0af0754d40a18418ae9b98037,0.05251581175252795,10,11244.0,3,2,0
2f074fa4525d4d368dd084720041474d,0.016469199093990028,9,2511505.0,230,7,8
2f184d5507c62c04de9ebd148c2e66a8,0.02806895785033703,1,261431.0,55,4,7
2f698cb340501150580817cad0a788a7,0.8729939656332135,34,362166.0,86,8,6
2f73204458a83aed793c1d2b985008f2,0.01817380916327238,2,2030671.0,794,22,1
2f882c1f5fe6a006b106e9b9b45eab62,0.010520821349928156,21,1496097.0,552,11,5
2fa0072829503732969089791d960c7e,0.009059106043423526,27,24404770.0,290,6,1
2faed1ec29e7ebe79abb451c19221792,0.13041854184120893,16,22067.0,13,2,2
2fb51a29a944bf1cf2aad627e133e6d4,0.05413065105676651,2,9717.0,5,2,0
2fb82ed0c28b45ae4f13e9b8895bfe92,0.02083352394402027,1,39249557.0,1,2,6
2fd003031e83aea21fb4f2aba93b4dda,0.030588250258006155,33,6266045.0,115,6,4
2fd6aa5a242bec8e8c422a60f2ffc242,0.07560610619839281,26,246640.0,79,5,9
2ffbb809dcb5b46e2640b9509b812189,0.009458341402933002,25,2676095.0,373,6,3
300569927204cc7037fc4e3ec534851c,0.028954729437828064,2,1535700.0,326,9,1
300766835a1d6d202bcdd5edacda2aa2,0.1459583044052124,1,22804928.0,1,,
300d657052a2fac73b22e046ba5b8b5d,0.16546512953937054,16,18348160.0,56,5,0
3020f56432cf8a046bef21c1e46c7609,0.4220789968967438,9,36783.0,6,1,9
30279187c5a77914808f429c036ae1f6,0.023460000287741423,6,81191.0,65,5,0
302a214331a999a1362c7d47468b3f36,0.009899105876684189,1,3268768.0,843,16,6
303B9837B2C14A7EB512135C380D15C2,0.08957641517510985,5,9222.0,2,1,9
303ed5d0301fe155ad607f9dd2798703,0.02063326258212328,66,992261.0,291,8,1
304744dfe3ad37b5485bfdae3019931d,0.10884198499843478,21,2005018.0,441,9,1
3053B3389E0641198E0FEC78DE078E3C,0.19081159973144535,5,13914532738.0,103,6,7
305ff26a80ad0911bfdee3e130aff25a,0.3344996264204383,16,13160.0,13,2,1
30757f257b6a9f939eb01ec96734a079,0.024204231332987547,7,2638565.0,1064,12,1
3076fbc87eeb3287b1cdb180dcaffdcd,0.6233907013665885,128,69011.0,7,2,8
307b003d1784787297acc4c847d387c3,0.14901176281273365,8,1263222.0,332,13,2
308c17a33fd79c4d573c7f7c88497e61,0.06341152498498559,10,1267299.0,299,16,7
3099bb222417ec03d2e13093879b84b3,0.021658692741766572,4,1957787.0,511,11,8
30FD42EB769B48CFA5F7229A339D87E7,0.04427596759796143,3,1740788872.0,5,2,2
30a8f38a833148b0609ff28b29dcdb99,0.07839614286785945,134,13739456.0,168,14,3
30bca619365f72e24a2ecc352722188a,0.30449864850379527,32,637968.0,108,4,0
30bdc9c3aa1a53d2e84509696c31d62f,0.038518423680216074,5,18461.0,6,2,1
30bf193055b20964475d6a65be89d44b,0.015742705203592777,2,2065235.0,792,26,1
30c020fdf6c9ea7b42dfecd5b0eca5c2,1.0513912811875343,9,151545.0,22,3,5
30c591f156fc98617a099b9d5ad18d80,0.018077835207805037,3,1386799.0,657,6,7
30c66abe7d38a0a3fd9e84fcb8d5d41d,0.46898748725652695,10,1997390.0,101,9,1
310397619E1B4FC7890FFF3F0941D439,0.02212379074096679,1,3481494009.0,9,2,1
3108A7B28015460787AD93771DD17170,0.01,1,102432440207.0,384,18,3
31144db7630ea4c079fbe79db9bc0be0,0.028720925096422434,12,1111204.0,177,10,3
3130F12F31134C63993B13A141CFF715,0.04306853063774109,9,24344833846.0,258,6,2
313db777d57ba210007df858645249d9,0.008959848200902343,2,15110972.0,2,2,1
31481f272286ae84ead7b97a455d7b2a,0.00820817521889694,16,3732243.0,453,10,0
316D3BE29D904D2DA39D986126544910,0.07069003915402222,11,406857124907.0,108,6,7
318acee77fafcfd2bc84488d5b195b5a,0.16610889637377113,49,19916.0,3,1,8
3196bb20de742be59c0cdea9c08f54b7,0.02935340511612594,13,3299982.0,37,11,2
319809883da924031d212994537af648,0.04701760783791542,2,193427.0,72,5,0
319e219f9634b7aaa569c78e4e181aec,0.0038511453894898295,3,3168.0,3,1,8
31F8199066294B25AE66A7659B44DA27,0.3811931952166557,1,2247.0,1,2,4
31aee9a2a68097a1500e7d331166b4f5,2.164830505847931,4,507570.0,99,2,2
31b8990ed86d34e6369e85c5e7f191ce,0.028715690597891808,1,4292605.0,421,19,3
31d476caa20ba12d83b59324ffe99e6d,0.28775498270988464,2,861401.0,151,6,5
31d5634fd342c5cba516c4af4ae8bc49,0.06093449890613556,1,2960460.0,32,3,8
3213ac98e7cf67b513fdaf0bb49cafa6,0.004943481180816889,1,263621.0,35,3,4
321aaa031fa7096c25f12e65555078e0,0.6990868020802736,9,19757565.0,1,,
321ce9e8c5ec384696334481573b4069,0.004855433478951454,1,555.0,2,1,4
321ead6222a55d5dbf73f9925a3f298d,0.04682299046544358,50,1797298.0,350,15,1
32342555fce9049159f07ae02a705929,0.09510984178632498,22,154240.0,44,5,0
323695207804241af983e2ee9d9a0149,0.02064909299951978,25,928714.0,151,5,7
3247ba5d0d6a6d9803bc7652f10ce8c6,0.004771657986566424,3,17400928.0,1,1,2
324d6c1039cb30946e02526b7dabfb97,1.0440543068107218,90,887406.0,254,9,4
324f2df8ac6724c2c7e0a183b10bd56d,0.02259386982768774,10,9063879.0,500,12,2
325e38597ba51875fa00e34184f33e5d,0.41603737510740757,17,1287119.0,49,2,1
328a65c308a1250e5431786dd479c732,0.14551207073964179,32,183450.0,38,2,0
32c69c7969045211214a6ee79c9d4ea5,0.048776380717754364,6,3372.0,3,1,5
32d25d020b4b4b1bc2bd905b955b90c5,0.05251716263592243,3,432019.0,145,5,3
32dd27a3f50b6bb71c0e2644b302c903,0.01798499934375286,1,2420.0,2,1,6
32eb30f32f6c2dd7c903cbc8dfaf6af6,0.14074367441935465,151,1291399.0,255,15,1
32f3dcad9359b661074ff3ad7065c967,0.011333066096995026,10,1075806.0,58,3,8
32f74f912675a63c2725b0b3166d294d,0.20021006604656577,55,75628.0,23,3,1
32fae2ff3142530b0d2d4016aab73ac7,0.30000001192092896,1,920698.0,137,6,5
3328d49455875f85adfe3cde2670f1dd,0.3896603314206004,8,1084265.0,500,12,2
33361dd6c09bb55f14711324970e5bc4,0.01774024637416005,2,482445.0,270,7,6
3336cb83cde39ea0fb878df324237c54,2.9007498677819967,46,12693793.0,6,6,5
33406ff188806583e4000c5dfbc40632,0.059805179946124554,10,16771.0,8,2,5
33460b04fcea2c1dd28f74c1098ad15e,0.029283094685524702,7,3975686.0,159,9,5
334883cce953ea374a07d011bf958901,0.0799391157925129,7,382651.0,69,2,8
33518ad2a0d46a0dc1243957fb0dd34d,0.06374235730618238,26,1361187.0,136,5,5
33527a5b22bb7fb9cc4c05b64f672cb5,0.0715296808630228,4,123290.0,15,2,0
335eb2757381a057aebddc44632cc6a5,0.12645301967859268,3,32891760.0,5,2,3
338e0507524d15bfbb139ca2bc1ece5f,1.1884512566030025,14,249118.0,12,2,3
33abc622f4ad1152e0a5a7eef23faa4b,0.009370610991027206,12,5808109.0,1122,16,2
33b350867a8432d3a69c8e216d48b6cb,0.04287260468117893,41,1244034.0,125,12,6
33b501c2229dfef5fc796af0e9a7759d,0.017217738553881645,1,423.0,1,1,2
33b524990a7cc49d063e58e6790bfb84,0.027677180245518684,1,11754.0,12,2,3
33beef849f6f91d9e2ab3b51303888b9,0.05016927933320403,6,11800.0,6,1,7
33fe804e8f3c44e965c72065f3de8500,0.3262719437479973,11,4624926.0,263,14,5
340e123d78193e82d9978d1b182943f6,0.15201051533222198,3,274149.0,17,3,9
340f5972376873da30b7119601688fbe,0.0021307985298335552,2,494492.0,48,4,0
342094ab8d7f63625789e07eebb2870b,0.11684436106588691,10,151928.0,37,3,4
346a722f980cdced69af8e3023f3bf53,0.04807474836707115,1,4634036.0,316,11,7
349d8ac23adbe4a669f92082161452c5,0.032562502194195986,5,875276.0,310,8,3
34BE31C6F506457CB7E0F15B5CA802DF,0.039247046209045414,5,8703982478.0,8,2,1
34a2fe2648a22d4b28d46cd06fcabd27,0.009625677950680256,1,3244762.0,392,6,2
34a5b5758c4407e0012d5972f7584eda,0.0006670436050626449,5,5163421.0,1870,41,7
34ae7cd44bdc9bb829f1597a07866f2a,0.6085831224918365,9,495770.0,32,2,7
34c4c5218eaecc26d1fab58fc786b21d,0.12789369653910398,15,1824700.0,493,10,5
34ceef5bbcfce14c2126f1a7e7d71bad,0.46061646938323975,2,3781.0,4,1,8
34f1f543f25688d7d3921f3314b4bcf2,0.08344906731508672,48,7816883.0,74,3,8
34f244a07101a7f4e0ab2a86037691fb,0.024889290856663138,20,3299908.0,432,9,9
34f77df61cd2f0b6132943f9f9f8adcc,0.012278206646442413,1,220081.0,203,6,1
3524e2d9d87183bc4ffd0916ae086bf5,0.23542864620685577,3,4292337.0,2,1,1
35356b9ba2d360a1ceda2effc71f7702,0.03565371688455343,3,4598272.0,492,13,1
356f82f3c32cd70d1315d2011a0b3d6c,0.2728579044342041,2,1296121.0,399,6,9
356fdbe67e2d656d2ea302e8adff77f5,0.13879256322979927,3,162331.0,25,2,9
3587bd29fc90c79427497fe5cfa0983f,0.004056571167893708,4,1533094.0,334,11,7
358928085F4542778B496E3EE0878EB6,0.09450917890831337,60,17187037812.0,313,27,5
358da4401d9629d21cda3cdd7d9d3710,0.0023718152660876513,1,10235.0,7,2,3
358e42c4af146c75b5de61803f1a5762,0.037243047496303916,22,2526287.0,1018,16,5
359e5896f129030a13c0f6d124268e14,0.004780280287377536,4,2475557.0,221,7,4
35a66b05c4cdae4b13526a90f98ce4cf,1.2814147030003369,52,437326.0,15,4,0
35bb8e66408b7d8408101ba6a5bb42bd,0.010550998151302338,1,770133.0,129,5,9
35c5cbecffa3dfb90a13834d0bf10c2e,0.008348089177161455,2,4057843.0,677,10,2
35d0ce06ef0b35bd2935eb9fbbefb8ed,0.011869439156726003,4,1069950.0,62,2,0
35d58f42ab6102569a93cd79e88a61b0,0.9828126076608896,43,41551.0,10,1,8
35e1d0213021ce39a8c30b8b212f2579,0.053294723853468895,48,671051.0,153,5,7
35f1cec0e1382fb36efd8a8794c29c42,0.1103440448641777,2,146193.0,93,5,3
35fb0e8383dd70479225bfd60d675ada,0.024456763989292085,39,137571.0,73,4,9
36317ca5e10fccfa71257aa8d40c109f,0.018390302546322346,3,8422927.0,973,22,1
3645679cb19b0b88cb9263fd72b06c77,0.011136129964143038,6,1632762.0,270,8,4
3659cf340bf21a6263402bcfdc113f8f,0.07151425536721945,63,1890430.0,32,13,6
36645bce79021c5ad6d1acd857acff3c,0.001344652846455574,1,447897.0,98,4,8
366d6e6ba95d098023e63d0c4fdadcaf,0.2790569169446826,10,1361975.0,410,7,0
367637373ab981d5211c342d42a42099,1.1442530425265431,6,3815858.0,64,14,6
367B59FE85C04844999BCDD63F791472,0.05339844382548437,17,29537517291.0,236,7,8
36856cfacedfd0e31c2a907858bdbd03,0.0032098793308250606,4,501428.0,78,6,3
36893e4511df9241d74024995a601bb3,0.04899491090327501,6,1183.0,1,1,1
368d93e43f798c9f8451aaf5667f4322,0.05527946352958679,1,1769756.0,127,5,8
3692bda63c74a18ef7d0953f0a05b885,0.12786906957626343,2,3968210.0,531,20,3
3695d25d75213408ea68dab04f3323ad,0.025601426139473915,1,10738531.0,1,1,4
369ae11a09dd629258c13a8b9abe4dc3,1.8422802034765482,79,6045885.0,5,2,3
369d450f2f6e70b59209ee25006245c4,0.041557129472494125,7,150627.0,37,4,4
36b64c386c60c186c1da08df330af95a,0.14460870064795017,7,688091.0,112,4,5
36b6c9c9c356376350b9af46555112d6,0.07075899839401245,1,11335.0,6,1,8
36cd8af4b3e3285a6765703300cfac8f,0.007045355479931459,13,3234460.0,124,7,6
36cfad92ab7120b809c8a627fdc13710,0.011415393091738224,1,399.0,2,1,1
36da10dbb233ad3d7625589b0613a6d4,0.2698177359998226,3,9699.0,4,1,7
370d72a8cc9a9d6d6178af6794fcae43,0.004614039557054639,7,17178314.0,2,,
37321b1592f1da3e545b33d7acf5cd96,0.37091562151908875,4,353100.0,41,6,7
3736042989d0818b305725d4d3ef9b24,0.16223252832423896,30,210172.0,17,4,3
37368fcde99eea155d5b2e94746dad80,0.0521272427868098,11,1569012.0,356,7,2
374662EDB2B44150A75B4AE999B9FEFC,0.042786065978830654,30,5222195116.0,21,3,6
375f9d92e2971c49a962f8a5cbc9ce86,0.22611305629834533,26,899260.0,162,10,1
3766c066fb438e5e855ef7cf52b9ea1c,0.12903790036216378,19,1782910.0,41,3,2
376b266c64ae0b5b6aa5c6a10c330c03,0.3319568750448525,45,1151459.0,180,6,8
376fdea696189d11e08d0152dc5ab07f,0.039524514228105545,4,16594.0,6,2,4
37702b4dbf1cf9892d9d8bb9f475db60,0.007231153838802129,10,1541582.0,350,6,1
377af03e2646bc0a3874b451803cea24,0.1953156366944313,2,37547419.0,2,,
377bf4c0ad7e3b8be9d31eaa2ea6da5d,0.004498088157561142,22,1771225.0,156,7,4
377ff524d5868102acb6fb4de730c80e,2.473068416118622,3,3341.0,2,1,9
37936457a2d62d5aea080145d810d58a,0.005301648678141646,58,,432,23,0
37936d92baf4d3253d244f4e43024e6d,0.41361182928085327,17,4796692.0,200,13,9
3794bec6ca9d5295d0688d6bd9b3fcaa,0.09861210733652115,3,2748626.0,144,3,8
3799f8c991b58354c2dfdac5174c6ed2,0.13829109445214272,13,10641.0,4,2,1
379f33892a2ec670727f381458112b92,1.2273841295391321,26,14182.0,3,2,2
37a7d69e9c0b3787c04ee037b10e3222,0.04211507737636566,1,824039.0,104,7,2
37a8f942acea007b90baf251ae1be8b0,1.5502830743789673,2,22112.0,6,2,2
37d033f196f014a214ff314a6e0d7aa0,0.023284038994461298,4,12179943.0,1182,21,4
37df95b69b624b21b93235b2fabbf930,0.12885854532942176,17,9096.0,5,2,1
37eac810116ed3fd0a0ab5d5f541656a,0.008642802014946938,2,16969.0,7,1,8
37efab7dc938af6468857901e94ebe1c,0.0014480060199275613,1,604.0,1,,
37f3b6b10fadc014677fe8deb7b1537b,0.15893022203817964,29,510303.0,93,4,9
38250e316537284fad6fdd3acfd70855,0.21871388517320156,8,2702892.0,587,10,9
3834fdd55861fc3b7cc6ffcc62d75783,0.005468906601890922,2,28301799.0,146,6,1
3854951a9bb919823ee4d819dd6b127b,0.29090120550245047,26,19363797.0,15,3,5
3859c66a2abd0a9b6e9c5bce433f2ac7,0.5632268078625202,28,2753876.0,648,19,8
386be96a71b024e642d670836007f01d,0.28621734119951725,6,18845.0,8,2,3
3883344C579C413A969444595365930C,0.07909642791748048,2,13865781350.0,25,7,4
38882599f48af69079159f696e4407f7,0.060291700065135956,1,32140949.0,1,1,1
38E9842F4B0F4895AAC197567C00913E,0.011424448150396345,3,5222526467.0,132,6,0
38a64d97a552a98c9f81a2ddedc5bd81,0.3336240714415908,33,642546.0,120,6,4
38b3bfc4641c7efc142202aaa9a19842,0.005360790295526385,9,6492848.0,1697,34,8
38c5fb90068d6efb03752c448f10fc79,0.48591605201363564,9,28464659.0,4,1,8
390530D9759E46319804184F6991B586,0.28273745727539057,2,3479999401.0,82,10,4
3908ad236a659a8a04c3a07633b71991,0.025104111526161432,7,744714.0,148,3,3
390ea030ba5a53fe8ac5d675c6127bfe,0.0029570593032985926,1,6533551.0,483,16,9
390eeeee6e36127e10b53ab460c896e8,0.03379289458098356,99,2521262.0,235,17,8
391129e6a39126713136f508770c7748,0.01206337395706214,20,313732.0,51,2,4
39296a965131f55f8e5a826014e9bf7c,0.018851976841688156,1,5795.0,5,1,5
392e91acc3c7bee211b126c8d2fb7f5a,0.036942702339729294,96,1450475.0,613,11,2
3944737ea8a7221557bfc9b92cbc7c95,0.011383122531697154,3,13917.0,7,2,0
394f03807f1b6361f306e25a08680df6,0.03444755170494318,10,100344.0,34,3,5
3956621faaa3a998a8b2b4161d8acb89,0.025736568117281422,45,1260163.0,384,8,4
39605b493e294901c844882cbcbfb6f4,0.07923437602585182,96,1183344.0,255,10,4
397E9F74572C4AF09EE81CBCF2CFC66E,0.02921415923833514,10,3472870570.0,299,8,9
3988a0cb4938219792bf23bf97f959f3,0.00831493129953742,2,754122.0,142,5,1
399c25880758f80e53a4aab5de52465f,0.022472531534731388,2,258113.0,40,6,1
39acf8c0326ab6f662633ccc486a80c5,0.07475482299923897,4,350063.0,297,5,0
39b36e98978c5de18a15d302a722426f,0.09871349669992924,7,150238.0,14,4,1
39b56d871a4649290a78d357c4c9418f,0.06907809432595968,7,530325.0,114,7,7
39d43325e9469dab59098ce071383a29,0.07611159502994269,31,2922730.0,817,16,3
39e2005b9d8db41b9f8e01a9107b751f,0.030404676450416446,3,272481.0,69,4,3
39edb7de63d42882797883b83314b2ac,0.003850674955174327,1,952063.0,267,6,9
39fd6dee2cbfa3d5a2f94922b806d951,0.28426888352259994,26,1482017.0,241,15,9
39ffac826be4ba0b28d4620ee9397a8b,0.014726760869962163,19,2345652.0,985,19,8
3A022FE102C948039A898C2CCACED9B5,0.18798543943029644,7,24296867102.0,140,7,0
3A952BD5B60D45DC84C39E00B1FD383A,0.11112417602539064,5,1053.0,1,1,1
3BD5D9FF9D2F4FB8A40B72B15A7781E1,0.07106354319635819,20,12176542982.0,219,9,1
3C09D1C9A03C44008463415426B3AB80,0.054578885339379324,14,1740387513.0,97,6,7
3C47315194824905AFD34B6495724CCD,0.6111425323486329,4,158420.0,29,3,0
3C7F7C37955944CFBBEA098DBA947CD8,0.0745655250930786,5,7211.0,2,2,4
3D6A69EAE20A41819165054FBCD6E396,0.23548363426893948,21,6962241010.0,28,2,2
3D870F5326FD40B9812C55ABE1825057,0.1116483230590821,1,3485067229.0,2,5,6
3DA52FA115474216B16C013CEC97F0B0,0.9278621826171877,1,1740718879.0,21,4,0
3DDF842B21694E64B2C9E6C224CD797E,0.03953472518920898,2,20848422896.0,189,7,3
3E13EFA7D4E3427FA0D68CCA5B9CE8F3,0.003515200052380561,1,380.0,1,,
3ECAC1426FF74D1493ED751D9201636A,0.29034104347229006,12,3481610760.0,8,3,8
3F8A4EA4AC5F406F95746F334FF1749C,0.03683693981170655,4,12105972249.0,97,6,5
3FA091098242414FBED11677BA1587A2,0.039840966877043256,7,100012781318.0,498,22,9
3a03e593a1a748abbe8f22f67541c45c,0.34626840776763856,46,,1025,24,5
3a0687cbfa4534b27a8b5621a4afb3fb,0.22908830060623586,13,,495,12,9
3a71e4a9c4ff9301e98f1468b6c0ef66,0.025343967601656914,1,34354024.0,1,,
3ad03e688a9d4efc4a5b8186fbc3aa63,0.9384704772382975,26,125804.0,15,2,5
3adf7ebcb8497d4ea76b57fd7f3302fd,0.14249219093471766,20,298335.0,72,6,1
3ae0acc7282a3077bcc8bb5357a5d465,0.15534746646881104,1,28746726.0,6,2,0
3b0143bf23ac1c835b1b9cbf88c3bb46,0.014524620957672596,1,855169.0,103,4,9
3b1d464e5738c0c1b053d16bd1ee3595,0.021502018440514803,5,110877.0,8,2,3
3b269ae6a4f5eab99e4841de30e677ff,0.14096153900027275,38,276159.0,28,4,1
3b42e267807527550970970600da4f85,0.07506020041182637,7,12262.0,4,1,8
3b54610d4e0c8bb0e2fd06d0951ef279,1.0555477738380432,2,2160.0,3,1,4
3b676192eec5b21a1a7c1eab53d7b5fb,0.016702753957360983,3,7510296.0,138,6,9
3b78b8db743204d6304caca58338994a,0.011654074303805828,7,2837204.0,390,11,4
3b8860eb94ab72e2ade3d40a5a69b959,0.04887228645384312,9,155015.0,19,3,3
3b8b6dc001607c77c5000a29523ac317,0.10415575164370239,33,257620.0,60,3,6
3ba0c79471aeb179ea7423c50cd2971a,2.4841980934143066,1,302979.0,65,6,2
3baf8f278701c304b7cc84e69fd10084,0.012862611562013626,4,843340.0,54,4,1
3bd30f2a94cd288b811b1616ec98875b,0.003970674879383296,4,5283293.0,144,5,0
3bdfa5d120e14db2ae0515e593968646,0.005241150036454201,1,62956.0,4,2,0
3beff115d7ecd1e9878f58d2b682bab8,0.021820475347340107,2,2758106.0,308,7,8
3bf078cc1bc217fae03e7b1e903986a2,0.7775619626045227,5,39920.0,1,,
3bf6adb186c0f01754df024202c1ec6c,0.06495423801243305,5,170943.0,27,5,1
3c0e423d2d6785603e174fc7cb0db6e2,0.20512264780700207,8,1950668.0,423,7,3
3c11ed6035382ebd55f1d098e7217575,0.0026057951617985964,1,2313.0,2,1,5
3c30ea8cfdd0bda764fe5775d784126f,0.03540077747311443,5,877.0,1,1,2
3c48f6eb7239b4f3c50705ea956030ab,0.0026498211082071066,1,589.0,1,1,1
3c667e6cf5c8bc8fe937f2b3aaf4fc61,0.007309135980904102,1,66198.0,21,2,8
3c6753e3309db4f6cc3ed3329df16e4f,0.035271540604298934,48,24391638.0,268,6,1
3c700785e7b32557353fcaf49e3eacce,0.25242093205451965,2,145864.0,34,3,7
3c7d345cbad1a2fe484bb6b6c281952d,0.0373613164993003,18,30932.0,19,2,8
3c81ce5bdae87d10f75f9373dae19505,0.397700258763507,39,8459256.0,135,5,0
3c9a4f11206624849804ebfc6f49d7cf,0.02449847967363894,27,5246583.0,1249,40,9
3c9ff9cbc8763fa2aa2b226bdcad2791,0.021663285791873932,1,398.0,1,,
3cabf37951650567f055ea4c249c1e67,0.0222386559471488,11,6589049.0,1674,26,0
3cb7be8555764136bca0dd5acc842774,0.019082354847341776,3,24462.0,8,2,9
3cc5524ec625d223b4f012ca05469648,0.0030575311393477023,3,12588.0,8,1,7
3ce49aa5617ffda1f4a7b617666c854f,0.0399005264043808,1,671259.0,305,4,9
3cf2aaa5c37164983cf0625153bfa53b,0.007934609428048134,1,893370.0,209,3,4
3cfbe12b650034e0146e170360f580ec,0.004769489169120789,1,346254.0,12,2,0
3cffe9bbdda79f2968dbbe5b6e790274,0.024110714439302683,6,6705707.0,233,7,8
3d125219a5e5dc6e7c248de2e4914e1d,0.6264493465423584,11,4611.0,1,1,5
3d143e690d4d8890a661ecb23b93d164,1.5905074514448643,44,1304592.0,5,8,9
3d1cd4f0660cba9b554631aa119b2682,0.020566191989928484,12,116319.0,34,3,8
3d3ba759c4fc65cca9556915fb201e5a,0.015366738116426859,55,969263.0,125,7,5
3d528692ff27ce5e654d368e9f32039d,0.02138620987534523,2,21589.0,3,2,3
3d5d5c71ad4528707a214a6492ce2cae,0.05385901313275099,3,1323.0,1,1,6
3d605e68ef5f1bcba20d859306e0a9e9,0.040715449198614806,36,3287138.0,1136,42,9
3d7f993962e8f70b6516073a7f4df08c,0.0010000000474974513,1,3712176.0,1047,22,6
3d932bead6978cbb901e3c28bff8de55,0.035351330414414406,6,463524.0,18,6,6
3da211f13d00e0357617fef371406bb4,0.05285938689485192,4,1200.0,1,,
3dae0ceb396d602e8d6c2733c0c6216c,0.00938012171536684,4,315808.0,123,4,9
3dbcb6c139133c3dd102434ff2a8d548,0.01512920344248414,2,4242.0,2,1,3
3dd55f6fed9a07aadd19ebb2b7c4f3f8,0.1782836529891938,43,283249.0,63,4,6
3dd6f4636300178382734a5b0471da45,0.013825821690261364,1,3311622.0,1048,19,1
3de958b5c3a9eebc4397a526f6594dc1,0.03093781811185181,6,1753545.0,436,15,7
3deea99a69573dc2f5dbd8d68fce1351,0.0038417415926232934,9,3858897.0,210,15,3
3df639a900e17503242b2a322800c5ad,0.1930318083614111,6,1064478.0,87,5,8
3e07640212057f14337fe4e1c080d956,0.028008791734464467,15,9246383.0,887,32,2
3e0b28916b227f90866224bb125dca50,0.012082360684871674,1,1215319.0,179,15,7
3e12758e21b9ddec339040ac1b080ec0,0.03217842523008585,2,21066457.0,142,15,5
3e43af841ae41af77cf6451eed037f28,0.00865452180732973,11,328572.0,16,2,4
3e4c88d93ff023e7221db69fb48165d3,0.003423541085794568,1,,426,9,2
3e665bbda220a750c2547b798bf9d6e6,1.3522048965096474,61,172575.0,22,3,7
3e95914b893fce6d11b0cf7f6c6f5acc,0.21651944518089294,2,10862120.0,117,3,3
3ebacff6034419bc176915f862e7f8ef,0.013322402257472277,3,10896272.0,10,3,1
3ec08b82af1fa72efc02e97d75df6b51,0.1176031231880188,2,833.0,2,1,4
3ec7c1cf4f21861c3884d1dd89b51f5d,0.21565149049274623,48,698194.0,177,7,4
3ed67d534a363bfbc92c696408523883,0.12695741839706898,4,340841.0,95,5,2
3edc44fe271df666da89c759777c7d2b,0.06515866541303694,28,265219.0,40,3,9
3ef1c4e3e9b0bbc422e3f783ea44ae08,0.012066928204149008,2,732338.0,171,6,9
3f291321800ac6cbd010266432b25ed6,0.0549512580037117,1,20492041.0,82,11,9
3f2c8fdf81871be6e48a41f9f26984ca,0.22825665771961212,4,96605.0,12,2,1
3f2eec6530d19d99516059322f8f6585,0.016486220731167123,25,28168.0,11,2,1
3f4b30eea713c42e889fa33e0c1bfac6,0.11084891893551685,28,984024.0,216,11,9
3f529ba02ebdd12f6bab60d121241ef7,0.0055898906430229545,5,1172.0,1,1,1
3f62fa5bb41140d8552529f286a4dde8,0.01155768078751862,3,3040787.0,677,13,6
3f78d9a7cbff2f71e1ccf8cecb3e28e7,0.11451813066378236,9,40096.0,13,2,1
3f7b23a2cdf6d75bba640b035c990c50,0.02156366314738989,2,1328.0,2,1,3
3fcdc4dbeddeec17df9d062b0094c6ae,0.03695057798177004,4,5356848.0,649,10,2
3fd63695f0ebb41a966f53096c84af15,0.015942245139740407,10,4047311.0,302,20,8
3fe14adc7cdf267542ee3ecd53bcd210,0.0354100838303566,8,57519.0,45,3,2
3fe8b5b0dd11016f5d11c91aeec16b5f,0.08449358213692904,24,1119481.0,80,3,0
3fea19b6f0589fa3986b403e483349e8,0.0020582348697644193,15,3318395.0,635,9,7
4006bc5ce7b60bb0dadb9f49545dd588,0.02822080149780959,18,1919.0,5,1,2
40074f75ff79bfd2236d439905b275ec,0.6722545027732849,2,1048.0,1,1,5
4012998eed76d678c7b6f1d24ee36725,0.06911627249792218,9,1624735.0,391,8,7
4012fbb162f8cd6ac6bf99b0d85143ed,0.003545908024534583,2,2364928.0,222,6,1
4024f00f1369a7e3b8e281177f497daf,0.038510218262672424,1,,815,15,3
4031873B77CB43E6969DD61592ED21D9,0.17658745185729416,43,39966297701.0,342,8,7
40705c59be1381fbccbce35224a4a3b6,0.20150528475642204,10,18717910.0,28,5,0
4081adebaf6e29e5dbd8fbab3b48ce4f,0.013004999607801437,1,19963623.0,1,1,4
408882ba759458c635da3b8e5ca5ae0c,0.1139415055513382,2,2067830.0,414,14,5
409b2b54bf63a614cf8b9a7a720275b1,0.018857118440791965,7,9024137.0,1694,17,0
40A071C3EF5940AEA40ACFE652B3E0B6,0.12238051856495141,31,324550.0,119,4,3
40C7976680094A0FAF971B7A6475FDBC,0.05,1,8702369868.0,74,4,8
40ba6530c0510f165c69dd6cefbbb6a5,0.006369750015437603,1,11158.0,6,2,2
40f79b360a3831acf5dca04f93a7de74,0.06859184970380738,49,18004000.0,6,5,7
410331f1f09eae9369435275948edbed,0.008551392005756497,2,980.0,1,1,3
410cdd313e493eb5c31407615137df53,0.0850265952758491,10,8469848.0,36,8,4
4115e80be9e56b61cb3bbb875df9d699,0.025398873956874013,90,109035.0,27,2,5
4117f6757066097f3dd2f14b93a661cd,0.013758622575551271,2,1573775.0,35,4,4
4138c2057f7fe24f65d2cdcb58c8bcfc,0.03152995929121971,1,287.0,1,1,1
413990F040FC4A108E2396E336931A3F,0.01838908576965332,1,820.0,1,1,1
413badfe80be9b04264c91582d187488,0.04178282245993614,19,66467.0,7,2,6
41431caf0568e4e55c53e066c0301cc6,0.06433078600093722,6,235348.0,69,7,0
4158CAC897B3430B90E658B64E61F9E5,0.09201574964014055,13,102440.0,16,2,5
4162bb4e71ed2f30aa63ef64a3f413b4,0.2040168703533709,76,1085032.0,221,10,7
416e5140d487a05a36461460c3e171db,0.07656816893722862,32,200617.0,26,2,7
4175879bd8fac5ec24361b22af7ee2a0,1.6826584339141846,22,18907.0,2,2,1
4187f9e1a19d94024d0a5e2a85356108,0.009137500077486038,1,5274569.0,1006,32,5
418d8abed27aaffcaeaccfc76deaf58f,0.02530428091995418,19,1567102.0,47,9,7
418ed9154aaf929321eb641e2c03eb15,0.06243501091375947,6,515487.0,131,4,2
4193895dc839e62bb2509b8f3f31f89b,0.01063460297882557,1,360318.0,61,4,8
41A5780F64FE4915B79329EE98C55E56,0.11034658892789462,18,710720.0,105,5,0
41C859E538324141A3C72B4E448F710A,0.08098054457086182,4,1740805835.0,6,2,1
41ED1A4DF54F43CDB1E45091D2C9179B,0.02485991525650024,3,4791.0,2,1,9
41a95a7dbe2e37756be6ea208e318502,0.6456027310341597,14,2663315.0,57,5,3
41d1bcab5bc6adfd4ff68fe7376b6e8f,0.37601060327142477,20,1502756.0,40,4,5
41d8a18ca8bc5ed67e4880d4c7053485,0.019932598690502346,6,2299.0,1,1,2
41dfdd156ed3e15d0ff8c9f9edce1d6a,0.0017807184485718608,1,4151027.0,27,2,7
41e913f3496eac450661eff12ab65a01,0.0063670482486486435,1,247125.0,54,4,2
41ecbe37ef36256a6909c2753bd2e0ab,0.025245203461963683,22,914222.0,290,7,0
42004F62805F48ED83A2591D9B602C36,0.7629767445468901,41,6960606843.0,81,6,2
420469355f41831082dda2f969cff47a,0.03956281207501888,2,1404096.0,115,3,9
4228f64b96df76ed2974b1d1d8df08fc,0.5351113518700004,10,3452.0,2,1,6
422c9d2db9030114befa8e68b340da0d,0.021894780918955803,1,623727.0,83,5,5
422cbbc87eb95c4eeca30f8cc3061b1f,0.7274853270500898,16,1475319.0,199,6,1
4232618681c3105b9293bc99db75ab1c,0.009942538104951382,2,644740.0,159,6,6
42377a4cc74f5aba2b92db6db85bfc88,0.03455139574361965,28,471009.0,79,4,9
423c7e7965397ebe604a97c7fb8ecf5d,0.01513318344950676,1,639137.0,159,7,1
424267fced954d5946761419f1caec7b,0.0035628321347758174,2,193615.0,43,2,2
42D8232A1E954293BBF71AC195D92DA5,0.10240008124935628,10,8684799504.0,403,11,0
42aec06baef0461ca2d474af9389b3e4,0.3697474121581763,23,864001.0,56,6,1
42cab36bc0f5e4089cb5be73046bf501,0.14023675408679992,28,20122.0,8,2,2
42cc2b8bf79a7628b7824272266982eb,0.01127095753327012,8,1344.0,1,1,1
42cfe5de97c8e76fea950ba692e577a1,0.008424294413998723,3,225525.0,80,3,8
42d891fc1cfa649ce167ed3e6b7935e5,0.3234602361917496,5,755057.0,105,7,6
42de9d3ee20a51752e7e741a7ec808ed,0.039641037583351135,1,1749395.0,14,,
42e14f209f7ca5f381ac4706ca9e7d97,0.01381008978933096,1,2449906.0,943,11,1
42e8bad5cb7a21a31e696ce8ec3bfd8d,0.0010187093866989017,1,,505,10,3
430baa43505ee1519aececdc85942d0a,0.06836681347340345,11,4041561.0,38,7,6
431c3784416206624fe40177d1579e6a,0.14571128971874714,4,650075.0,79,6,7
43317142008e221a9e75ee2381aaa7c9,0.16655236924998462,96,174864.0,31,6,6
433b66dd8e69618ea38ea255553fe17e,0.08513946458697319,2,55171.0,9,3,3
4349F7528AA143888BD1229761B8B8D0,0.011200240383398535,4,114625016356.0,282,9,2
435827d03cdc16940ee8e00c6525c87d,0.013219236163422465,4,94617.0,13,4,9
436f88f2c5a8302b08a7dec90131bc63,0.5162786063738167,40,858399.0,111,7,7
4376ef7eab3a5e25c12bafacf3827014,0.574675165116787,13,1592751.0,301,8,4
4378ed085e50be6b42264e7fbac2753c,0.015540385618805885,2,531523.0,97,7,4
4388c58ceca4a4a6869646fa84874ff4,0.16991160064935684,2,1103.0,1,1,2
43CF0B0119CF4DA28B4AF26FA925D6E6,0.24958967365193177,18,1825223302073.0,6,51,4
43a8471a47acaa3fdeb99a309d461cd9,0.1769985354039818,36,,489,9,6
43f89615dd1ac91f8b4318565ba51153,0.04081925190985203,2,27192996.0,1,1,3
4406da377f7175dce3b813e44ba27bd1,0.17342795012518764,13,710210.0,19,2,2
4410dbd24c9240939c1684fe4f572bef,0.01931096543557942,7,1173280.0,390,10,8
4435c6caac9f2e2e9571b892c8e2161f,0.006792578846216202,2,4615152.0,121,8,6
44542F5D0AC541BCA27E08917510D54B,0.02472346115112305,1,43411023145.0,113,4,0
446D222CF6E7438BABDBF711B009B5E1,0.1441569855620384,27,10422746554.0,382,7,4
4478d1f849c87147bd30e8bb28124548,0.00326569308526814,1,414292.0,84,3,2
449c4b0c92ff4ca61f61e867ba6fa3da,0.013404872210230678,16,384286.0,82,4,0
44b3da97379e1cc0bfa0b6dc72fb7026,0.017766224103979766,8,3011.0,1,1,3
44b9842586aa38ba6471a99c8b15e857,0.2891597505658865,13,7234.0,2,2,1
44bbbf12ec975e57203feb6c61519664,0.0038390939589589834,2,6029293.0,148,6,0
44cbac2d74d547503f359cfb14810c51,0.04417475173249841,9,859146.0,340,19,5
44cf09cb55aa8d717a7c594e92dddb14,0.019066900946199894,3,53357.0,3,1,7
44d7a0f4357d7d21008965d0e533aa39,0.007831846363842487,4,3412229.0,389,7,7
44f46fdb3b37e9c1d4105154da629338,0.04653810430318117,3,273942.0,41,3,4
44fb15fcaa6b62037673ac7860a8eab2,0.02420666191028431,27,9738.0,6,2,1
4503eaacdac77ef40f29f8d621133c1a,0.020676559302955866,4,4230598.0,646,19,0
452f6814934348f7dae648aa9b924c74,0.008659016923047602,4,1345358.0,260,7,7
45425ef0dfe18fc10d1fc6d400326ce5,0.014578405069187284,4,10859.0,6,1,8
455246fa3bbefbe650fcbfb43b3b4f2e,0.0069535502552753314,18,3672088.0,134,13,1
455ad57002eccb4126ea0d5a09981fb2,0.05995459854602814,1,1855334.0,371,7,9
4562d22f4f966e22eaa109f8c51623f2,0.015038603683933616,11,7165514.0,967,37,0
4568fcd6d38981dc6f91183c9ad7e676,0.005292863410431892,6,196403.0,29,3,5
457b2d3adf311b5dcb1c70e802e74727,0.032301461324095726,4,840804.0,147,7,9
458e43c25ef2bedf5a796a77eaad6186,0.008692973991855979,6,5887369.0,1853,35,3
4599ca384b38d9739015d63fc5eb7ab3,0.22435825411230326,11,7874731.0,16,1,9
459ff1c72a86fb442d60aa076458d540,0.11741114407777786,20,870879.0,191,6,6
45aa8f0f91147ef2acb49b71a1525241,0.2726590409874916,2,293.0,4,,
45ad86a14def0ed24303ebafbb2aedfd,0.052767086774110794,1,9645676.0,111,15,4
45aff87111dc12e9a09f156c9c1ee2ba,1.080252356827259,20,439109.0,57,3,8
45b4f0d0a6fb6541ad9fceed557f66e4,0.2912958562374115,2,50834.0,2,1,3
45e203a896924a80d428a3da7c720c64,0.23077456699684262,16,16734572.0,138,26,9
45f9eacf9cdd8a2e4cdcdfc23e6ea681,0.012030757032334805,2,1068492.0,128,6,5
45fafa2bde228c3a9885bdef57e234f8,0.04928891034796834,30,2738301.0,390,10,6
4601398f5f8e8dc101ab6ecc3f64133a,0.01478405762463808,1,454675.0,12,3,0
4619e10015228d1d076f746c8797d8ce,0.12099477206356823,26,291230.0,34,3,7
461F3F014C104B1BAA83B85B30A3977F,0.022706464038491248,7,1100881068743.0,416,10,8
461F9F365E2E461988ED8A37055136E3,0.46114974816113286,137,18271.0,4,2,0
461c02591a2e4a53796864b2c07c9905,0.010004759766161442,2,34923.0,10,2,4
46288a1c15091753b45ea7fef87da957,0.010924999602138996,1,6619969.0,1,,
46563629a6f8b227ad9ffb326a01d808,0.013173351064324379,6,10257.0,3,2,0
466018251d6a3e44d75f9a30eb29392f,0.005944109056144953,1,9212.0,3,2,0
466809217a01394f788eac5f9a00ef71,0.14084438979625702,3,56396.0,7,3,2
46EB4664D7974724B39D2FFAF3471942,0.2676109712192383,18,313039833931.0,171,6,7
46bc6476408d360dae3a04c996a2ed67,0.027772980742156506,2,606.0,1,,
46d358cb14352eaca18152a1d15a6bd2,0.3567228689789772,6,28760467.0,2,1,9
46d8130965edd7140109d6a6d1e606e3,0.043646709993481636,8,895348.0,364,5,0
46fd30576f166a4585ab075455cca0e6,0.1500836554914713,5,104525.0,25,2,4
470197145f5795ed44d19d961a8b41c9,0.031258292496204376,3,1821.0,1,1,3
470be60e8c4723013ca4e9b61b7102fc,0.04153219738509506,7,958005.0,276,11,2
4729bc32b449eae94873e7932192ef4c,0.0874507986009121,4,1593502.0,199,14,6
4733e325f50dd821ea3c6cea4e74e76e,0.061061260756105185,8,259940.0,33,5,3
4743c534b5ef07d6260346a295f96730,0.4124310538172722,7,29337265.0,3,1,2
4766b16eb584eabf9668aec00fc61764,3.6937920302152634,234,883060.0,90,9,2
4769286e3af47326ade1c018bdad4346,0.0025591853191144764,3,634033.0,171,6,7
479b8dcf7504180108a5f596d294c90f,0.01681011018808931,7,1740688.0,114,8,0
47BF57111ED94170A3B76951451AA516,0.01655010223388672,1,2778.0,4,1,6
47a18e1e084bf08e851b9e1851434d6a,0.03280138480477035,27,381489.0,7,4,1
47cd96b721de9eb896ede47990d09c86,0.05469901370815933,14,606208.0,72,7,8
4814ce780e253b87e3b4128d9b0776e5,0.1913340464234352,5,21127627.0,13,1,6
481ac7327fd24cf85f0d3a9abd758c8f,0.8580517936497927,23,3887.0,1,1,4
481bf768b4fd84243b6ad1e5f2094b70,0.012985553010366857,3,107350.0,14,3,1
482523af364a2f5dacc79a89c058d105,0.3843207508325577,9,795827.0,105,7,7
48279da4c8b1f4b4cbbef583a72c3462,0.09524500882253051,16,2878958.0,599,6,1
48320a016f33e10187f0c0a2e7874ce7,0.03513716487213969,9,1226361.0,352,8,4
4838be3530eab6ba3ac4f478e06c33e6,0.19544936739839613,39,160615.0,14,2,7
483da6068b6c5758ce664613787c3c0e,0.07687385787721723,24,,853,22,0
4846b7517a9959179809261f6391f467,2.046729266643524,2,2226559.0,184,6,6
4869d932262b21b433d33a572244b868,0.03231943852733821,14,1190497.0,221,9,2
4873c6ac5ea028b0ea6e1dfe0c4e6b25,0.02999222232028842,5,4046951.0,394,11,1
4885a9bbabda4ecf06abc187f97548f6,0.060604965314269066,15,24037.0,4,2,1
488f71089458c44fbe40c68bbe91718c,0.0019500738708302379,1,328584.0,30,3,2
489748ee9fd5e81cba16de02535213f9,0.0025100202474277467,6,3778193.0,1576,34,7
4898345325cd7f94afb06c3f09ab69b5,0.07356137747410685,21,104073.0,39,4,0
489be3827e5cb22daf200da2bfff3282,0.0014820900978520513,1,4337949.0,393,13,4
489f33896670cb592c01b40663761d8f,0.373855005542282,32,24105.0,16,2,1
48a11e9cec5aa68a39f0286dc167a85b,0.050106207840144634,8,1157227.0,146,9,9
48a1ea97ac3800a7c746676f9b27a27f,0.008948520757257938,1,2098869.0,594,7,2
48a5edef3ca2bd81f05a671c96a8485a,0.0932107015978545,147,919798.0,167,9,0
48aa1e9c1e126700bd4d1f33d9eb7986,0.6663244580850005,28,3247615.0,157,7,0
48b5f87bbcf071e437cbb7a621ab392b,0.012026707176119089,2,3524245.0,220,6,7
48b8d5dc0fc02afca6eb1e0afcb87ac6,0.26063664024695754,21,1369767.0,190,6,9
48c5f28d47cf7d535becd23029703a87,1.0394487446174026,44,10121.0,2,2,3
48ca512e9ac63657278f1b7970e0e128,0.09600000455975533,6,51344.0,104,3,6
48de0317dbc8f9bf3ca86c514ab48e56,0.04150468233274296,38,182734.0,25,3,9
4909e580adc4bbf536f7f818fc646d57,0.06813572254031897,8,620472.0,111,8,9
4928a9693f3ee291f80127e336976089,0.021160607575438917,12,1850357.0,410,9,2
492c46e75c6cbfefabaa2c76d2a7c2de,0.08370430767536163,28,,768,25,8
492ec2974d318bca39a572296f1497fd,0.006003924645483494,1,220302.0,6,1,2
495D804D96224CC0BA98720AE417217A,0.03261013872025013,5,17405816449.0,10,3,3
4964f4dafcfc0ade7290cd163495ebc6,0.6274243500083685,23,17937328.0,16,2,9
4971b85a184046da6c63b1e7bcc37d0a,0.0033879043767228723,3,3853329.0,749,31,2
4974b2b43934414f4265ac1b5ffc8ef5,0.0023118628305383027,6,683641.0,256,6,6
4976e8e060832336d4d6b8451c7562ab,0.004505686461925507,1,831.0,1,2,0
497a22338fdfa238f1008a199911fbfb,0.14446264086291194,16,2665580.0,292,12,0
49932210116343e8f5caab0b9269ff02,0.2785720778629184,13,13773340.0,124,6,1
499c414466745286886ed578124611bc,0.06283774599432945,4,,170,4,1
499f7203397dc774b33f1457fc49a749,0.01188868549070321,17,3625256.0,791,24,7
49a0c44c891c38f26d5776002d1fdcfb,0.014758538454771042,3,5024.0,2,1,8
49a5349b7aadb2f3fbe6505cbfc0f936,0.06119318143464625,14,442934.0,132,4,5
49ad74c1d08d185da61289dc90c20c83,0.007959094480611384,7,108999.0,10,2,6
49ae36912ea89d83876423edb4d1eef1,0.00735306553542614,2,3536864.0,776,11,0
49b552c4bc7dea4ea13086c5243a362f,0.26873549818992615,4,54402.0,24,4,6
49d35174f123731ae9ad251f9f50c11c,0.011419873684644699,1,22140124.0,217,14,0
49e413dc24a5d13887db4314098ced9d,0.012506498023867607,6,10205558.0,2383,33,7
49e8b16a14eafbb0c8e5f4f4987f716f,0.0029637531843036413,1,1222.0,1,1,2
49f0f04514718377f6ef6e9f12020c87,0.02723495801910758,4,836607.0,23,4,0
49f4a5d7508e3af7fb78db96f40ae4f9,0.016754443728132173,17,47742.0,4,2,1
4A7975CB2E33440E8E2F87C5FC99689B,0.08316002099908829,7,20874985287.0,172,5,4
4B557A0E736544FCA51643D1ABBAAD71,0.22933031267260937,20,3912.0,2,1,6
4B83B0A40DCF4A89A2388F85F04F1F3A,0.31618325042724604,4,642298472531.0,338,7,2
4BC589749983443E9D376C544728A2FA,0.02403765773773193,5,3457509958.0,397,11,3
4BD3A37A3F61498C8AEA6A105FF9035D,0.035333265580093386,9,1918916348723.0,171,3,9
4C1A079921144FD3ABE6E5D61D70131E,0.1138516464233399,1,1733328718.0,104,2,7
4C32BCE2C9254A61889C0DE210425EEB,0.2950281129992676,25,41774792073.0,44,4,7
4C502E725A06458A81D5D42E54AA91C6,0.03163904190063477,1,4207.0,4,1,4
4CDCB5AC90F44CFE868E478CA27EF388,0.03938165560308838,10,86962415991.0,127,6,6
4D8A5B83F1EC423E8BFBF484DF73F70F,0.01117114448547363,1,67233629182.0,127,8,9
4DBDFC9AC62743649D8AEE16FE9CF72B,0.05,1,3481151304.0,53,4,1
4DFF2F6F00DA461EB084B9B1B5232252,0.05075131225585937,2,859.0,2,1,1
4E19E5CBFD3C47F7983A732864E80B50,0.1278137130737305,5,3481677497.0,5,2,0
4E1AD0304FEB496484D8820CB41633F6,0.6329762153625489,14,20741833109.0,342,12,2
4E4FBE7358E44ED5816E9013D42E0EDD,0.03571162414550781,3,1740852226.0,2,2,1
4EB13E07B0A842B0A38FA6DD7ECD9E5F,0.10604360272830199,15,20227.0,6,2,2
4FC373D8EC1C4C58BBA96E170F31A0F2,0.0036846425195932392,2,5216202661.0,264,4,9
4a1c909339ec4806ba268399be794822,0.03902351233409718,20,484863.0,46,2,8
4a1e3eef2e5fbdeddbaca9e1d800948c,0.005401803500717506,10,217114.0,24,3,9
4a3ccbe475f29457a6abbff73a338fe3,0.014650488912593573,14,6790602.0,2238,7,0
4a4f7efea747fc77711996ad7c91b2f8,1.7682564780116081,21,20135.0,1,2,1
4a8c47e5f4e64d43982688a4ed650f58,0.0014103782596066594,1,232236.0,86,10,1
4a92050ce488f4a576a5b92b5c45d157,0.033242590725421906,1,3373.0,5,1,4
4ab3664d76e32cb10168e2388edcec02,0.9059294536709785,13,488839.0,39,5,4
4ab601c4b0e51a29a2ed260572e69286,0.018599184695631266,19,2865742.0,348,10,4
4ab764069a16c57049450d5542f0a383,0.05451384332263842,22,2483843.0,298,11,5
4ac650ef2e1e6ca81cd8432e29f45aec,0.019700794480741024,2,75652.0,2,1,7
4ace041d2b31412c1b8b1f5844c49532,0.008233811240643263,2,445.0,1,1,1
4ad92721d7c102adbc2da1e526590e70,0.02942819893360138,4,12074055.0,115,13,0
4adeedebf002cf8e6eeee5a91b7767a3,0.01897381735034287,7,4150245.0,331,6,5
4ae9275e2d14bc6ce00b6eb9b4d9c36b,0.029990503564476967,3,20051.0,9,2,0
4aebfca1bb6644433e5132d75d59c662,2.103810046624858,162,287636.0,75,6,4
4b01df38de78d28fc7d33c8c80e6153d,0.029233488254249096,2,540.0,1,1,1
4b028c25df0a598b396abf3f6d5b83dd,0.06699971528723836,10,618274.0,77,5,0
4b0ee168e16e334e4e7af2f23a3e4baf,0.08310141181573272,23,444004.0,22,3,9
4b2225029d465055fdb43bef4c9e88df,0.18361806217581034,30,26574781.0,3,1,7
4b336d359281dc62be1d12b42ee27657,0.006067895697924541,6,275046.0,45,4,7
4b3c58d9fc0466e783c66ab5c429826b,0.14212873490760103,29,989640.0,252,12,6
4b47e1f895ba3a9d92d1d2aafa2d5328,0.007618457282660529,17,4791049.0,1199,10,8
4b682bba6e406b56171edee8e76aa35e,0.012725842563668266,12,199571.0,30,4,3
4b6939f21e696a3be1ffbc78d2684664,0.023698056756984442,13,647957.0,192,8,4
4b7d6fd8c5ca0bd716fa4efff11fc66a,0.020607520011253655,10,1697346.0,529,20,5
4b836ffe8fbb90d43646a0ecaac78b5c,0.28728315979242325,4,960.0,1,1,4
4b84a2c5e5127f416a7aefa553ab95ab,0.037190502509474754,2,2591156.0,501,13,8
4b92b9feaa4825c35f641d678aee6d4b,0.04815022274851799,7,3651176.0,707,27,0
4b9f22f0c45be5eef3bd259b2e62beca,0.04108626767992973,2,2189131.0,326,9,9
4bb0f0e7ecd6b875f58e37d8aecad3c7,0.008531229570508003,1,1180.0,10,1,5
4bb2302a27fa716926c14fb1c0321b72,0.08188872807659209,33,15546.0,4,2,2
4bbb68b675c3a369e18059675646bc57,0.00405157869681716,4,216835.0,54,6,1
4bc62112d8598fc9adc17c27a080cbc6,0.10249508661217988,56,24414.0,9,2,5
4be969d9b4f25fa9689ed01ff09bcd86,0.14247757568955421,10,1266532.0,314,6,4
4bf81d035adbdf232818288ee40a032b,0.003142412577290088,4,2985306.0,654,15,3
4bfe492fb210c1a826f792fd2adedc92,0.08078249264508486,5,570072.0,129,2,3
4c0b0ca137e6b43e90ff86ee0160689b,0.2986268367385492,64,4958534.0,815,14,4
4c28d60807aff95e95f95a6463482058,0.04807474836707115,1,23338.0,7,1,7
4c31b79850c53f04c50d0d399e96325d,0.022839747369289398,2,700678.0,26,2,9
4c54b3828f546dbaeb7622630f34d75a,0.015185568481683731,3,4260431.0,626,13,8
4c5c93f9953729f246a00e0eee7292b9,0.9047270086593926,91,1657934.0,196,9,0
4c6dd5fe91222cd0ef5fb6cd7b011876,0.07920289039611816,1,13326258.0,7,2,6
4c805220570d61a32c3dea99ca06c315,0.17482109367847443,1,1441.0,1,1,2
4c8738a148990e6cea46a99bd6a4170e,0.11055892705917358,2,775.0,1,1,3
4c877e99b566b76ff6141642ec3c07df,0.02054930984741077,19,1489699.0,211,9,1
4caffbeece2134f943b20c2819a73bab,0.04385917435865849,20,600107.0,351,10,9
4ceaa2d03a82938ad0aae9dc118c4f16,0.003975409083068371,1,2957618.0,397,10,2
4cf973ed69b1957fd0d70a362ce2e22a,0.009999999776482582,1,2967938.0,617,17,1
4d0a073199f859160f06123b8b9f0a20,0.031610721722245216,4,9183.0,4,2,1
4d21c587246be6def1c6073e0b2d4684,0.005182389169931412,1,2979456.0,272,2,6
4d3edca31a9a4ce18cf9ebbdfed8c376,0.04381080809980631,5,5068088.0,535,7,2
4d43a572869edaa80617d3b7bdcce1ad,0.0036270839627832174,2,203635.0,144,6,3
4d4bbbe16498f791a7c1cd137392b56b,0.004064913373440504,1,549171.0,98,4,8
4d558d108ddc3c3d0474a58d54b75280,0.02332022599875927,1,60927.0,9,1,8
4d57986eb8f5928281f4db224a888802,0.0025684924330562353,1,4772630.0,542,18,0
4d5a8aa9ee7b4fcd1c2e0312fcd8acca,0.00477020547259599,4,521241.0,210,6,6
4d68601491067532704a8667ae624212,0.013617014978080988,3,2941146.0,631,9,0
4d7a529966c77ad98754967a5e05865c,0.08239609684096649,43,218204.0,32,4,8
4d802022dc23264faa6bff31e651b942,0.0632956437766552,3,1341032.0,187,14,1
4d85d194f772b2e5087116ceca1bcae3,0.03152500092983246,1,,200,6,3
4d8a4a08e438a37f3bb633812269dc81,0.007647070800885558,3,2129232.0,285,15,1
4d8e076cd618ac3f5ddb76c662bb72f3,0.11667974654119462,70,1278709.0,226,13,3
4d999a1a9c42fbffa10cb34e415ca75c,0.061805887657101266,128,691818.0,83,4,4
4d9ce64e1af3a44219ae995a13dbf9d7,0.3839110732078552,2,17217.0,5,2,0
4da7d46d8a96742ab5ac3e91579be723,0.8648090362548828,1,33495461.0,2,,
4daafd312156a4b5b055b35a2623d784,0.15773314237594604,3,3112.0,1,1,4
4dad5cb119c4e699d80f6a8499a81ca8,0.054235565243288875,23,7049702.0,2242,26,0
4e0848a58748c730bae1f307757a83b7,0.08273584733251482,71,484218.0,86,5,0
4e14f0f94a31033d47b2bd082bfaf7c3,2.1142572462558746,6,8778216.0,2,1,1
4e209a6628b998499645d0346942d0f8,0.34540207125246525,12,194117.0,140,6,5
4e23cb29210eac11da64cbecafcd047b,0.024879085860447958,121,4056312.0,753,25,3
4e35f7439a7eafb99b7a1c1b2628cf62,0.07682488537102472,174,,435,9,8
4e41e24d53df33219cd65a2490b6dd8e,0.23715534433722496,7,371159.0,15,3,7
4e76e41d1e76c9491656942ff2df004d,0.036947283428162336,5,3181347.0,216,7,2
4e7def4c131b5f2190b00f01a58a617b,0.0340995704755187,12,351763.0,57,6,6
4e822843b03c2cb12184a6ef3c5974df,0.08372643124312162,33,1683624.0,179,9,5
4ea6d5f86609909deae3a491759c08b3,0.0764123909175396,2,930.0,1,1,2
4ea74811db9177e0294c553b004f0330,0.002006903290748596,2,3960784.0,469,11,1
4eb07fb779ef29e0e9011c75833ff587,0.0610867771320045,14,244822.0,36,4,6
4eb1404362370fc0df9c798b6ddf88b1,0.01934576779603958,1,27621813.0,99,7,8
4eb43df39f94c848fc445d0e9ac354d3,0.010463228798471391,6,25571811.0,120,6,7
4eb624f3f7a3497eb7b484919235aa51,0.014352964702993631,8,7308187.0,369,32,0
4eb8ac26a2b378ad0ee8e8a88c2374a5,0.2217923494754359,45,263443.0,8,2,2
4eb912f85774bb6e786b04306bec1028,0.03910615388303995,3,84520.0,37,3,4
4ec45c47af43d35b695f360f06448c44,0.14482048945501447,54,350522.0,105,5,5
4ee3b5eb3a2c062c1d01a69b5faf0530,0.3025362864136696,6,25428610.0,1,1,9
4ee484e3b85ae20fa59e72adca7c988c,0.037964852061122656,16,883706.0,207,8,8
4ef60ca51da40e0cfb05566c014dfded,0.3483430780470371,24,361697.0,49,3,6
4ef7ee61fc84fe4081c1e33803311675,0.017820994442445226,48,1997977.0,92,4,7
4efe8e965d7a1c749c24721cb22aad8a,0.01931603014236316,27,2249617.0,266,14,5
4f05317d55aaac016a005a4b0ab46125,0.0007815585122443736,1,1480607.0,386,14,2
4f0cea864b692e4ae3ab1ce058afe3cc,0.008076227735728025,2,513155.0,48,3,5
4f0e78087926b93ed44098dda28616b0,0.03208328317850828,14,357999.0,22,3,2
4f21828931f3932d9028e58b5dd2444f,0.5905740936286747,97,21375991.0,38,6,3
4f252707f9eaecb5cb8f22ce2a9140f7,0.13422384671866894,6,3345.0,6,1,5
4f3353e2845cac57941e35efbbb3cadb,0.0023669390939176083,2,157866.0,66,3,0
4f3617ff72893bce4c86966965d06042,0.0037681071553379297,1,341728.0,20,4,0
4f39c88b5f00fae933f7a1462c490598,0.29710499569773674,12,418192.0,29,4,9
4f3c109d5942014e72fecd58d2091b04,0.05527946352958679,1,569130.0,96,6,9
4f63126804d4d6cd1f9c24d0bd7dbcb3,0.012465105392038822,5,600689.0,7,1,9
4f75061c5cb97989a76a33a1974fa5bf,0.12904266803525388,24,171629.0,9,2,9
4f8dcd16ba7214b12fba85b5742e7150,0.08940752223134041,3,1735.0,2,1,8
4f996e2c363d5bb4b22188b526d1778a,0.019801564514636993,1,25168192.0,9,2,4
4f998c0715f614de61f5e2bae2fb435d,0.004349306342191994,4,16182887.0,88,7,9
4fa88627fbb4a623eadcb138d27c8ea9,0.03871852904558182,1,850.0,3,1,4
4fb3d192a100b6e84990a8bfcbe12a3b,0.010958356317132711,2,8328521.0,180,28,1
4fbb19814b4ac81ca79172258a1ba490,0.00695397611707449,1,481.0,1,,
4fc24f902f3248572ad8eb4247fa74bb,0.02259115013293922,5,1235390.0,392,10,7
4ff505bfdaa45b5a43c5cdec4c94e977,0.0018088167416863143,3,13329521.0,134,6,8
50017b6b20bb7b95a032b89988b19917,0.028647882863879204,6,3953788.0,154,6,9
500f767c82d6c9500f8b616d8ee1e671,0.1438832888379693,13,2820.0,2,1,3
5016856A28674688980FDFDF680AFA2B,0.04641461110115051,8,6962996295.0,57,4,2
50369f2849259bba7814d82af1c85f9f,0.0519595667719841,2,843240.0,247,6,8
50462ecc70318453370035c27e5def79,0.15250136330723763,14,1307565.0,475,27,0
5054cb2b55145b35fdb6fd63f58a5a02,0.09762807190418243,2,97893.0,27,3,0
506777B5CE0F46A7B12F0CEBAD1D04B2,0.5498325511827665,59,29520.0,7,2,5
50683ac0858c6a85706621fc14a94da6,0.021254156017675996,20,1737.0,1,1,6
5069b23e84c1e7ad328a1c9f189c8c4b,0.009185872040688992,1,36505244.0,1,1,1
507aee979b2ea6cb8e6be537a4a6b463,0.05480237724259496,111,338938.0,30,3,0
507ebede73773648c0505a0ed6310644,0.28714092867448926,39,249085.0,73,5,7
50832587ab57d6ab0c8e14fee252d7cd,0.07238919287919998,1,410.0,1,,
509df1a0582d42635020461354cf571d,0.003098849265370518,2,567440.0,170,6,0
50C0C04C57394184AF75D527641571CD,0.006176484107971192,1,46148.0,24,2,5
50a0059f7cc52c7e88cb5b0402b8c3ce,0.005503042135387659,1,1777597.0,199,6,5
50b4ae6f2a40b17e374b69f4aa3b632b,0.047125766053795815,2,25347595.0,55,2,7
50bf32c9632393dea8b94b0b8a13a6e4,0.021000000881031156,6,,290,14,5
50c3629dd4c960e6bd9151deb2498f8f,0.2062590131536126,12,806505.0,280,9,9
50c634ffa63ad1b1f85e6464f8d8474d,0.009999999776482582,1,10400.0,1,2,3
50c68ae0ab37fc3ebed35ff1eec90636,0.006390200695022941,5,2833945.0,324,8,9
50cc1a2e116f86b971a2a57c9e252240,0.016372069716453552,2,13236.0,12,1,4
50ef7479f95679b933410708bd564ec1,0.052041307324543595,30,239044.0,40,2,8
511e2ee950879996d744dfcd3fecc2d1,0.01777007698547095,22,5074414.0,969,19,4
5124a132dc7afcd2b9250e94b93ff478,0.08335485123097897,4,228846.0,47,3,6
512be54452bc45a2038ce6a2c7dfdc3f,0.06993515801150352,63,1015530.0,340,16,7
5130a4fcada69055172dd671d3f5cdbe,0.003852990921586752,3,891583.0,158,7,6
513ce03c5a1ac0cebf83162f2e833c2d,0.6551110148429871,15,27914165.0,40,3,4
5162989bac2ea1f7c82b73adc715ec72,0.00806137453764677,1,6546.0,3,1,7
518135887a9a40593549ea51315c7bff,0.0036914400989189744,2,8981907.0,564,18,3
51874ba355208b0962ec87876352c663,0.06570338024175726,116,832952.0,121,8,1
51875e9639ac33a3dd5bd2906a059ebf,0.46601271629333496,1,84515.0,30,5,1
51891df012ececcc0a68a384a73afaa1,0.05644991993904114,1,1962634.0,530,7,7
518c9c974b641abad419059105684726,0.020120384637266397,3,1033.0,1,1,2
519b224b458c82e32cb58603cab768d6,0.03477898705750704,4,1261.0,2,1,3
51ab679bd52bca57d2870431b70ab7e6,0.007507402217015624,2,7138.0,4,1,6
51b9b72e05c4bf89111b853123c4f776,0.027877224682015367,51,238631.0,30,5,7
51c78ba55eedfb2c9c6867b174588c57,0.6614701623329893,34,797108.0,139,3,8
51cd6fb4065ec1ffb02664091d1334db,0.0016981823137030005,1,6339669.0,1407,32,6
51cf30850a6aed3ce42008a1e3206a3b,0.06695383973419666,14,836447.0,99,3,8
51e81373669886d205dee568f069f549,2.2674176320433617,9,6582.0,1,1,5
51f5427559e7672afdfda344860053f0,0.23212370742112398,36,747848.0,110,4,4
51f58903f5aafaca74dfc34cac2e4558,0.018566091544926167,2,4410.0,3,1,5
51f6c529dd0f33c8bbf85ddc3cddeabd,0.033151350915431976,1,1320494.0,60,4,5
5216d025f1854da80c0794d7d3762d26,0.01966919656842947,3,1041.0,1,1,1
523286d1a23deade82369036e6c9337e,0.40722646564245224,7,19091846.0,1,1,4
523bc01f7d34ad4e760f97566a5d37fe,0.19318872364237905,43,491331.0,131,5,4
5241c38be2a89bfc2b3044544bffb604,0.0029556239023804665,1,2162476.0,133,6,4
5248834969b905ea0da499760b3e186b,0.005201674532145262,1,26215816.0,14,6,5
525FA1072E6C493D9D5EF3EAFFBD3E94,0.02999120789345551,17,3433980708.0,893,17,0
525fff90669e42fbfda520ef445bdb12,0.008339013904333115,1,583469.0,98,4,6
527f6ed959d7ef1f50227878fa6d253a,0.015394531190395355,1,26307.0,20,2,2
52860E2DBB2C4D93BF3C23F3D377582C,0.01278025,3,479.0,1,1,1
528fd40452d3b92da0a3a3fece22e333,0.09047944098711014,2,775720.0,188,6,7
52a5388439c97d23703f74e755053ec7,0.13872091472148895,1,277.0,1,,
52b4e5137eedd86a046375b8f9c734df,0.09146413579583168,6,4403.0,4,1,8
52bd1f1595907581a014db5836616a93,0.0,4,,404,20,6
52cd08623f17f671f50da7eda924b177,0.005889203050173819,2,2789416.0,871,15,4
52e891d897c169e7a0e4747a505b7998,0.02221112884581089,2,315.0,2,1,3
52ed6053e1fb20fb8971d9b0942a4a81,0.0027053289813920856,2,207218.0,17,2,9
52f0dce5b318e457af8931b52a138be9,0.004325280897319317,1,498128.0,113,8,9
53238F6DBB8249A5B98FB00F50E18B07,0.05464331817626953,1,3440618910.0,478,27,4
5333de67935eaae5b6e553bd04e77441,0.011697886511683464,5,481285.0,308,7,0
5335007af1e16ad88732863b62104bfb,0.01833038404583931,1,5070751.0,328,22,6
53472b317078ee0429c67c0d6edd2ce4,0.010020767396781594,10,491115.0,48,4,4
535c732e16f18160e081ac1cdf7d1863,0.6531245782971382,5,640573.0,109,7,8
537297fadb334100d65d36a638228335,0.013155349995940924,2,26009005.0,359,17,3
53734acefbc3831f2b07f5f48c64bebb,0.0038879564963281155,1,2083.0,3,1,4
538fcefc851f2f6bcf981e151f0c1bf5,0.030749439261853695,10,184566.0,88,5,0
539503a1e4b237a15fd5aa55b244a570,0.13822809141129255,10,789960.0,262,7,0
539d4a3b434f7c29cc43f68b517b509a,0.11768022016622126,31,2890504.0,381,6,1
53BB78A6890E4E9F9363BF26535C5371,0.022216060526275637,14,933091.0,382,18,3
53c675f7c76e1df4ce189d60abb391b6,0.009648030623793602,1,356595.0,11,1,9
53ec22592b365b6298f69358047a2565,0.0034987395629286766,1,2357744.0,320,10,1
53f993ced24f9bf23afc462965dda02c,0.042087165638804436,2,901.0,1,1,2
5416c9d5e922801080aa371895e89c29,0.21342207118868828,10,560889.0,21,2,2
5428d3f10808d62b4a6780019a7eb0d5,0.031047556549310684,1,5618.0,3,2,1
54385dfa45bc7202986784ac88086cf2,0.009761307388544083,1,15812173.0,3,1,7
5454301628b58037d0709c36ef06d442,0.27087084169033915,123,42601.0,5,1,8
546326d235bb4ac435bb91f17996a1f1,0.01139373192563653,4,7119636.0,1332,22,3
5470dbcb87fc1c658f0362c1aa7ca2c3,0.29053350165486336,5,264229.0,28,3,1
54776fe32ace1d59f25a18a579bdd5d9,0.01722606597468257,8,497058.0,94,4,6
5480a15ede7abc879638478678db038a,0.010804318328155205,9,7681218.0,2035,28,2
548f58572c67a125d78747eba5c3f1c0,0.048127733170986176,1,1253948.0,17,2,3
54B71FB96BEA45C0B09210B835AFED5C,0.015,2,6943365644.0,473,11,0
54af672cd040b87353008af4e6b7a35e,0.9474500063806772,18,404989.0,50,6,1
54b356405c49d96d6a3fb34dcc106313,0.2529618460685015,25,1213286.0,49,5,3
54bcc884b7f454324a3916f57e3e20f9,0.5507443770766258,7,24003.0,8,2,7
54becc28a6e01000049263faa6502f15,0.07198365742806345,19,2032619.0,283,10,6
54d0a5223467cbae707087a28aa6f689,0.4466903805732727,2,3423.0,3,1,1
5509d592a49dd2bfe60b196803a7cf88,0.11755452305078506,1,128221.0,12,3,5
550c77e2a9526a4c562144d184e35638,0.02804840379394591,7,258766.0,58,4,6
551AD95BBF364316B2F4890F5D6F2084,0.05318674744119534,3,25571.0,13,2,4
5538a1806dc550fb4a595f7fdb61bbba,0.06405213698599255,117,479929.0,79,4,1
5543866674a5bda5890c4dd5e0d8c8e3,0.09266396518796682,27,4191427.0,823,4,0
554b299aab1cf16a9cc4393e1e695204,0.05579297081567347,32,82421.0,33,2,2
554e1014504127773bc95dd1d4921e0a,0.23459528479725122,7,1595743.0,200,5,0
554f45b59b7d68f4f0d328f5ba6d2204,0.10109798610210419,25,30728221.0,11,4,8
55512c51cd817ccc3ddb8d7b8d443f42,0.007830950780771673,4,2528191.0,330,11,7
559b52a3c209284753c9b36ef6a4eb03,0.02755381353199482,1,208.0,1,1,2
55E0FD6C509149ADA5B6390AF95A00E8,0.10092714382948972,88,45176499809.0,605,17,7
55c21d4dd073df34c85504edff3cf423,0.11686818301677704,4,135379.0,30,2,1
55c6ba325696840b43ee40a8c9c44e7f,0.03953533386811614,6,4528410.0,214,9,0
55d196fdb72ac4b2ceefbacecbd3a844,0.8463876373134553,61,385057.0,105,3,0
55df9abeaf5858fbbc9f17717790b8f4,0.007611230481415987,1,8048884.0,3,,
55e6f02f096792dc51bb01b8a80c63c4,0.022734909784048796,5,11736.0,3,2,0
55e708d329cfb6585e7f516f1cdb41a0,0.22165177762508392,8,48887.0,24,2,7
55eaba35c53e30c8f1cf8f5969d7b7e3,0.027141262777149677,5,4227289.0,454,13,4
55fa251e452fb7ac3334973558a82e30,0.040826591197401285,38,368656.0,60,6,6
5601b541adea2c1933a2b054df9ea945,0.5437627844512463,5,2811389.0,375,10,6
561e7d931c82097a7fb23b85565cd5f1,0.38514119386672974,10,3761783.0,176,8,7
5628bb50490e861acb7ceb5df36a79af,0.010155111434869468,7,2824146.0,165,10,0
562ba53d5258c73d808c2f0fa5e81f80,0.0775316332001239,20,751868.0,92,7,4
563948aaedeb67cdd446a65406a09a4a,0.3540450371801853,8,1090389.0,135,4,5
5643a1d73b7f66853d641a0a8aba6cf0,0.27639731764793396,5,7213377.0,300,8,4
5663a41a5a00eb5c8586eccf04d5a8cf,0.035141061060130596,15,3490023.0,225,4,9
566917c53d26b49428bfaac40b8904d6,0.01127560349414125,14,3135788.0,406,14,7
5687a1564f07ccb44b8bfca7e6150c0c,1.5952318720519543,58,714854.0,95,7,0
568f5a8e0288f6458dcf7e734dcb1085,0.05527946352958679,1,2814718.0,232,7,2
569320AD7239493B966F8C8748D79BF5,0.04791822039532661,2,62429595393.0,265,8,8
56949f880084732d32d46fdeb9e9d2b0,0.005248163361102343,1,967.0,1,1,3
56a463324618d697c66a3131aa56a386,0.0068413736298680305,1,144.0,1,1,1
56af47fdccf016497a256beebc84416c,0.10982297360897064,3,6857.0,1,1,8
56b7c05729eb886c303ee5f8de5335b6,0.011375267116818577,9,9314243.0,63,3,7
56c32cb22cc6caa890eb51f62f8799f2,0.03925227001309395,1,274.0,1,,
56c548dd05cbf97ddfddf3fb651bfa26,0.39806994795799255,1,169.0,1,1,1
56c8ada50e77b551c6d5867ebee2d094,0.12128569558262825,2,875933.0,99,9,7
56ceeb5bd2b286390d86b15071bf48c2,0.03483959543518722,6,36099.0,14,1,5
56e9dc3efbef61adf9e8020836a4663a,0.019512399565428495,6,984.0,1,1,4
56ebed56630337cab2ccf94ee5efec41,0.02900493796914816,3,3664974.0,206,14,1
56f4c2f4fc0139037e59a8e0990fb5e2,0.05397445918060839,16,3708030.0,120,7,0
5702c8339fb08ed3e402bc646954f5d8,0.5321984924376011,8,28722.0,21,2,7
570502fcee5c539008e0c421017574ef,0.7624570557381958,42,3259817.0,591,14,7
5706ac299ec42da8543002b3ce907403,0.08121467009186745,2,388031.0,1,12,2
571c6899610ff8c5072ae16ea718cbab,0.008186034858226776,1,1276409.0,282,10,1
571e0622be76ff49d31cb59459339e62,0.13972697616554797,29,1743576.0,104,5,3
5727eaa26f828df0c8bcde28eeafce3a,0.0018211527494713664,1,20360600.0,34,2,5
57308E5EAEAF4172A5718DAB8BAF30E0,0.009866482734680175,2,3477829505.0,44,2,3
5732d6a2bc53cff44406c72eeb141286,0.10000000149011612,1,4133.0,4,1,5
573500c270d07ae8dd856b95e2fecc48,0.033955051680095494,11,2005540.0,281,12,6
5746b472aac37a266acdbdbabaad2531,0.07090286526363343,38,906176.0,47,4,0
576ae5cac24c23d713c2acbc9da54097,0.0178149058483541,15,1142304.0,75,4,4
576b5650f83584875573aeca036b50c1,0.004170253057964146,2,2696.0,2,,
5772316845F447128EF35D3E5107A576,0.02331416940689087,3,6958077730.0,119,4,6
5775ef590767bfefe396fd3b9d39410e,0.2995326491072774,21,1237957.0,177,9,6
57FCD7AF71F94AEFA3788B2345C33404,0.10294644546508791,2,1740599692.0,3,1,4
57bd04a2cfd76d3490d2855f5132416b,0.007534883916378021,1,1246260.0,177,7,1
57e18e8afb54c856cdc02f6a497a19bf,0.017398275434970856,2,,147,6,5
57e939f50f918420e6c0516d366f3136,0.006546747405081987,5,5514074.0,88,7,8
57f53cfb0e1b5f53eccae741c309cfe1,0.012411000207066536,1,5217549.0,377,12,9
57f5a37ab5eaeeeafc16d9dbd5d6432b,0.05123752428335138,27,2271139.0,361,12,1
581135f0e2d26f0dac9a15848892c41a,0.008983366191387177,1,338.0,1,,
5818e9fed4d6cb91e732a1ead340f2ad,0.2112682620063424,18,1852692.0,582,14,9
58257b87ea46029af4334f473960727a,0.0010406215442344546,1,3072478.0,360,12,9
58266b73994007d8ae4a99fe7e131685,0.19670771504752338,68,6578300.0,224,16,4
5833793a51123f4f01441d0d61fb9fa8,0.011961172334849834,1,1175490.0,70,3,3
5834c0baf95de63d05d501c87acdf607,0.10890988819301128,4,11343092.0,2,2,0
583B331656EC405A9D1A5CCC6C28AA14,0.08369140625,1,65333441810.0,178,14,6
583c159be5e8d0a39d19c8ff4c2f72e3,0.009756449842825532,4,2760282.0,448,14,7
58451af0cd258f2da5d519490e7d3b1b,0.023692342452704906,2,1549089.0,483,14,1
584833beef83576c8f51ec2993474405,0.03311373759061098,2,2345644.0,329,15,1
58786DEDE36245E4B342F289C5FE0D75,1.0284975509722345,72,1740006595.0,51,3,6
5879d3f35fefee4206636bed78849786,0.004563653375953436,1,1450740.0,118,8,5
5893d0043a0b91121cb5498375f13e57,0.10027691768482327,24,97720.0,28,2,5
58DE5018C2A44A4187CD937CFDD9DB84,0.09002149048034239,18,154183.0,45,4,3
58a087ed71b7de3bef249d13636a659b,0.0325552299618721,3,870.0,5,1,3
58b2d0c9d165c0818f16e90ff49ee032,0.06343998108059168,15,2323476.0,870,13,0
58c1c7bd16804cf4b9e5f4df499d059b,0.060585733386687934,31,1706356.0,270,12,0
58c550b92837eb907d03689dceec07a7,0.0005915179499424994,1,2657619.0,294,15,3
58cc9a4fc9774d97d7e4f8d17f89c1c1,0.04615471977740526,3,18633587.0,1,1,9
58cdb431c66562a38433b34c8e4a004f,0.035465843975543976,1,707.0,1,1,2
58e23a075070e2135bce6dce46c1187c,0.011582547798752785,1,880634.0,20,23,4
58e7eb7a246c4d5f0cf3afa08bbcacdd,0.01293798629194498,1,4442813.0,485,25,9
58f8457ac0b488613a008504b7340870,0.001211176422657445,2,4213582.0,526,14,0
5903b36f492fe80dd87b56b461c178a3,1.041977901943028,29,10845373.0,50,7,1
5905da6ff0b144eb2c89131afacbc704,0.2533164070919156,13,235884.0,27,2,8
590d59db881674b2c31ac5325eb65bcd,0.3159211981110275,56,1429017.0,546,12,0
5923d9cf9f8967799f87a496078c8ba5,0.030669099651277065,3,4131673.0,521,14,5
592848c13cdb4993b547b6394cb2d28a,0.013253915822133422,4,19129.0,35,2,0
59381b6c3dcad996b12d75d08f2a863a,0.18900166964158416,50,219018.0,36,4,8
5949a2dd1e945563aa427b246b4d13dc,0.008687548688612878,3,69576.0,29,3,7
5950e16c6bd88c699954ec3aeced1a9f,0.022008923115208745,12,120032.0,7,2,8
59522e769284487f8101bccbdd550dff,0.007960448216181248,11,208869.0,48,3,3
596f1e6e84d89726783fe853987ce15f,0.28333405684679747,16,446282.0,42,7,7
5980fd6ea42dd367cf23ad1d2564162b,0.008603137248428538,16,1690570.0,317,15,0
5987AE2206DD48C2A20F546B0D371192,0.060127600080182565,43,20783606453.0,808,13,0
598bacecce310647be198ef56ea27ba7,0.06266924785450101,48,4171194.0,26,12,8
599dd78f46262c39355ac6a8ad1f043a,0.08393506414722651,116,253629.0,69,3,4
59B3DCAECDB84DBC8A025EDEE57BD825,0.01,1,3478328485.0,24,3,1
59c05686412318655721b31bac782241,0.004225521348416805,7,2917671.0,313,10,0
59d651ebd23f579ce14a52d3256780b1,0.4876029761508107,38,21791.0,9,1,8
5A1664E6E1EF42A1BEA4B86C17D320DF,0.16840731048583985,2,139101509475.0,92,3,4
5A87DB4D56DC4F20996EEBC76527E16C,0.14176430130004883,6,29501958567.0,61,4,8
5AF705F72D4E4864AC062B6786BA9DE6,0.011690048694610596,2,76950203609.0,395,12,6
5B640D418FAB468BB5E6400EA7239129,0.01459592024278641,1,29584820314.0,33,2,7
5B6706D0684446F38DF74934A7C2D55F,0.22000280213166637,40,45209261169.0,351,12,8
5CB987F9F4FD4EA6BE49702BE4A41900,0.01601869583129883,1,12184977444.0,7,2,3
5F142CFA67FD4442AA034A245FDC702C,0.27022660827636724,3,5586.0,8,1,9
5FCA35A1ED3B4656946B964ED632E1F5,0.13405540400385857,5,78118450360.0,144,6,1
5a11f0baa9802642cf146ad34d4c1e8e,0.020656311535276473,10,398297.0,70,2,6
5a359f16a6c627cf3c65ec7b92123aa1,0.04088729526847601,6,1703538.0,418,11,0
5a3f4056010086dad0b9e0ab6e1fd0e0,0.012763123027980328,2,581806.0,163,6,3
5a612bce3a961994162bd35352ec9b5f,0.0074539456982165575,6,6747608.0,713,20,6
5a6b4ba2269072e17f65d832b7cfc9b5,0.015216693398542702,9,1992975.0,141,6,9
5a7392fb3905a82262df1294f8db85b9,0.04723063204437494,7,2495501.0,32,3,6
5a7a4b4d495172610b8275017fa4411f,0.04872057167813182,6,1720516.0,61,4,9
5a935b976438413c2f35103f2034bfe9,0.023219238966703415,1,24826124.0,1,1,1
5a9a5283d530f552b0bc7b92b7d1c75d,0.28813571855425835,5,116384.0,35,4,4
5aa3b830ac4191fb2841d33ac2a92282,0.0196601040661335,4,11168.0,2,1,7
5aa4869b61caf864383543944721606d,0.005129020195454359,1,179.0,1,,
5aac03bd95314ac84f613de161fe57e4,0.02141511533409357,7,5031933.0,59,25,2
5ab9a6f968a421d2cb2ecdd0e597f331,0.17812038958072662,2,19713.0,6,1,8
5ababcbc18a40c07de3ba545bee248d4,0.29878891655243933,65,1654482.0,156,9,6
5abb87b87cd2bc452f05a131b1a48056,0.6789673641324043,7,3164553.0,340,25,6
5abc057fd023ce3b8d488e7f41b377ce,13.315818697214127,44,15725.0,5,1,9
5ad91910ee33e192423ed2f9e4b2a15d,0.04772781115025282,9,26479883.0,55,26,0
5ae2afcc1fbae6e6d55fac89da1d42e5,0.0839989185333252,1,815.0,1,1,3
5ae2d161dbc5c622d37c66ae34387aa3,0.022253929637372494,2,35064.0,29,2,3
5aea461c6cb8b7212745ab485e4bd03e,0.020010718144476414,2,811239.0,130,5,9
5aee9787cf12ca5584ef31e76d46c3a5,1.6757668368518353,22,3340.0,3,1,6
5aeebd718e514c0cc498d524e684e2fb,2.047722190618515,48,10443697.0,20,4,3
5af8e6268f49c10ff89053d9a1db340c,0.0479822977213189,3,1018425.0,2,,
5b0c8ceff3f7d1b99c33263d1c4905ae,0.011284412117674947,4,473933.0,82,4,5
5b2b588d566a4fdb21a6346c04225bd6,1.437436267733574,7,11157.0,7,3,2
5b4b6ce133328abbcc733758d038f68e,0.01974543370306492,1,4242.0,2,1,4
5b58fe1a381dbd9b39c8fdb969299c28,0.10336363897658885,38,304929.0,51,3,9
5b79fbcae347a0d30beb662d7f7c3fe8,1.5331550389528275,12,303814.0,54,3,6
5b85c97aed4fde9678116bbda1816638,0.2971431016921997,2,638.0,1,1,2
5b9bf0e57af58e643d83dd219c7e1b8e,0.02255526976659894,6,1305550.0,111,8,4
5b9df414dcd131448d67663ae864bd4e,0.023341799154877663,1,941511.0,42,3,6
5bae6469f3c24249c51054a953c5fe09,0.015722893178462982,5,391948.0,72,3,4
5bc551d99945801ea262f83a31dce9f3,0.09964825306087732,8,437715.0,67,5,0
5bda223b7d0240c8f3d3e4a0b355109a,0.06790394615381956,5,1048751.0,173,6,4
5be4df1b1e1de54263d03c82f2e002ce,0.012486731633543968,2,3073684.0,97,16,9
5bed0a76b83dec1a543ccf55c0ba8e6d,0.004201199859380722,1,106372.0,11,3,1
5bf3c8aa7963a950b15a6b41141b5175,0.01962634304072708,21,2847297.0,156,9,1
5c1a58a83d151377d12560369f639918,0.0024037000257521868,1,17308365.0,85,26,0
5c1b267c18b633342f0154c1b64ce385,0.013431878760457039,1,660973.0,258,7,0
5c1f34685a4a868b5929e436e1ca99c9,18.934849813580513,65,12282876.0,71,6,6
5c225178a8f91a83de115cb67a8b2463,0.040001388639211655,4,5580.0,1,1,8
5c31b5c43cfaf33a890de1866e4dbe76,0.16088588861748576,30,19052279.0,309,13,4
5c32891df3c5d1a88c0bf69b9ac9356b,0.07945741713047028,1,265.0,1,,
5c5b60aac9229a0087be63dc7d945b69,0.7705635009333491,28,18380823.0,460,8,7
5c6ceaec01b9a15c06b46a89671aed37,0.11022806097753346,37,662655.0,178,8,5
5c7b5e9fda4fd8a9f6566bc35854f6e4,0.23138188643497415,306,3328592.0,458,12,1
5c99ac1e24461613c4206fc74ed2169f,0.008140522986650467,1,13175704.0,1,,
5c9e8e71740018523c8304166870153e,0.5982992649078369,1,1616.0,1,1,2
5cbe3baac24911707f26b678a0066fa2,0.06617446290329099,50,2541027.0,615,11,2
5cc3b1be0d943eeef28e5bbb8f48609e,2.3923859521746635,14,197727.0,13,2,9
5cc3f1919473b5996e4fcf28f8610028,0.031637164764106274,3,410250.0,43,4,2
5ccde0e5b7decea0f749d391405f0572,0.017886966466903687,1,400296.0,178,6,1
5cce25d98713b80d7114f497f28aad1a,0.014665293390862644,7,3559889.0,325,6,5
5d02be609aa0c1b70304825767c3a57e,0.9073849059641361,22,26177001.0,18,2,0
5d047cc07e03cc3d1730233d7c4355fb,0.0066994610242545605,1,30852075.0,7,3,4
5d111da13a5b2002c2b7db5544c522ac,0.2450552775990218,89,2599647.0,849,11,1
5d13f41102b60fe4161a60e63906cac6,0.018169231130741537,8,1352218.0,174,9,1
5d25dfca5c9b2fe90a4d39e6944402bd,0.0033105985494330525,4,1766352.0,57,4,3
5d30ed4e5b279ce2d01468990f146223,0.0050000002374872565,5,4743242.0,944,32,0
5d337a4831db916207148a5a95ecbacc,0.28671492263674736,7,376861.0,79,5,0
5d67da1b26b50062a44972384952cb39,0.34317152947187424,38,2921944.0,161,16,4
5d73ad067f9d694d87e4e177e89ba0b7,0.009747594594955444,4,,228,8,5
5d8a7345e0a9a3431640eedd16419d25,0.5342156603001058,49,211367.0,82,6,3
5d9ea243c6ab32328e4358c2ccd43342,0.10997492633759975,67,3603133.0,26,13,1
5db3a27f7b86b40183cd21bf420cb6e5,0.07994279672857374,26,6384264.0,53,29,4
5db47be31e775ddbed4d4b71f676fb80,0.018066030577756464,6,5127407.0,101,3,4
5dd79004666be2b79bb8f269ad8bd3ac,0.039432115852832794,1,130850.0,61,3,1
5de650634d754f05019325c03067ac85,0.23660744726657867,1,109421.0,32,2,8
5dea1147cafd4d95b9c6bc52dc01a70f,0.027073332108557224,2,117844.0,13,2,1
5df2b8c78e047e617c23196f1a39abb9,0.007427242904668674,14,722393.0,58,2,0
5df413f1f7b05b0bcbd5993627fcb0f4,1.2850607633590698,1,208241.0,6,2,4
5dfcd7bcae282b8d65b0c4318c15f6ec,0.022331610205583274,10,1883504.0,310,14,1
5e20855c0fe995032a53602eb4366873,0.013784564100205898,7,7760038.0,56,7,0
5e36d279350093b3253210c7e31da6dc,0.20422366354614496,5,27665469.0,72,4,6
5e38f2f624faae2e5a89ce1dc3899196,0.012355776503682137,1,2319.0,5,1,4
5e430c1c111eb9c114a2e34c88d0e271,1.7529554311186075,37,1604981.0,40,8,3
5e7b14de4223aada96ec5b33683f4a1c,0.00436457758769393,1,911.0,1,1,2
5e81e8b8664c138c5374dcd482fb3c54,0.029476918396539986,21,525359.0,183,7,1
5e8a371ebff0d9e75d83f4bce7204dd3,0.014394065248779953,7,2827091.0,12,14,0
5e94a34f55daa042603e868b4a479cdf,0.005760679952800274,5,533270.0,178,8,0
5e9a06004257bcd8e8e7cb827a539359,0.21092858165502548,7,1248071.0,230,6,3
5ea6f2358a41dd850a5dba423fa4e25d,0.005495396908372641,2,,177,6,2
5ea94d91e08658e49574a68e5b96caf7,0.21353109274059534,9,12786.0,3,1,9
5ead8657a619925ce071efa01aef9e1f,0.01649477146565914,1,260902.0,56,3,2
5eb4b4b2b9a969b17a1b264e901651d0,0.039674919680692255,18,145493.0,14,3,4
5ecadb8b4fa05bd16397f153ab4fe8c5,0.437375009059906,1,9101596.0,1,1,1
5ee86d9345f9c5dc0eae3d7d9c17c02e,0.6575653329491615,3,3442287.0,315,11,1
5ef36abedd511b6f97f2dbc89fcf4e35,0.01950928196310997,1,20481459.0,2,,
5f106555cba91ce205cb4d3aeff67442,0.0061683435924351215,1,10185631.0,139,9,6
5f1205051a8bb62551c7e4f20444a1b7,0.033078934997320175,1,3622.0,3,1,7
5f1e1f8a012c67b1bf3f067909be7bb6,0.12074120761826634,36,7790.0,1,1,6
5f295f2e563851c6b546d66adab07fdb,0.03860120753233787,99,8082121.0,1513,30,0
5f4afa53db1d4617058cfcb2a8ac523c,0.01246663206256926,5,1760441.0,412,8,7
5f6c0a6dd2b29eb6a06eb0aa9a123713,0.0351881654933095,3,506991.0,185,6,7
5f6f0bdf9dfde41bb3f121595d664875,0.22121567837893963,21,178808.0,62,3,1
5f7adbe5bef284a98b1e83fb67ee02d0,0.0037711490876972675,1,719681.0,63,5,8
5f8b5c35a55794f878c94d6f765ab986,0.10439104586839676,4,17095.0,6,2,0
5fb6aaea3c6e399ea3757a9a81a1e9b9,0.15396803617477417,5,440801.0,21,3,4
5fb957c2c627d9cf60bb021406665233,0.005951110040768981,3,95234.0,67,1,7
5fba193bf1388be2afe3af61428f89d7,0.13071341085014865,162,5315196.0,673,29,3
5fc71e352e6311444e99f58df2608eda,0.09512962563894689,25,856670.0,635,15,3
5fc83b84ff7f10bb6423d6bdb97123a4,1.4865774628706276,77,9317014.0,1,7,4
5fcea0890d3c82956cf7049f463624bd,0.5496809426695108,18,151161.0,37,2,2
5fe4c6e7a3db38b08f382326753ee076,0.004154571332037449,1,162.0,1,1,1
5fe6e37617015bf951012c522a27a8fc,0.3023165166378021,2,1969765.0,311,9,2
5feb077bd99f2abfa9d77839ff7767c2,0.0036038600374013186,1,267304.0,44,3,1
5ffeea31c2ad8382bd5e728eb64651d6,0.06925898802001029,39,126504.0,24,3,3
60006d12ebfbf604d68c84e15eff881d,0.025149647146463394,3,1753675.0,170,6,7
6020619ca50c9949b8ab0f8fdf861464,0.04014635185012594,15,20077.0,4,1,8
60338184AA9B4B19ADBF73C20AD18F8F,0.0249149236679077,2,38280227075.0,66,4,6
6033b16395dff3cc46a63e62a5ac566a,0.3184264739975333,11,12232194.0,3,7,5
6035c076dcdd32a5de9adb9066b267d2,0.020609314553439617,2,148117.0,11,2,9
6063d4dce03822714bb4bb021a5b077f,2.5825393348932266,13,15850.0,12,1,9
607db6effdcf0a0908f6a555e5274be8,0.0490483520552516,10,2213468.0,44,8,1
60837218ee30ab8546847f66c0a4cf1a,0.05508917570114136,2,882226.0,110,6,2
609b8521cfaca2cc363ded6dba57272b,0.01873980462551117,1,28160938.0,1,1,3
60E6C459A6F5411AA395DD60F9D2ED2A,0.03034936237335206,2,353330.0,51,3,7
60b21099ce92cf80b24e9ae0856f9c55,0.057518472080118954,28,1322458.0,95,5,7
60cf90d3f4e866cb06201c436ab56e0e,0.2143261432647705,1,911881.0,123,9,4
60f8540a1bb9e627ff77fcaaf8ed85c1,0.14899010930093937,124,4118714.0,389,9,4
61064E2282114FFC95184615CCBBB7E1,0.02719236108052731,1,8701087562.0,30,3,0
6106856af2d1b443c33df954eb799547,0.0051400247029960155,2,618.0,1,1,2
6121359e1fdb4f99fa59d63e2eb3ef0f,0.01466462155804038,2,2513.0,1,2,0
612802c380d5f7b1afb0009b2673783c,0.11160402745008469,2,20238418.0,4,12,4
6133645599092c7b0c1e3a84f678e059,0.07971605518832803,11,8447651.0,78,4,5
6134D6ADDEB743539E838441A4A513F8,0.14739885349524023,21,10416374454.0,800,17,3
6134e39ebb9d2f0bb3df044bbd2ad7d8,0.03174975502770394,19,2803090.0,267,10,6
6136b755b55c36f04a749097cc395c2d,0.18930788338184357,1,2898.0,1,1,3
613ac4c10f70c424ce011a3b241ba372,0.07447983627207577,17,2172716.0,75,5,2
615C57DEEB524CAF9AD4B7B65345F2FA,0.04505836200959587,39,55365594816.0,546,15,8
6171803a1b7e629ba1deb510c38c61dd,0.005578632932156324,1,26160116.0,108,8,1
617c97b886036b8418da2b79398445b6,0.11103035788983107,8,2747.0,1,1,3
61802f37430fcdf165f4d1c560297ad4,0.46472650207579136,10,903524.0,135,8,0
618141deb704de3197c8d82c03bea851,0.009501276072114706,7,318282.0,38,2,0
618ee8beca530f14f5a1547cf9992b05,0.06917231529951096,1,913.0,1,1,5
61D212EEACCD4D8FBE8ED8D67FBC7805,0.008964459957992558,4,34710790594.0,1092,12,0
61a760bda3a85ad58f30bf6b63144a4e,1.213521659374237,18,17974.0,3,1,2
61b58d736b1b403778f5aa319bc5794f,0.013102144468575716,14,8991155.0,127,7,5
61bcaf4c90b3a5b5eecb1dbf2e1fd3f2,0.12793025374412537,1,1432459.0,248,11,0
61d2f954ce32d9ffdc1afa1e21e0d185,0.17392054200172424,1,2544865.0,715,24,5
61d98160088098a0afb10351c966141e,0.09458294184878469,13,7249210.0,1194,22,8
61db22f54e0b9e33af7f2452900146d6,0.4448436367092654,10,5255210.0,1001,23,6
61feec74352a4d7fbe49bb0439f898ce,0.2779849476646632,62,8365106.0,1132,21,6
620b066148bd0f7a9b2c3a1b85bb3754,0.006925350986421108,1,327.0,1,1,1
6224543C8C4A449493151BC61AB94ED7,0.008835657596588135,3,141998.0,31,2,2
6231154dd1003cf947bcde8e8aa726d2,0.12813062965869904,1,1323346.0,40,21,7
62332ba588cea3076b20300b36a33b51,0.0024382793344557285,1,2214.0,4,1,8
6247b6fc41352f995a0f84157da6cc47,0.028456622967496514,12,136645.0,3,2,7
6253d19b4aada562edee1ed5c59fd758,0.04201583968824707,80,841307.0,172,10,6
625e601a052e76dac46b47888e0a3910,0.8088614623993635,21,8751.0,4,2,0
62647f618067fd3cf7ef8c668e23df1b,0.06202769244555384,26,2681324.0,440,17,3
62691feed54031f8649e84d1d59c3f46,0.09003713354468346,3,27922.0,8,1,9
6284d4655e603b2aa44699ef890bd13c,0.012927703792229295,3,62668.0,2,2,1
628a5fd195adf553684e030036795001,0.014456621371209621,2,270889.0,118,5,8
62a1c69acf353b7447d4198478e4bd70,0.049912648275494576,8,67408.0,101,5,0
62b091d0258d1279a8346622f092cfd2,0.027384274173527956,16,3628211.0,334,12,5
62c9fce3ab537283cb97b9ba0e6585fe,0.06933264620602131,4,11442.0,5,2,1
62ccbf531bd8dabc53ffdb44a671fd0e,0.3207873711362481,18,275178.0,61,7,5
62d2aa9830dc865f57c560466260c0f5,0.1427376284264028,13,1126060.0,166,9,9
62d60ce1dd1d9077bd952812e67f384f,0.009674191009253263,2,225059.0,12,2,1
6300d892e1d2f240a2387e2530474d3d,0.20244769752025604,1,567.0,1,1,1
630329f7ff5d046478e91802c953fdfa,0.006606035400182009,2,3989711.0,761,26,8
6308cfbf175b907eec9e0100ef774527,0.01624436490237713,1,434207.0,191,6,4
633919b45c861f63afc42266ce4cb58d,0.05841454863548279,2,31757880.0,82,3,7
635e667fa2a8bfd09ad863b118f893fa,0.07385549694299698,1,167.0,1,1,1
6366e817a86d38baac88690dd274b454,0.03211118571925908,14,8705857.0,166,4,5
636d80d3ac7a1b8bea1cf118e02b6909,0.13671689672628418,12,1197510.0,283,12,4
636ecc442099f0131c3868cb3278906a,0.07274667173624039,5,18917.0,8,2,2
63939fadbb043e2148bee348f06af970,0.0022359694121405482,3,1508986.0,299,11,1
63F15DDD5DEC40D39ED146F10E73BD7E,0.10216716384887697,3,5221858747.0,14,2,0
63c475841e2e0f282cf2ac69e4a645ee,0.09377092379145324,24,7250151.0,469,15,3
63c6ad6cda8e7dca20e70fd0d7b0808b,0.03518448246177286,19,30200.0,15,1,9
63c7bcd8bd715a1fa36de28fdab1a014,0.011042986996471882,1,5536341.0,418,12,8
63d94f9af740199e000936ee987b4488,0.038837497239001095,36,422329.0,125,3,9
63dd725a4a4a59fe987beba711a663e3,1.750797688961029,26,319648.0,34,6,1
63fa6143ca31c631edd1dcf99999b0af,0.11663555889390409,24,1737486.0,240,14,7
63fabcb8ff771125fd884a49faafd1aa,0.01774709697929211,31,1101503.0,118,11,8
63fc91332cabb794d2b5400a77403af9,0.07010859682486625,21,1480189.0,364,8,8
640b647c3a8d6f79a63854496a3ca8db,0.034701352939009666,2,70653.0,8,2,5
641C65E10BF54E649F4986F0033A4A13,0.1054911708831787,9,22966.0,8,1,7
643193edc4ae3c3060a45f0e6b3f74ae,0.017642278224229813,2,3026604.0,361,22,0
64429d455f8a82d3a19836ef846422e2,4.155177563428879,13,3352.0,3,1,3
646a69ca1f68057d53bb34bc5ce726a9,0.013870299560949206,8,750662.0,28,3,9
6483E5E5C7854E5F99F0130AAE618ABF,0.005809342674201967,3,5217839154.0,64,2,0
649981dc6ec69e46e097bc4ed031facb,0.4499427950941026,18,332186.0,62,3,8
64DD96002C6147739CB7A3C724B53B77,0.06222725032782555,9,56401.0,19,2,9
64F35E930FED4F7385140C0929DFC5FC,1.0217545892217064,67,46999.0,9,2,2
64b07be28755b80b15d9517f309bd9eb,0.23814806330483407,46,41643.0,15,2,1
64b4d510a5a964d823403ca36b6bc704,0.4438171684741974,1,1568.0,1,1,2
64b6430c3ac2a38bd75a3ac83c6b002c,0.009699313435703516,13,3585733.0,1077,37,4
64c91f9ef554cf0f3b090505938efa70,0.24851108202710748,9,435532.0,78,5,3
64d84db2627b0e22d1596a877f44791e,0.004891814198344946,1,2615795.0,480,27,9
64dda12a19791389f6222315acfb8388,0.48423578031361103,50,2812922.0,494,18,3
64e860a107c1c657ee507e0c1df61b3a,0.09791959915310144,5,3764483.0,536,12,0
64e875c2ce78158032f7a4ff7be503b7,0.017341887578368187,2,82568.0,2,2,3
64fd7db22df7c2ecbf2afac29206d0c0,0.023112526163458824,5,5339.0,4,1,5
64fddd32455c32b59ca074d544b1598a,0.004794855834916234,2,686160.0,151,6,1
64fe523caaa2196e3748146c7c54e344,0.3675837432965636,17,4459743.0,961,30,2
650a50778e8e865cba9a41665db0b66d,0.06095026317052543,11,3175646.0,606,8,8
651c69036cf815d2ad70471dfa07ba09,0.005259447731077671,1,332352.0,48,6,6
652e9ae0c3d20297a13156861bfa1b9b,5.1552746295928955,5,2345134.0,141,6,9
6531a153d00a6f05e248fa4212a37773,2.6367343068122864,3,21849.0,3,2,2
6550a4d21ddb6488522dfefa442c185d,0.20544954389333725,2,29940.0,11,3,1
655FECE5A2904137A8F247900F0CAB3C,0.9266406974792482,14,30401.0,3,3,1
656083f8e125875771e7adb9b8191feb,0.11028549307957292,21,652998.0,117,7,2
65623e5286331629feff151b95bb9eae,0.019921772181987762,1,1380260.0,1,1,1
656cd5b7ee031b687390d1f040801ac0,0.007461485336534679,4,27152690.0,219,11,5
65AAFA80903A40BA8F78360ECF8BD910,0.079896419425416,47,3477759196.0,354,12,8
65BDB109192E4E3E8F638878839FE309,0.023452599287033086,2,7256.0,1,1,8
65be8d7f9c1586a6c4c0b8a0e4ae363b,0.02679981547407806,7,4226.0,3,2,1
65d5a006293a01d102810a92208c91ec,0.0214715376496315,1,15086.0,17,1,9
65fbf5b30dfd01f9bb2f549c389ba1b2,0.5833771266043186,36,1813028.0,236,11,0
660ce2314331b4f56317d9a8a11b05f2,0.015270179545041174,16,3969957.0,431,15,6
661182a5c511be34afa7c6fa8262b12d,0.3255044240504503,19,16122.0,7,2,0
66156AF90E4A46DF86C6B8D68827FDED,0.0352094750404358,7,11543.0,3,2,0
662d63a1656083395c115df08fdbe32e,0.051622934464830905,13,,265,8,6
664a4d67796a1d0e568df7d2d582583f,0.00572248687967658,1,688704.0,147,5,0
665ec3a83c79e2c48c3330c1808255fa,0.04376678494736552,9,1016531.0,50,7,2
6677df140ba45b82f5ef1d6d7cd9c2f0,0.04160736163612455,29,795737.0,106,6,3
667a1971ccb475b166b4b151ab6567ef,0.3102567493915558,2,343210.0,5,1,6
6689fe53331be46aece74e3c0fefdf33,0.02577484888024628,8,1440461.0,613,15,3
668fba31b387b8df234add853f232d61,0.06822490924969316,10,1081128.0,182,8,9
669c4d06343c0e2e01e4e70087f86e3d,0.08535979175940156,10,16656.0,5,1,9
66ddac34d266ef2a0ea6a994efdb157d,0.05527946352958679,1,6423564.0,1085,18,1
673b45ffb6454afa5e87b1e83fac5e80,0.0601751459762454,29,1438042.0,66,4,0
674220cc8608b1d61e7d5cb52a3f8345,0.22111785411834717,4,7306239.0,4,2,2
674f29078fb8ed02b36853b4f7714b6a,0.03591269315802492,81,3482438.0,251,7,4
675910c1f93334d9d0673d06252d6c3c,0.0063655327539891005,4,618005.0,113,5,5
6763672da8466fccb68ee31da5cc2167,0.07919653225690126,11,3468976.0,182,18,1
6777765d1d561e6e162bde0e217a785e,0.022024843958206475,28,593819.0,53,11,3
67a6c600050bc6e13510a1b849f53f6a,0.04753618314862251,5,3964.0,1,1,5
67af7b67c4ee1083a5b7408cde0dea51,0.0047037601470947266,1,12694740.0,19,2,5
67b23d6c2190e6a647d754952ad40043,0.023507378646172583,16,819629.0,14,3,0
67b3c63791dd21d9c4f16ed400570cf0,0.05740876495838165,2,1159803.0,27,2,7
67c252384b4ce7dbc799fb8018b64047,0.08784040808677673,1,1494.0,3,1,5
67dad06be188427c76e8e665ee6c9b99,0.056997834937646985,6,3935657.0,720,15,2
67fba5a8c57f8f8b92b9f642253183ea,0.05293880542740226,5,1000550.0,87,7,7
6802b1d5eef013ee6c55c36d575ce23b,1.0168171375989914,5,453299.0,26,2,1
680503376D8C444991DDE818D8BD14BC,1.1527030073058366,130,34158.0,8,3,5
6813dd7a61384723dadc00558145d67b,0.005275261122733355,1,701.0,1,1,3
682be40874f03a6061c61818dccb4f6b,0.08436538372188807,12,1069260.0,127,11,1
683b856546bbbd46ea17f7f3589c2a52,0.011168839409947395,1,28344274.0,2,1,6
683fb9467a8fa91d990df3422a76b89c,0.01759816330013564,46,200136.0,21,3,1
685f1c53273f056e754379770df1e6c0,0.047982233576476574,6,905237.0,116,6,7
68723acf87d5a22e0092a85a8769b044,0.05978923523798585,11,28138996.0,20,2,1
6883b673d2b4f4d192ef03824dbce46e,0.42625159956514835,10,1377675.0,179,3,1
6885d7fa92ae3cc077c9d3a85f28d91d,0.18060132954269648,15,,332,11,3
68895f256a9b7afefed64a67efe543b8,0.09660565783269703,16,2818976.0,509,16,2
689106dc5c0dd881ef24ec61860a9656,0.6496629677712917,10,990743.0,291,4,6
68917a5c41ac10292c816feceedfdcf4,0.05113857053220272,4,550089.0,205,6,9
68973011c9cbc302a6ca7a103edd08cb,0.014258320908993483,7,3408216.0,441,16,4
68E990D0B44644DEA7597B667373C143,0.03759413146972658,1,6944568779.0,323,13,6
68db4c3a3d94b30393f7cd51e1e3f090,0.049197796266525984,35,1019390.0,87,6,3
68e955685fbef36164ec1a6a6f06c74f,1.4354292899370193,48,628476.0,115,8,2
68fbfae700ee737427d11ebf4d1dce29,0.01709539256989956,1,1057.0,1,1,3
6914c1370847f117bc2225f41a4e6743,0.023127203807234764,1,267731.0,113,5,1
691b052cb8c6ad6624bafec7173d9f96,0.45482705906033516,15,292477.0,34,4,0
6922bb573cc16113c48108b7d915bbfb,0.05200927460100502,26,4850199.0,14,22,5
6927c4ea8a371d42d19cb98af13dc617,0.03842388524208218,16,1881914.0,157,6,9
6927fa616ffa9eb1929fec23edc102d4,0.1308795204386115,14,182317.0,95,5,0
693347f23e9098e92ce9f00d779f993a,0.16198887676000595,2,1227.0,1,1,7
6943b22e5f8c2506cef661fc8009bc66,0.0053194924257695675,4,400990.0,146,6,4
6950b0cff478ba20d89286ed1bb619ce,0.22287634573876858,19,26760.0,11,2,3
69651233D9F54CF4A55E260C71C2C529,0.07160813865661624,4,37569.0,4,1,5
696e1e7ebd286b2d87c71bf6a69e6a86,0.20623084530234337,6,38807.0,32,2,6
6980acde1a82f56f163943834d9060c8,0.6965719163417816,2,2789.0,1,1,7
698145e19fc593ade795c27da1dee358,0.3985925503075123,89,445107.0,49,6,0
698a16d6f1f256d92544658e701d2fb1,0.0069313072599470615,3,434691.0,127,6,8
6992b1a738a1e86dbfa7a6a72788fc3e,0.2515466045588255,9,176810.0,6,5,8
69a851d12e78a00ced99b16098e13b0f,0.10077889898093417,62,1107019.0,3,3,4
69a8da734a73d211c564b24816aaba05,0.9882012605667114,1,135971.0,22,3,7
69adba3923cfbd85cc505243f6b66c7d,0.29453476052731276,81,9016.0,2,1,8
69c2b078afa9aa7053068b0421148457,0.3428654745221138,6,7719531.0,244,20,6
69d7d98a2164a48fe051c30b95816b3d,0.004865783732384443,6,2295695.0,844,15,8
69e0bff1977dd91d5af3ab70cf4fc1a4,1.6773382425308228,4,970958.0,226,17,4
69f6e23ae18efe73d734081648095ec9,0.15995713521260768,24,4208865.0,560,16,8
69ff278c62aa9a4bfd85d21b2c6ee055,0.05028454773128033,62,1741764.0,19,2,9
6B23AC85C26F4AAD98FB3BA128BC40A9,0.0954854292148915,53,3445175287.0,503,18,2
6BB7AD5D911D46B681D8202623A08158,0.017270002841949465,2,1736283708.0,283,4,6
6C0F0839D7254D55838257890A0A27EB,0.008848935404598714,3,17381694641.0,211,7,8
6CB6169CF87A4D6BB81C10ECACBB0E8D,0.5061172328573262,62,26029924329.0,304,10,8
6D1BB17EA5EA4C0A83A31DB23C986D27,0.1329909844193029,26,3439234482.0,989,28,6
6E03E6E58A804B519ED6E5A195B8879C,0.003331618905067443,2,4853425.0,10,2,1
6E405F0E870045B783769361AB9CC4F8,0.01816932296752929,1,1765985272.0,3,1,9
6FD28F7A5FFC46A1A5CFF8179783F966,0.2767722701729536,2,201812766137.0,107,16,3
6a2030584caa19580701a82726fc4e84,0.073775181081146,8,31088.0,2,2,0
6a2238cf3fd918bcc13391f763875eb0,0.16792552080005407,16,2244951.0,674,17,8
6a2d2a0357a0f1bbec3b884e63f2ccd5,0.00796051137149334,1,8979700.0,264,11,7
6a3d977c6b7931f312469d6889e619d8,0.42314366810023785,19,3602748.0,75,12,0
6a40b6836dace4f073edcd179b646304,0.054631592822261155,19,187564.0,16,2,7
6a6ed38f3ca927cb6822ace5b691caeb,0.004829024575883523,7,3953125.0,539,17,0
6a714fecc0500294b402948cb3af5588,0.02661337098106742,5,1234136.0,259,7,0
6a8ebbbeb275a9ad056faa95102b02a2,0.021682801059796475,75,,25,,
6a9d9c2b921e60445477d9aa22abc7d5,0.03179675806313753,3,681247.0,2,1,7
6ac04933f944274f93fcf06c7b01da4b,0.02943379618227482,2,4221458.0,514,17,2
6ad5249d5372137fd891f6f5d85ae141,0.08524229470640421,7,4003275.0,699,7,6
6aebc2d8f6a4c1348a923591cd94dbf9,0.016914567386265844,32,11709373.0,1475,44,3
6aeeff326fdbf19ed5a6063693a79558,0.10347431316040456,27,19643241.0,59,4,5
6af7d6e6589aa383040aa6fa239ea32c,0.04779130686074495,8,227891.0,31,4,5
6b099fde20541cf6eee2fd3cf2ee18f7,0.06657766667194664,17,194504.0,47,2,8
6b13616995e820b6ebc522dbcd79b775,0.0046089268289506435,1,3242827.0,91,8,1
6b1a627f99c586349acaeb4458f33038,0.01972229575039819,5,21672109.0,611,14,1
6b269cb0009245a26aefc434f1064e5b,0.03339474566746503,58,1784651.0,327,17,6
6b2881c14a99768da3b5f9efba86a14c,0.19618194550275803,2,2464893.0,254,9,6
6b2f98a2cab51d3b69c46d4376adc774,0.02583288453752175,34,49279.0,38,3,2
6b370b8a6951f8fc889746b753f53183,0.07713798340409994,5,7108580.0,487,20,9
6b410213360f45033d2f97c8a6193784,0.611265906598419,61,12167766.0,4,1,4
6b49aaee53600ae88e3328710ece683d,0.009853992727585137,3,2028965.0,533,16,9
6b4e613214058cfc475a03165c63c835,0.03622253017965704,44,7040379.0,64,5,4
6b623d6e92eb030fef87a3a8762ddb5c,0.21005647908896208,13,642655.0,26,2,4
6b850df63c0135462b9a31c48eabe323,0.14598653418943286,16,583194.0,152,4,5
6b890d8f41d80b44338f4e53a2ea2073,0.028532959520816803,1,1944361.0,315,7,3
6b91a5f2fb2f251fdf6dd56875731db6,0.02561200241325423,13,2261732.0,230,8,1
6b9f5a9c414eb3c281807792faba114d,0.03449706919491291,3,122936.0,17,3,2
6ba7897156001bc6f3183ead8220ee7d,0.035462234169244766,1,308.0,2,1,1
6bdaf59af0a52722082a7e5ae1729d0c,0.005227500107139349,1,1797732.0,203,9,6
6be16d921bfc80d5c9e3e47f14e4cb6f,0.03078705631196499,4,1976.0,1,1,3
6be36dc4f0bf96973bd5db1d0d08b301,0.1109711229801178,1,12627.0,8,1,9
6c05305bcf07d9e324df42c2ba6ba214,0.021603881381452084,3,1304.0,2,1,1
6c14f9ed8377a8c82239e6b6e1e2fe3a,0.05527946352958679,1,63078.0,30,3,1
6c1ae913e11d6b270fb0491a6f51cce1,0.06958685256540775,3,5001335.0,956,21,3
6c2aeffbfeb2fd68dbde633d61fd7b45,0.025939133221982047,25,2237654.0,603,14,0
6c2d9d844782d262cd3bc3b623708754,0.011390794068574905,1,1742144.0,127,6,8
6c2f5ef361af8f57bc03d1fb179af28d,0.19128387328237295,13,2223838.0,86,8,9
6c4c16f190e11a98616cbfc760980bdc,0.015203224495053291,2,4930.0,3,1,8
6c4d7d9abb8a993622123af36927e095,0.04645596398040652,10,2041673.0,45,2,9
6c4f77a2c40af9e84fc20b11d1f14b89,0.2838982567191124,4,29248.0,4,2,0
6c601dd1d0acd625e7212cdb182a4b84,0.4223554767668247,3,109305.0,27,2,3
6c950755a0ee7228b180e71a032d2dbf,0.20065917819738388,2,17082948.0,40,3,7
6c98a920a895554943e791f0b006c8d1,0.028889479115605354,1,1789.0,1,1,5
6ca517c7aed82207a0a13d388597f94f,0.31582487319246866,92,4424052.0,796,23,1
6cabaf59d57007818ee01e0c2da3e345,0.1420692428946495,12,646202.0,141,7,6
6cb50f86dd15e906d2ffd1f9f0a76fa9,1.9314066767692566,4,2584068.0,1,1,1
6cc7e8664cbb6e09c406cc9a36835f20,0.023990641115233302,4,1784975.0,150,7,0
6cce93bcc8cd242a0505c8b673bb3919,0.1002320455154404,35,855687.0,359,7,9
6cceae5f5b71db5ef2fdf3a4ac4d5911,0.28411921206861734,12,27499060.0,22,1,8
6cd151f8e605d25b73ca0b9961349dfb,0.6051792278885841,9,6165892.0,2,1,4
6ce27848c6d0b0e64c52fc83c79bbeeb,0.02723989635705948,17,4391579.0,251,19,6
6cf2cc4ecc8b4359cdb7377e01d57f7a,0.016660632332786918,24,1423576.0,135,9,0
6cf641f9d65061760d4e7ee312106547,0.09879170358181,1,243.0,1,1,1
6d11c65980fe24e7fdf5431fabd2ab92,0.09073504235129803,99,8514663.0,619,27,0
6d18420d31fb680efacdf246d5dd81ca,0.34661540389060974,1,,18,6,7
6d1ebdd58a6ce2f542557bacbd99e49d,0.01650101155973971,6,1917029.0,573,29,1
6d27703663cd2a1a2ac93d0f44329345,0.3403594368137419,11,62566.0,30,2,1
6d468f7d2bbcff4dbdf01c104f0e5959,0.024299058131873608,3,7691566.0,626,15,2
6d4d469a1014bc832a1397d9f6e4539a,0.05823367461562157,1,4957773.0,762,29,6
6d62d30c1ecb17e57b0d3e8edb50dc05,0.5923652667552233,20,1424156.0,475,13,8
6d6d46825930e5dcd13b05f5b636f73b,0.005621145770419389,24,1005541.0,138,6,7
6d79d0fef5cf9d40e95d5a054e19ce8e,1.1200166027992964,57,54436.0,5,3,2
6d81f5384a14b2c49db30f0ef18c44ac,0.022504324559122324,6,99267.0,22,2,4
6d920d2c36b9853d0adf246412ba92de,0.033486261978396215,88,332988.0,22,2,2
6da81cfa0c3557965fc28b105b325544,0.03217777912504971,24,735260.0,55,5,0
6db1f07185a0c61d40e1265d9abf8bee,0.027540484006749466,77,294163.0,78,2,9
6db4eb90ff5a6b16c065bff573b00ede,0.02857060730457306,3,1149694.0,197,7,9
6dde295352984c8496cfddd0d04bcd0c,0.2840082482434809,53,20156804.0,18,2,5
6ddeb9a4b2b451144055d7baa9a1d2fb,0.11452897265553474,6,18603472.0,4,2,2
6def0be447a93c577ed925fc458b8817,0.016036998480558395,1,720557.0,107,4,4
6e091a7eebddc173409c7c4833d2e270,3.2455905079841614,5,1796.0,1,1,1
6e0bf84041bc5a4c0a3400883b8be083,0.006185366190038621,7,2346531.0,333,10,6
6e0d9d416f437858e72a51735acbff79,2.3182370141148567,9,30838949.0,242,15,8
6e107c783a3195a841dbddac3c9916b4,0.03138629952445626,28,2616849.0,833,17,8
6e206fe41a26891843d1c890b97d20f0,0.10889630648307502,10,5297134.0,1173,27,3
6e60acff1cac3a789e9c791f47f3fd52,0.00528048793785274,3,2149365.0,522,15,9
6e65a61fabdcc135b44830dbb394a150,0.11802065465599298,23,1102505.0,186,6,0
6e681c10e843d2efce058408f4542f3e,0.028919535339809954,17,5636.0,3,1,4
6e8db5313138ef3f5d8422742b23f2cc,0.5562274235999212,59,5235568.0,363,10,0
6e980c4914dc452e5dcec47bd44a201b,0.22198193706572056,6,49282.0,21,1,9
6e9c70174043945d238d27ed606f1867,0.08186015114188194,14,5314565.0,634,8,7
6eab9728419d788619aca24a1af32769,0.013292466988787055,7,5689165.0,297,6,3
6eb0618998ded2d084c5fdea32e2f6e4,0.02608332212548703,17,9696635.0,390,11,2
6eb16a68f25e8cbae8793bde8d293e04,0.05091271852143109,12,98161.0,35,2,9
6ecf69199ce39263d3ddae9c4ae8995f,0.010308886703569442,12,19349.0,4,1,9
6f104aba4c70967665c28c69a8ea8bcd,0.000591161020565778,1,2286287.0,511,18,7
6f105f0b03a719c25d0879040869b214,0.07061475794762373,20,499577.0,72,4,8
6f1e1771f8d32e3748f4f5c3b7aa7c42,0.04037822922691703,6,251673.0,42,2,7
6f1ebd36e62fdb8f82fb728993128ba0,0.10526037123054266,8,162735.0,31,3,8
6f298a419f3d46cc86163ca00562e1fb,0.16445289365947247,10,129221.0,56,3,9
6f2c5752926c0c87b063353b320120cf,0.011989002581685781,7,,1535,31,0
6f38a04a236cbd510c41491223a84404,0.02267402154393494,9,2777840.0,371,6,4
6f604dd8b529511fa014fe1df4addb61,0.4376097498461604,29,2341922.0,219,6,5
6f6d57c0f7a4ee6b4ef550471336aa90,1.2673682272434235,3,28723384.0,29,3,1
6f826ed76e1498aa87a2d7b4fb720a40,0.0023683097097091377,3,1957414.0,397,4,7
6f934c7913cc654e80319ec52a9bc40e,0.025010598823428154,1,10350.0,7,2,0
6f98c4375937751749e53e7ad55f0a0c,0.1151883258135058,105,812318.0,543,4,9
6f99f99814d011918281a6b411b63db4,0.010849889949895442,5,2687103.0,212,7,6
6faac85640c1fdaf3f911326d6b66bc6,0.7991479784250259,3,3522757.0,4,8,2
6fb502494c0e1464de6662544a1de943,0.06826139846816659,20,1973021.0,396,16,5
6fc93d3fafd23e8e6a10800f5d37380e,0.023946426808834076,1,488.0,1,1,2
6fcace6e8c7326abf69caa15b579f7cd,0.016250653192400932,1,417.0,1,1,1
6fe622ba1fbc767510f3f59a4c20e6f0,0.20390963926911354,12,1891.0,1,1,2
6fece6aa16a7490c02fec64a15664988,0.053360609454102814,19,471476.0,131,9,1
700c7edf178503aa63c7cb624b2f30a4,0.02611550345318392,21,1472198.0,184,2,8
702f5551a7f73bf171c3e5cc755f2c16,0.09416156983934343,16,6087607.0,1190,26,9
704bcf6ae017f7d72cbf52bda8666f65,0.007633457891643047,1,905.0,3,1,9
7066356d34b820dc068d4a0bbad6c985,0.010005000047385693,1,3070.0,1,1,5
709002d27bdfb9273ba8533a38487541,0.00597528088837862,1,2664.0,2,1,6
70956a6b84bf7ddeff3484698c7c830a,0.08297760039567947,3,4027551.0,402,12,2
70D111F1F7A04ABB822E35630950543F,0.014825590941147713,22,108417.0,10,2,4
70E5D9176C254E59A094DA68103FFB05,0.02248525875738745,11,6940559321.0,512,8,5
70b586b98d1dc692e694327a61456568,0.01011295523494482,1,1162789.0,218,12,8
70c5c391c4884eb56448dbb00524f26b,0.06123798358021304,31,7537867.0,857,24,3
70ec6567f5672d8173dd807ac43e9600,0.03745921701192856,1,12185918.0,155,6,8
70f3c3299f55073fc231a92ec025dc91,0.0070188374374993145,16,1318970.0,250,7,8
710ea705235107d80cb9d78b2cc948af,0.01637943461537361,1,205145.0,46,3,7
71182eb185f75fbc2cdc776f4cab1ad8,0.20581063628196716,5,1204.0,1,1,3
712b557a8273ac377fd6eecf8e3bd57d,0.20941203087568283,6,1889.0,1,1,3
7168b095c1dbeeceacddbdbbec40369a,0.05495171155780554,4,6258.0,3,2,1
716ea864a13c96c45087ec3dc0f3e6d4,0.011060808086767793,5,3135189.0,254,8,0
716f06648ca93cd77f8a7aceecfad1b1,0.0004842240014113486,10,14879.0,10,4,8
717E56A050DB40D7904C062443D87299,0.04847140630963135,9,225802235478.0,370,6,5
717bb2c5d5fda02b316bc1437b9aa026,0.07966626854613423,16,1387423.0,541,11,0
7194517b7c574f991e7bc5967f22e7d6,0.5331487059593201,1,5593034.0,1219,16,2
71a95d975ef9e1c8547d354a117e6027,0.0364216819871217,21,3465446.0,832,13,0
71cad57c32a49088646e79e47903a31c,0.0299869142472744,3,1379056.0,63,4,7
71cb68c174f05d3a8ec749ab99fb7973,0.011137770023196936,2,119983.0,59,3,1
71d918fbee42227bbec0f21336fbd524,0.3864938474725932,98,61699.0,42,3,5
71e282c02d5e7f05b58a52c7513f01e6,0.6139812879264355,29,874935.0,205,10,1
71e4a2664bcd491018b7af73575f52a5,0.8516005170531571,81,29992960.0,101,6,9
71ee09585817af707f232b2e7bcb00be,0.04461717791855335,2,6554399.0,33,16,1
71f3f3d60b804d232c2d1387e9e0f8b2,0.06798252800945193,32,4259438.0,915,33,9
71f9b73645a095b107ed5d884cbedc6a,0.030378921175724827,89,623725.0,165,8,2
720bfee59b0257d3391d52cca5f76b35,0.0,4,2415503.0,1917,5,0
72159a941adb981830c56ca9e4032fef,0.06763423979282379,6,33567.0,14,2,1
7215a723876fe01d65e19190f737bb0f,0.3889686167240143,6,25010621.0,2,2,1
72262ef38f935bfab2c9b19753220800,0.01486677210777998,26,1622206.0,221,5,9
725050ef8bd8ec21746e3dc390bd92b1,0.05144754331558943,14,729660.0,78,4,8
7250a8f4c351927dde518b93ae9e880b,0.08268538629636168,9,239314.0,43,5,8
725b90b8929630b4f11be380d38026b2,0.0026112128980457783,1,608.0,1,1,1
725f09bd48ea665f2afafaae79256264,0.018495089141651988,12,2794555.0,507,14,0
726bbb038ef09f95143f60a2569913b4,0.8810184895992279,2,10734322.0,1930,37,5
7272f4e7729792c8cca7caa5317b4c92,0.06821652880171314,79,948976.0,195,8,5
72815872d4efaab9100eae96ddb7c2ca,0.02252005971968174,9,5004614.0,891,14,4
72966416223F4D22B4F22202DA239B97,0.3765330989847023,97,329021.0,63,3,8
729CE979B0EB47F089A68FD0F621CF16,0.9037952880859376,2,17375270115.0,571,14,1
729a98e62c1120dd52482cbd2e45cffa,0.012750763329677284,6,2196645.0,299,10,4
72DAC1A15BFE41FD9004D4133F2D3C10,0.028074850082397462,3,35951274013.0,1455,29,0
72c38551842fc9c05ec52b763af21efe,0.2399890311062336,4,24585610.0,95,9,8
72ed1dd8164f9942a8e8e0ba0812a323,0.009999999776482582,1,1367.0,1,1,2
72f70a79d9779ad873f4d71a43778aa0,0.19209924340248108,4,1820.0,1,1,2
732EF138DDBA4CCAAA984C89980C1E3E,0.02501947021484375,2,1742925891.0,8,2,2
732ece48c701b94b4346268298bbcb94,0.12692843563854694,10,993998.0,122,7,1
735E13B877914A38AB0A4FA4C34D7280,0.07839664268493653,2,1742182305.0,251,7,5
735b7b13a873537bcaa735550f6079b9,0.029306601674761623,13,2697371.0,228,9,8
737f41530cc34b13a311aeca42c878d2,0.08207937888801098,6,442528.0,92,7,8
73821f9e9107da0fd4be73af6ae0cdad,0.016608910635113716,1,48966.0,11,4,5
7383aafba18c8f1f75e9ab16a73f2d96,0.21015804633498192,2,486.0,1,1,3
73bd04a6eb83ecc6dd603b8abceae3dd,0.07574630063027143,2,19906755.0,34,5,0
73c4f1dfedb6ed563825a289b943de5b,0.1727610604139045,87,82473.0,17,3,2
73d47a145b56495cfe0eeb04979f71e5,0.011989502236247063,1,770081.0,192,13,9
73d7685fcbb28212bc0816c184c3ef9e,0.10053612850606441,12,,869,27,5
73e6f5901ad71a26182342168376d9a1,0.0016313795931637287,1,8127898.0,561,3,5
7402f2698e36c384719a43d0eee329cd,0.08709904924035072,4,2133935.0,83,2,1
741030ca29bc613b014601f2ccaae764,0.06073100189678371,18,605740.0,151,6,3
74330c79121f1938a9fdbf5c6acd8fdd,0.012576122004247736,37,147854.0,33,4,6
7434b3cc7f0091d88e414ce8f1e156b0,0.02405446022748947,2,,2199,30,1
7440cda9cbf61aa0c786c72f8cbe9be0,0.4577561451587826,58,101884.0,27,3,0
7443545cf2dd9af3efc3718e03b68e0c,0.12119258381426334,4,2352181.0,467,8,3
744EDA4D81704E9D832AB0FA8555D861,0.11082602467281052,16,1708058.0,282,8,3
745686FF981A41E4B4017927218B0867,0.06451887035369873,6,13773383335.0,268,21,3
745ee9cefecb92b5d89873927857df66,0.038553177844733,10,13563023.0,18,6,9
74744eb70b116ef2941392e765f69a3a,0.012740377569571137,9,2717246.0,453,15,8
747c2a30be05344aaafa759742e2820a,0.007799246988724917,8,1339014.0,104,3,5
748cbfbe673f9bbb51dc032045b1d24a,0.02128991042263806,7,1931.0,2,1,2
748fc21788713a30e62103561f56cf98,0.03336596378358081,21,7614597.0,1378,32,4
74FCA52B75F748D2AD9A269E3A751FA2,0.02339189147949219,1,13399.0,18,1,6
74b36a59b08c665714af70d53750007d,0.05737588996998966,17,2706065.0,552,14,9
74bbba026d440aecd69de8cb14c6ddaf,0.003770269686356187,1,130231.0,19,2,5
74c1aaa7cf827e0efadb28d851208101,0.01434688689187169,12,6907434.0,33,27,8
74ca1163da2eb7e003d16692976737ac,0.5106086917221546,22,1083312.0,117,4,6
74e02e2e7fa237cd1d7132da3bf351d1,0.09382787719368935,5,2962280.0,484,13,6
74e55a371104e5a76a69c90603f20f26,0.017183896503411233,15,83525.0,25,4,7
74e806765e8968f57d707b87e2f0dcb4,0.059465376660227776,3,2152478.0,113,7,3
74f0c843face2aa6e1156e065e8a8c77,0.021049022674560547,1,6201305.0,1,1,1
74fbe4a3a3b7ff6e8780f9237fb599e4,0.12324523471761495,83,97184.0,20,3,8
750bfdd1e8adae1ad7aaa0846f616b4e,0.9877561815083027,30,723581.0,46,3,9
751aa2cec5e728005ae8c2099fee1739,0.060659581795334816,3,12836.0,9,2,2
754cd596bf3b8ab5d4c3172eded6b731,0.03241557185538113,4,2370448.0,297,3,9
75534a8d12cc8ad9a8f8a191e658c1a2,0.009605466620996594,5,6012487.0,1734,30,3
7559ce9fe21ac61f153ede538c007e07,0.059236902627162635,30,1673429.0,238,7,9
7575daaba4b9d943058f6fa5e550d949,0.048484139144420624,1,23159298.0,16,2,1
758a2c985d84cc4e82669018a9a92977,0.13936447352170944,4,4958012.0,466,8,4
759261d59578e20048085cb82ad98541,0.5625340901315212,12,767705.0,89,9,1
75988a81e1b82a64ef6eb7392aba6ce3,0.03141915891319513,2,2042.0,2,1,3
75D6B188332B455195C339FBBC91CF42,0.018224005048370365,5,1240411997772.0,1457,33,0
75a30302c024a8260be809cf625d40af,0.04806432593613863,4,18924501.0,1,,
75ad5ca2d8f45446b6c5681cc828d8cd,0.05128248501569033,10,608134.0,186,18,1
75e50e3053f199f7dcc31466e36c3989,0.07134248595684767,6,8724319.0,58,16,1
761002C8E08E4248A11B4D773F600117,0.05546872364044189,4,6962763986.0,16,2,1
762670133196d30f59d00dcdf5996f7e,0.005958105233730748,8,14995211.0,7,2,0
7644288bd218a966742931f22f9ed27a,0.018972803052747622,32,252786.0,174,5,5
7658fdf724332f44abdb596ea84213ca,0.07556727179326117,20,1241560.0,366,8,1
7677ba0376a59b34474bfdedb4097ce7,0.3531269385712221,72,7108026.0,691,29,6
767e28c707039614e0d649227c8a6f14,0.0162387314485386,9,1073704.0,301,5,8
768a79760f4edf368da0a6fcc8441650,0.55433189868927,1,2498097.0,514,19,4
7696A3EB52E94432A1C680DA2B3A8BC4,0.054622364044189464,2,12895.0,13,1,7
769e83833b77e273ddb672bc823b9af7,2.691456228494644,8,1598.0,2,1,2
76c61c066191afbb2061d8a80fd5b60b,0.020443884772248566,15,,222,10,3
76e00f33780e0e2a1970a144b7323843,0.5033266544342041,1,508.0,1,1,1
76e9c323c05e194db846e12523187c50,0.018901285249739885,4,9953.0,2,2,0
7702A2B897C240E399F40834496F15F9,0.024126160561323166,4,562675646886.0,246,9,0
771caab0cdc3f0782c023c9f7901a0ea,0.6884740963578224,23,34113.0,7,1,4
773a43f6d7e7cd2085e9fdc76b3e2774,0.011778630781918764,2,22215843.0,1,1,5
77448265067e855d56a44d2a1aa3a6ee,0.011939615942537785,1,6894975.0,576,24,1
77868C94DBB84CA68C84572BC0CFF243,0.01175460338592529,1,22355627758.0,830,19,9
77e0460a20da7c7fe4e7ebca5b76ac6b,0.0011488004529383034,5,3345629.0,714,17,0
7800f259f08fdf432056bdecea669595,0.019135018810629845,2,1596518.0,104,2,2
780f1694ff201805f459eca52b056dbd,0.048403533175587654,2,24222001.0,15,3,0
78121404333588f38e0bb165bcf2b8a9,0.10590179916471243,20,887105.0,248,10,8
781b4550926e6a3269c848f0af65c5e7,0.016091051045805216,5,1459168.0,177,3,6
78250e66139a1b57700f7f163981841f,0.34899886697530746,13,6182.0,2,2,0
7829e59f7b13630ddd37e119de79edb3,0.3154195063689258,17,1839177.0,400,8,2
7831cab3fe0476d8354cf09dff359511,0.01063460297882557,1,2110774.0,446,8,7
783568e2536440b71a70144bf825d437,0.2494240254163742,1,1193.0,1,1,2
783b53809faaaf8c24613fe104c5cf1a,0.1840113359503448,18,74112.0,3,2,0
783ca4613a665e57bf92a96d80287311,0.001716220664093271,5,1743714.0,165,7,7
783ff2a32c8bf9a198383a5cefe1748a,0.02487186749931425,22,2476331.0,376,18,1
785117c6c88e1c8daa688e3416f37159,0.024253910407423973,3,3216514.0,370,17,9
785fbdff01fc597bf647a593ccaac482,0.07697631604969501,5,25334218.0,4,1,6
789db37b8c1a2de29fef642921281d8d,0.19398947292938828,29,53194.0,4,2,7
78c38a5beb26ea1c35667502581a3de4,0.5912956148386002,4,44719.0,26,2,6
78d0d361a116b55d389e126b46b9e650,0.02031881269067526,3,5513702.0,173,7,2
78d5905bfeef9c70f432d613989b9c42,0.09056890197098255,3,513146.0,152,3,4
78ec0a0f9c8b24312beb2e29e881192a,0.009999999776482582,1,3609863.0,362,22,4
791055d8bcbeddcee13712d03ef6b7fa,0.03154597710818052,3,,312,27,3
7931d70a97eaae9867096e87a2db780c,0.01015354273840785,6,4665959.0,52,4,2
79499f8ad6894d4ac7704b8d2f3f6cec,0.013566878624260426,2,2143587.0,325,13,2
7970734f5d9155a2d480320ab944452e,1.0842986106872559,20,285653.0,24,5,2
79724a8e839595e3bb7e520e7b1ba57f,0.047490951139479876,7,397926.0,40,2,5
7973dd582f53925a99612e95dc910bef,0.04285830049775541,11,15772.0,6,1,8
7989899db04e968e73069dd8387dd465,0.16583839058876038,3,50584.0,7,1,4
798c13ab1f547bca3164337622e1edd9,0.009571896312991157,12,205607.0,34,6,9
79975cc415f22a4795e0b14cbe90cf9e,0.17361231846734881,11,8933255.0,239,5,0
799e9b32222aebdfb894365b704db581,0.05557385820429772,14,1172695.0,187,5,9
799ef84ce223ad425c3ffb026cb71e4d,0.0019326532201375812,6,1752880.0,289,4,2
79bbe5cc453ae25d62af09487b73727a,0.02033855766057968,2,430866.0,9,2,0
79c0dad207240f0ffa4b9b70ead50181,0.04511251160874963,8,8624722.0,745,27,8
79c49d8879750ab33ea51dc9d7aa54db,0.011504447786137462,3,22259676.0,231,13,9
79c8b2feaeee6a261084a81a9ba2abaf,0.18432164750993252,13,2142363.0,48,2,6
79d7ba1982a81bd877bb0aa05131a0c2,4.918036907911301,51,,199,23,2
79dd6c997468b20656a2a431fb8bfbd9,0.00875063001876697,10,8532746.0,417,30,9
79f9255615c509553e3b03d89f89b52e,0.008354732766747475,1,2268.0,1,,
7B6913B4D43A4EB48B0609256A89D3B0,0.1937003593444824,3,2387766.0,703,17,2
7D0EB83974714D2198B7B1F975A0EE4B,0.30649353315268046,64,492292.0,79,3,4
7E7063A0D07B43AEB9411CE4D2B6DF5E,0.06715278882879017,2,319973.0,326,3,9
7F035282954B46C888ED338FED21F7D7,0.03107862949371338,3,1710825041.0,72,7,3
7F65D3E031704EB4B435A63D33225B73,0.08303866577148436,1,1175.0,4,1,4
7FEDAFFB19F2421D8F16287A35051583,0.005,1,37555952.0,2,1,8
7a0130a74ec7b2008593a24f80b485ec,0.009375413879752159,1,861.0,5,1,1
7a07c8ed3ebeac5212d21d6693f07a74,15.106387376785278,6,666049.0,103,27,5
7a253121af676e4076649b5a0d3ed1be,0.002716155955567956,3,795522.0,412,9,0
7a39fccf97fa78efd529569f504ef755,0.9178551994264126,68,717833.0,66,5,1
7a3f7f90bc5ba9f56e5a352ac211c851,0.046029910328797996,32,821963.0,321,9,7
7a42b85f11cc8c36a7efcd642d47c1d6,0.030825405730865896,30,863083.0,156,5,0
7a6847cbeb66d57a500c581db2124443,0.06569542177021503,3,909.0,2,1,3
7a79cfc8b0b20a66f9b5e32f80a6fe82,0.04784160712733865,7,758231.0,166,6,7
7a839a4a3aad3329e384c834ba558aa9,0.0020536999218165874,1,1345.0,5,1,8
7a85fd57efb9d32286817462fbfaa50d,0.33944438688922673,46,1609987.0,167,9,9
7a9abf5d696257241540b0016c622c5b,0.10898750240448862,68,1376332.0,26,2,9
7ab63e9667aa9e579da5cacf33d699ec,0.04653455689549446,1,2104911.0,402,16,3
7abf89e6b1b23fe192c374d89a04d689,0.1523780864663422,12,6050080.0,64,30,4
7ac8f6bc22868ed35500eb4b13a5e56e,0.04796066164271906,77,296646.0,27,2,9
7ad120a2fbf390a60a086a243dabca1f,0.643210232257843,1,5560.0,5,1,7
7ad4d2b80790e97bed508e80a94326b8,0.08026360301300883,9,1653439.0,198,6,2
7add8bb0bfb37b9fb475a9e97ef0ecc5,0.05372391396667808,58,4969863.0,402,27,8
7ae0b5c43c4216ce1b157720c22675f2,0.08101376623380929,33,1137649.0,226,9,4
7ae7f4212edeefdb490f76bc1bde8444,0.020745660178363323,2,1307.0,1,1,2
7aeeb3db65367ce6249c889ac8cada3f,1.5301757454872131,2,3132014.0,7,6,0
7aeff0ddd8684d7f01ce79ec3482e0d0,0.006032360310200602,5,138744.0,34,3,7
7af359eb9a498cd3eb612a3e667d05a9,0.32556645572185516,2,1721.0,1,1,5
7b098cbdfbc3d8887cb2238ac8a74e48,0.01979259611107409,4,819.0,1,1,1
7b15bfc649ac3f653234ffa6e7b89dcb,0.04125381726771593,2,48433.0,4,2,1
7b216171571598eed8ab3369df19c2cd,0.07721465826034546,3,11454.0,12,1,6
7b315994fe31ac409b4714e1d5d1d4b3,0.0190302180708386,17,1711339.0,315,13,2
7b52fb2da51eab1df8af7a451092dd68,0.31178608536720276,2,415128.0,64,4,0
7b5b0836901742f21629c0c3e90a7a1f,0.008033392485231161,3,2915656.0,616,13,8
7b64b92a70f81c1b0c480b1212eec73c,0.03324204497039318,4,24730641.0,1,,
7b6adc7b62e745a7121284e6942e4caf,0.382877619471401,50,7797.0,1,1,5
7b6f7c1f981e9fcaeb75ec165f29919d,0.020961103960871696,2,928231.0,202,8,4
7b7bf3b425e7c607365e5f24d550d0c5,0.03904690593481064,1,465589.0,1,4,4
7b85739a863ca56f5f87f963d5eb4e24,0.007677593268454075,2,,139,24,7
7b92703cd280753583642065e19e020a,0.030853699834551662,12,,3983,17,7
7b9f9935797e9c644c1e7ba9e272d2e2,0.11771368514746428,5,8409.0,4,1,5
7bb9822213a77e2b332fc2821ab05862,0.146711777895689,6,776974.0,51,4,2
7bcacccf0f5a1187cfbc2d9fb3c9ecb1,0.02011200040578842,2,34984780.0,90,7,9
7bde47964198e8d3f730a617f8234ea2,0.08243254665285349,5,12668.0,5,2,1
7bf2f698a9dad9d519e146e810e12488,0.3232875242829323,23,92732.0,14,2,7
7c0189c61f210c2753a66a99f290be0a,0.08655287325382233,1,267529.0,16,3,0
7c173af1e214428c8fcaae68ce5fd559,0.008549273712560534,2,4186.0,1,1,6
7c252493094823f1b80224367ee38343,0.053211767226457596,2,507379.0,67,4,5
7c25ae77a29ec9f45f1d1eacd8ad6f65,0.07630720175802708,3,7549523.0,1234,16,7
7c349b61b556fc4862119c7c48d2ed11,0.00572594627737999,1,1743145.0,125,8,3
7c4473ff4c6e7291d9f3b300c8353422,0.0329955072957091,14,4833718.0,341,12,0
7c46c2a770c2be7a2d8f1494bbb1b3fa,0.0038894345780136064,7,8026719.0,1608,30,1
7c4b1e7c7b9a5d0d6da63083bc7cc193,0.022383003029972315,6,2310535.0,45,7,0
7c52a3e75adfa1f9a7f5c8851f3b6799,0.1342903119220864,154,313576.0,41,7,1
7c6eb07f253124a584858a48e14c30b8,0.1923746116226539,12,5840251.0,1392,20,7
7c9034a2136ee69abcdc2d2016f860d9,1.301454158499837,26,8943.0,4,2,2
7cbbd4baded7a7360216f7b79fd28653,0.06384006142616272,3,8548.0,7,1,6
7cbcbe264df21f5d5718f2b0c9b4755a,0.01802906207740307,1,671144.0,128,4,5
7cbfa90d255698022c20bf2c21b41114,0.020410055643878877,9,1747834.0,405,7,4
7cda79cb270bc3ad9d1191c2fb55552b,0.001037283567711711,1,35140.0,2,1,5
7cde9fabd7cb08b9fcda7f47ba609759,0.014309821592178196,16,3471630.0,271,5,7
7cdef833123fc51613d5f2c299c70523,0.16023801267147064,1,3861313.0,911,10,4
7d08e0f82292fc4994c8389c9d5afe0f,0.019323779109981842,31,1385980.0,583,7,5
7d1a851d45e57d2ea0a374c3b53cef9c,0.08231067471206188,9,6865279.0,143,6,6
7d5aac0b6b5404b70fc1b01a4cb56ed6,0.03912161267362535,30,312816.0,20,2,8
7d5e9d31bc7d1a0ce5e0693c8bb9c812,0.4784442353993654,20,2195896.0,9,2,0
7d5f5bfce6c52f986953c6e85bd7a03d,0.0358338663354516,4,1375215.0,108,6,2
7d6d0113421009d60fe03cc6170c137d,0.9739439636468887,8,1142963.0,528,9,0
7d70daa11a8e6ee4b9126412486279d4,0.002572443801909685,4,491204.0,90,6,2
7d909736aa31e42d547415301b18265a,0.03304948238655925,4,209059.0,21,2,8
7da443ba6d0210ed723d6438ed27479c,0.005721949972212315,1,1547.0,1,1,1
7daf71086b043a6057feadf63225fd4b,0.05661769040307263,219,1102505.0,514,10,3
7db15d97634b6ad8c6941f48afbd66d5,6.839558094739914,14,36945559.0,3,7,4
7db2f0941d10b727b96e7a7416b9e7d2,0.06712042551953346,24,2516333.0,152,12,0
7dd744bbf8f1f570c9745e8e4cc1cc66,0.06848203390836716,2,5792698.0,6,1,7
7dd77cbae8590a50b8c41ea20187b682,18.304980482906103,98,32174.0,2,2,1
7e001a7eeb877498988d1d5d5b59fee3,0.07315593212842941,1,346.0,3,,
7e05c244ee05331257124b307f7155fa,0.10913006181363016,74,1178808.0,421,10,5
7e1d09a6cadb60f6dc0150f9fa61e4e4,0.02547792679979466,74,497737.0,125,8,8
7e2bf07d8a38972e4fd7605a21428211,0.013436434790492058,2,66700.0,5,1,2
7e3637012195d459ca92eeb9320d42f7,0.025665631517767906,1,105555.0,47,3,9
7e38a54115e759590313df48b460d8c2,0.025646576192229986,61,6456512.0,29,29,5
7e585222b760552dcdd3ca70051ba3f3,0.012090832111425698,16,480117.0,190,6,0
7e5b9f7df0c37aaea03b1830768ead40,0.001469222828745842,1,13745716.0,52,10,3
7e5e56a3edcdeade3a5ea68398547f8c,0.18766031228005886,9,22529706.0,7,3,6
7e8b520127c15cfd713204bfa9499954,0.01406403526198119,5,41076.0,4,1,7
7eac29f1d2157f71ac941386f96b4bd4,3.1886189985089004,108,32922527.0,5,2,3
7ec50157fc2680323f8a79162092fc55,0.009471366662182845,40,4683857.0,879,21,9
7ec5eb0c69d65826650ff96bcf43690a,0.03508217725902796,9,220824.0,34,4,0
7ee92f271c49cf322252c9530381d7ec,0.008821139112114906,1,386.0,1,1,1
7ef76661a25641e3fe7cf82c5a3bcc25,0.0639987891772762,31,3132448.0,770,30,0
7f0ba8cf30e7d3c001353f0227b89ade,0.021776726469397545,4,430489.0,133,4,0
7f1ea4bb92311f01e1a67f00e2c6b139,0.030479513108730316,2,650322.0,55,4,1
7f22a89c26057d511812096278334bd7,1.2428532699123025,81,101310.0,16,2,4
7f2fc0998b2c4e2d8efea689c09cf901,0.12138686329126358,9,474371.0,23,2,2
7f40d7630dcfd748e2e25524e2c325d8,0.14425279945135117,3,4516543.0,411,8,8
7f46a8fbcade14cf71c09fffc1be9dd2,0.03614208655199036,47,886521.0,132,8,1
7f4718984eef2d2c8fcfe17cf7bcfc0c,0.03721547871828079,1,402195.0,5,,
7f4e8af1969b8d42f885d06e09dac65e,0.0802022151183337,24,2627752.0,55,3,6
7f52838aad667bdf903729b45632063f,0.06931833131238818,11,1611129.0,190,6,7
7f57eeef0f708f8c9dae2b8bfcd2206b,0.078841723036021,12,157452.0,13,3,5
7f6315217cb372464d9c4b8f644c70f3,0.0039006412262097,2,610.0,2,1,2
7f6b2e2984e7ddb4fa3085fd9a4964cf,0.21113456413149834,3,5999661.0,5,8,8
7f725f8348f1d125fb29713a26c15032,0.00563185615465045,1,1246145.0,212,3,8
7fb273777cae2e5dfc1deaadb2be9355,0.28244786616414785,9,15634955.0,222,6,7
7fd32783505a517bd04626669fdda7a3,0.630032375222072,20,1865395.0,370,11,1
7fd5b90e09ce6bb3a094667d8eb2d4ce,0.04454642906785011,2,3697.0,2,1,6
7ff85a06b69a56f334f8f4be53eaea77,0.021438395662698895,8,6834768.0,252,10,4
800c587d74f79909602f8ee3463fd0ae,0.019347826251760125,5,117880.0,66,3,3
800de03e715c7e3a0e3a89a6095a5830,0.13615892035886645,10,3846653.0,664,12,0
80184B21593C43ABBAFFA6EACB53C57E,0.04005323374534607,8,24303959308.0,280,11,5
8024d544ea1c3b3cc1f54124bd58b932,0.12533213756978512,11,266981.0,23,3,1
803cd3889c22aae6baa568834e085fe1,0.013093183748424053,1,382.0,1,1,3
8050FCBDA71549E19F41F589F2D1DC7D,0.07212308128686813,55,1725156308.0,231,10,8
8052bfd43adfd46776f693707d6b5c5e,0.13296264177188277,18,2122833.0,68,7,1
805647684270c06cb10f338608a0dc92,1.5237263794988394,20,3694.0,2,1,3
8063c53bb2dc0727bc6376aaabaa33a6,0.0054802169324830174,4,21936717.0,501,9,2
80683ec29523a68a0f111d2fdf7bb23e,0.06330668367445469,2,52906.0,15,3,7
806ca4ef13b190049d198d2a08b09414,0.07771243248134851,12,194630.0,16,2,2
806e1c539c9b0c079437143febfffd47,0.09792730468325317,17,7024727.0,992,33,9
808252c67bfaaaddd9b32254391f359e,0.01057703047990799,1,263.0,1,,
80833d118021abb122b04b2c9edfdb3a,0.12481371045578271,50,765731.0,119,8,9
80943b8d999ba67fa09e5efab1eea195,0.14662682451307774,6,1758907.0,195,9,4
80C2F111363C4DADA1CFDD0A68BE2545,0.030698029026269922,3,13867607746.0,255,6,5
80a64446d8444c4672a918da9306eab4,0.022254491108469665,16,84724.0,10,3,4
80c8eb793e0b4005aad920f92da3f0a5,0.05090430332347751,10,362244.0,145,6,0
80d1dc131911850ad7a1962f20f44e6c,0.5823424910195172,44,6864784.0,848,24,5
80f5653ca03323cfa5a2a379830e5637,0.004794476320967078,6,7505405.0,971,28,2
80fa47c6613fca9981008f9214bbafec,0.03518998622894287,1,2299465.0,110,9,5
80faf3094b57220ffc69e742b5fa7ed9,0.006003924645483494,1,8075.0,7,1,8
8104a901641341ea5f9b5a682f3b94e9,0.1270030178129673,6,1906296.0,96,3,5
8106cf31290fa86dfb9aa0956ed79d13,0.013160766800865531,4,3997988.0,458,13,2
813ac884e0729a502dfc41d7a24d30f5,0.19107757369056344,7,3869650.0,363,12,9
8143C0F5D4D04E2DA6FDDA14071C9045,0.08269813530416521,28,83426955854.0,220,7,5
817c13f8f94e0b577ea8aee4fd03d55a,0.05598800664301962,28,494737.0,149,6,9
8180a62c5ec6564673b834a9cbe1f74d,0.034848353010602295,52,616211.0,105,12,0
81912969d24cc8ade4951d424418307e,0.07218170538544655,2,366067.0,64,5,9
81982dd33874b716622481e91f29043f,0.011114155873656273,1,416290.0,112,6,9
81a4d60e2af2044ca0c08f8c5d7583a5,0.044106560410000384,20,4343851.0,189,16,8
81b0a818821b729957e599c96d73ddaf,0.02411678826319985,68,3120231.0,111,4,5
81b6317ad812dfe99039820c08490616,0.017766090109944344,3,186237.0,24,2,3
81be9823cc31f14a0888d562aa7bfba5,0.005835674935951829,3,2889898.0,469,6,9
81cd89f6509ada693561f4c800efd564,0.011780048254877329,2,1961929.0,263,7,3
81ce4735c90876053ee35d3f56b94a65,0.30737900733947754,1,152459.0,3,2,0
81f2fd0b035d895e760e025830f085e2,0.015783372335135937,5,6375709.0,909,23,4
820592977bb3fefee03c1aff74053102,0.33979184925556183,4,50610.0,11,3,1
82397808892bfcb98c0cda6a04c06ca8,0.19943390786647797,24,303715.0,39,10,5
82567356996b39ab9009afa8aab889e1,0.10404601832851768,13,7890530.0,518,15,5
8263d15c8d2a6003e1c8869a660f5c9f,0.27781325578689575,3,466.0,1,1,1
82683e3e2d9be8137c5cafd09470670c,0.6274881799472496,38,,1187,6,9
826db22956d92fdfbd7353eeb6c12c17,0.1069851964712143,1,39118870.0,5,2,7
829de7027b05e91a5e2f465b6ae87efc,0.02788663882529363,36,4176363.0,322,9,1
82abe37d3ec5b89702407d841fdec0e7,0.07022481597959995,24,10306.0,11,2,9
82b8dcc3bf29c81906685c467b1f847e,0.023226372177305166,32,1870588.0,375,9,6
82e45b3a7be5aff7660b151c927c262f,0.013188413344323635,1,87963.0,10,2,0
82ed51b2cf6845094b916f05a0009d9d,0.12452701287111267,65,38062.0,4,2,1
82f9f7419905c6842fe8c034a5bb3697,0.07048018462955952,7,1573216.0,437,10,6
82fc714dc23d86df6eb432003b795a00,0.11964103556238115,30,1987660.0,134,6,0
8305b7ece5d1fd0e1c7b1b63e745dbd2,0.6384652853012085,2,26200.0,9,2,3
83096b2f11a7e639d711dbb56087349d,0.08287857519462705,12,145307.0,55,5,0
8316050259bb6d52b837c3992e396178,0.25289383064955473,10,2692773.0,368,13,5
83376afb938697afe7abf2d17a33c44c,0.09764274582266808,2,20306408.0,7,1,8
833a6f64ba018e8d9ae72c84bebd2267,0.055484134471043944,14,812532.0,114,6,1
837326F8C92E4EBF8666FA17B6438AA6,0.8865088691711426,14,31309698354.0,84,6,7
837bb1f37f99d70fd3b235c507580f2e,0.008957235142588615,1,1018411.0,165,5,0
8381bb1a7c45d0d6ef463e4b57225afa,0.033990009455010295,8,4039615.0,287,8,7
838b0f0ea14cc315ede40dc25bb05ace,0.03505582455545664,3,1822826.0,192,8,1
839179CA44FF4DB9BD132E7FB6B66D6A,0.07669640601682662,7,201696.0,26,3,5
8392a504114356401733c0a3b8d513b2,0.826204851269722,3,11994841.0,41,7,1
8398889642ea23d63053eed4d166203a,0.10037994012236595,6,183872.0,21,2,7
83a4ac6684826245fdc35202addff032,0.05972012039273977,4,21351013.0,102,4,3
83b2c93cdd011dc1ba39aa13283ea9be,0.04807474836707115,1,79524.0,60,3,8
83b32ea0b9bcaa1d4580f10893f0f622,0.012823755096178502,10,2151480.0,201,6,6
83bb10b1e7766bbac8efdb0cefd8963f,0.008436323376372457,3,3262.0,1,1,5
83c3c917cd2533c4b32f7e7cf0def71e,0.0988142155110836,2,2248730.0,764,14,9
83e27479de08e3605aaf844c4c15fddb,0.012378018000163138,5,12275034.0,280,13,0
841a8f2d506cf58f8b1c35474b90ffc2,0.003949060512240976,4,2254945.0,649,12,6
8428310ab1d2af7510e2405ba80fb99a,0.006731156259775162,4,1202646.0,577,16,5
8435E7F66C46476C8F2FCC8712B620F1,0.041250549316406246,2,5236074294.0,126,5,8
844422ba5af44a51ee094b7f81dfbffa,0.1751548107713461,4,3416081.0,263,10,3
844d92ff046053f06e2b65d40443efcc,0.03429488179972395,34,3827020.0,1275,28,0
844eeef875265501abb436c04b7ab9dd,0.273098673671484,13,4261399.0,782,16,2
84709a21b0e95d029c80b1156fa5e532,0.008595388644607738,18,3155986.0,475,13,7
8476579ef05ac07fb522be3b89892a6d,0.03096095588989556,25,549992.0,107,6,1
8477121adad39227fa7e84058ba19f7c,0.09826717618852854,14,331537.0,7,3,8
847eb7caae4fcfcb9ad3af1b36499125,0.049029821529984474,3,6841.0,4,2,0
8482055F604540EA88645D33FB07A64C,0.2748054122924805,2,6958915874.0,140,5,6
8487d6b7c4c7a8c168b3804fef622c97,0.018648354802280664,3,3233814.0,720,15,2
84a9d84e216b6a06d49e4be61586485e,0.12374953227117658,4,1636301.0,136,6,7
84afe2c01e8780f089bcaca9d8773561,0.013991506362799555,10,5217565.0,500,12,7
84b3b107494e9b3b77cafa9a70f542ac,0.05062228441238403,1,48119.0,8,2,4
84ce1e97128d86d369fa3c82390b0690,0.06573734432458878,1,27146012.0,1,1,3
84d120ab18b28822c17f2286a758e8f2,0.21010835201013833,50,3507998.0,639,8,5
84fcffa994b0649c4c6f8c1416d69c87,0.08334671333432198,4,14838574.0,2,2,1
850329261ad1bcf8270ccb59d581df00,0.007031074026599526,4,1548730.0,33,8,6
8508bd9ff621ec15773ff8867baa83cd,0.5631865113973618,13,194263.0,32,3,9
8519f002a72d16097ba9cfbb59831d20,0.45528119802474976,6,1101.0,2,1,1
8522f48d0a03b871344cb55e0f1a78c2,0.0901399590075016,2,23575076.0,6,1,7
85337a637f3ba6e10cf06418fbe73ad2,0.009601704776287079,1,1625.0,3,1,4
853d5665b1a5d773ce1c49fe7bda3070,0.015490353107452393,3,2874497.0,301,19,3
853dd574ef2a7b792124eef63171401a,0.004572461359202862,1,2843724.0,551,15,8
85473174c58e8aaa9be61142b875ea19,0.3336460394784808,19,1072729.0,299,7,3
854afeed897d74597414a92b74d243a9,0.08618285739794374,17,121916.0,69,4,4
854cd2130af3dce8da8e48abd5ea933a,0.1498098666779697,45,2853250.0,620,7,0
855affc59c8858f44b7e3442361bcc7d,4.712359711527824,38,536427.0,43,6,5
855b367e5b2b6c8e9bf3610cf67a79de,0.0018611364648677409,2,13996.0,4,2,1
85823939d8b48711cb7cd16693b71a1c,0.10187182517256588,58,1080351.0,315,11,3
858f771eddc40ab972112f6929f08d17,0.004766677971929312,1,3090063.0,298,7,0
85925fc280f1d5dfb355edb8964e714a,0.1363282845413778,68,,816,15,6
859a51c87c263e98a09c90be19267efd,0.06484373181592673,12,579012.0,69,3,2
859fdb33f62c1affea3a76d18492810e,0.0032984099816530943,1,674228.0,212,6,3
85a87d12dda7810cd0c2bfe8be3c0066,0.05917284917086363,12,77051.0,7,2,1
85bb5fbaadfd6f8f695e7e0de1c1b8f3,0.24185683601535857,153,1254341.0,53,6,1
85c4564a9e37fe08e2d6393b3417b5f7,0.02684663236141205,1,1682110.0,861,5,4
85f8204b265550254599cd539966a952,0.13485063100233674,15,2479238.0,199,6,5
85ff92b46aa0368df658d8d62b4f5137,0.2380761057138443,4,28306741.0,1,1,1
860b105b082da41b20c7b001ce083099,0.06381108053028584,2,15647.0,6,2,1
860d109fa5e053b686ee2ffeec465096,0.12339768931269646,6,29220122.0,2,1,8
8621e985100527d0d2cbb43dda95c3aa,0.24666515947319567,51,19264.0,8,2,6
86342917ca7ba3bc6dc9ea49e3dfc31b,0.2795467864489183,91,67872.0,16,2,8
863e6f3c4c627da0596c5e958826865e,0.19785096071427688,17,2549350.0,647,9,9
8640A906E3014740A60B5D3BA43EAAB4,0.0980952705167413,18,718199.0,202,5,1
8641c1a0ec70e13957981c8010165b70,0.0,14,839043.0,436,5,0
864cc80265cde3e7b317fcfbc6ecbd3e,0.007427164353430271,1,107716.0,20,3,8
867a6c2ee5fa4c1cc211e402d67314d1,0.06050957483239472,13,3573395.0,682,35,4
867f749cd9f6d4cd913294bd6c389ae0,0.07653896510601044,1,1058.0,1,1,3
868f675dd759f606e48926c23290335f,0.005022889003157616,1,742.0,1,1,1
86940ff0304aba961d5323f723ff4506,0.07886423170566559,2,535958.0,193,9,0
869f2f65e5e4286a4ee61b90eb156dc4,0.001789392568753101,10,4648430.0,107,20,4
86a67e323a1a5791ddc792a914584242,0.047181349247694016,1,110917.0,39,4,6
86abf5171c571a06101bee931fa7a52c,0.005624093464575708,4,711674.0,66,5,0
86b09dc65efc783a2eabdf88772b5411,0.009170019067823887,1,5233770.0,175,6,4
86b28f23bd93cce1d67665667eac65ed,0.0416155094280839,3,352590.0,11,2,8
86bd5660b3cfc1631f0a8670821c017e,0.006188994972035289,2,4214979.0,456,11,4
86d15caa6ad5c83a3f0c1f5fd09cf5ff,0.0187409880454652,13,8515618.0,476,15,7
86ee751c1e8314f174c8ad4eded53330,0.004431188106536865,1,914664.0,157,6,2
8707E90FE4D44E0D8BFBC5ACEB94BC1E,0.006401050090789795,1,3444011776.0,288,12,5
872e364aaa1a8194951fa6d8cce9bee1,0.2713588015176356,19,28287694.0,203,10,6
873cd6f248ffc577250aeddf3549c7f9,0.020040193427121267,27,266349.0,6,1,6
874816f04d9457035225fc759804f3a8,0.0459732199087739,16,3318744.0,252,5,4
874a224a79b8b10c813c14e6152e4d1b,0.012551616877317429,1,101988.0,4,2,1
875d033deb1d98a7519243deedc79703,0.20215364266186953,16,1708073.0,198,5,9
8767452d66cf882b8607deb6050b254f,0.008925735019147396,1,26205103.0,2,1,5
877068e0d8bdee6d2ca3657489ebafc5,0.0213650930672884,2,2331050.0,1,,
87721839E2814761AA011579A77084A0,0.0209347550393343,4,450777208134.0,13,6,9
87853C788480485AB4B31E5E731F1DF3,0.062064339311157235,4,1188.0,3,1,2
878F77DD236745509461E9021B1C8FF5,0.6439460688262167,8,150224.0,34,2,2
878da4bbc5f63ba6c9c61f59a0bf5bfc,0.3778735511004925,7,3238292.0,1262,15,6
87b0c41a3c8b6dd2ab5a95765ba62430,0.11235884157940745,14,1137292.0,263,6,0
87b35c40883048eeb980a7030c97d67d,0.07266254315618426,29,5406375.0,978,20,1
87dd12e3d7e4a77a0a207aaeb5fea58f,1.3093577027320862,25,12535.0,8,2,1
87e5067621efe4e2d7efd70ac2433bda,0.022491909563541412,3,994358.0,256,5,4
87ebe588fb2a4844b1d3497e08da4424,0.2654167115688324,1,304.0,1,1,1
87ee350933becc382f5afc805338c857,0.05388162285089493,1,12149.0,4,2,2
880302f8f5f6b449f29bd3a432514f56,0.08195646479725838,2,53649.0,11,3,4
882406b5d802e8af24e3d3e9acb91f82,0.01778714411193505,11,5131053.0,810,31,1
884ba9b6790b94d28edd607a41431f1b,0.3361224103718996,8,1140482.0,27,2,8
88569612bc755e8ae88fc3e78d62e42a,0.008118863974232227,8,201065.0,96,6,5
885af6971ada09cd628bcffc1893b50f,0.023467934224754572,5,1376.0,1,1,2
886080f1567ba8ada18af1835f7e66ac,0.04563572723418474,3,5155885.0,185,28,2
8867ebc54ef81716982565e277ffeec5,0.0017612000228837132,1,14343305.0,4,1,9
886d0bfac0753188b1f9e152e5974520,0.02823589032050222,11,593584.0,199,7,4
887c6cf8ee4221ec12fce5227f12b95e,0.04937975388020277,3,33888437.0,19,4,6
88800f68330bfa3370c074ee35053fc6,0.012382052431348711,16,13450943.0,8,3,2
88812706BE954353A465E873ED06C2D7,0.04244184270640724,33,10439107420.0,105,4,9
88917e03452dd57f25de13febdd9a123,0.222868095850572,34,1072121.0,154,5,8
88BE072B3A1A4600AEF123139BCC726E,0.19627058792114258,3,1713.0,4,1,4
88F319B21CF043B2B6D53328CD0EF2C4,5.143288706724465,29,1741003565.0,35,4,3
88a473ac2022f181eec58566f0292661,0.0934788677841425,5,1333.0,1,1,2
88b6ddb56d4580ab2b012f8591dce8b4,0.004828124976484105,11,387836.0,93,4,5
88b765f3e76744adeb955cfded3e3eed,0.013679896481335163,1,406461.0,25,3,3
88be19a9003f1ca4af639122bd84d373,0.03713208282715641,61,,207,9,7
88c5f639ea620e575de5e01d7b0c9e5a,0.11337092332541943,5,870387.0,27,2,8
88db821620cde8d5e512ade2b67e9b9c,0.05818535201251507,3,37284.0,5,1,9
88dd238a55ed6b4d4dca54ced48910e8,0.01212151360232383,6,49247.0,6,1,9
88def224ad01a0a1f33524e7bb07a650,0.08497880399227142,1,1911992.0,528,12,6
88e61173e12fa8af05de80700a4fb5ac,0.36461176350712776,9,18965927.0,2,2,3
88ecaed23bbe19e96061093cfff1f456,0.030528763541951776,65,1833291.0,472,12,1
890E94FAFA90400DA750A241D3197C46,0.4333394278734923,10,45263.0,27,3,2
890b9318fd9fe5ae40437e0b6c5000a2,0.0029725092463195324,1,128367.0,16,2,1
8914B7A8518743ECB4C66ACB2DEC14EA,0.16497298375701905,12,3459782262.0,241,4,0
89207ad5cab55ca1ef3884b2000ff1ff,0.028637748211622238,1,4056192.0,1298,19,6
8930c2860bc6496e6b60ac2f9bb69aa3,0.16440099399187602,51,582802.0,73,7,3
89384f4ae2fd6891d975020472647d51,0.04516819363925606,11,424320.0,50,3,0
893adf0fc66263b2c4989deff05677a4,0.001136555802077055,1,122428.0,31,2,9
8970367285c1d114f04cf8b0f52133e0,0.11923681572079659,11,1205954.0,133,9,9
89705d862eb206e0e64d288cd7be24ca,0.0355382293346338,33,1422405.0,151,10,5
89733A4378B54F1DA7472F937E31ED1F,0.5753889674738649,52,1740424209.0,45,7,5
89794a1f125b60919fc39ab85e454455,0.05695526674389839,2,3663.0,3,1,6
898cd60fcc050e3503c51752af42f4f1,0.03155558160506189,9,694555.0,78,5,7
899e7c3c8c9ed32dc4353303a784b827,0.13878891663625836,28,,363,15,8
89A24E88E6EA4635A7D33DC0A52EEDEF,3.8591862242019186,30,129189.0,15,2,5
89D49E7D0780415DA6DF2CD61239F520,0.28735141712582113,13,12124093338.0,579,30,6
89b75d345b4ecf37563212a9de5ad49c,0.09062604466453195,8,5744313.0,263,34,4
89c52766dfbb74eb14b8c2fc8b56f0c8,0.03776662680320442,117,419638.0,37,6,4
89ed1b3982c5cca9a41d8f680699a710,0.11524947360157967,2,8229.0,2,1,6
89f59793552baa70f21a1985b009dba3,0.011261195584665984,13,2809913.0,1892,32,6
8A0AD6B9237748549201B3CC02372947,0.12755693912506105,7,8697017433.0,140,9,4
8A34F5E3CF304D06B9E6EAF4D89CF903,0.1900178318023682,15,8419.0,3,1,7
8A7C535B7851471E8B1B4388AD140D18,0.007808790683746339,1,233.0,1,,
8B598D87E84B4983B3D9BA3880B0623E,0.09824349594116213,3,3481287139.0,42,7,0
8C92F5B1A6534B14B514CF09A2F3791B,0.1911216812133789,4,11948.0,8,2,0
8CC5B3AA29F14537861E4274C0A1C793,0.01,1,700606746406.0,53,3,6
8DBBB8FD0FAA41EFA2348D60F3A4DA9F,0.06450674057006836,2,17398991731.0,113,6,3
8E2FEE3E5E674F3987A8F9F495086C55,0.09386455731940266,5,36471834799.0,266,6,0
8EA6CD11E421438FB64A4B49F92C5371,0.10385150932025908,2,8703138447.0,11,2,3
8F539B9B40EC4AB69A3F63A40A264651,0.03370075977987051,4,3474191764.0,44,2,9
8FAE0E17618141E4B6D0E29B6A678878,0.02119849864363111,40,43487047933.0,89,8,9
8a0fc1eb823e9b97ed940bcc04cdc7ef,0.12204140366520733,75,122339.0,29,3,1
8a1ae151c2c56a2588d89aafb4681e97,0.015893551462795585,17,1270944.0,280,17,0
8a31f12e733105e56d4a7344701ec2c4,0.06001537584234029,16,1559953.0,324,9,3
8a31f9c3c8c0f587a60fb21f3b0cc7ed,0.15098429284989834,16,,352,17,0
8a36278fbd0d0ec0332ee82bc7de2042,0.082302525639534,8,19789189.0,1,1,1
8a3743c59569494fc55893ca1ad00ad2,0.05747902789153159,8,872303.0,44,3,8
8a4cc83023e7aec496bb260f8d30dc17,0.1090189777314663,3,6689354.0,128,6,5
8a5270d85cc8f580f1f1a7c458b29d68,1.4121290445327759,2,236038.0,61,7,0
8a5f352014ee684b0c3585450eb88211,0.036362556740641594,3,466.0,1,1,1
8a7bc14d795c0d74281f40bc2d58a7ce,1.6689408123493195,3,15140.0,14,1,9
8ac228da3fb52935cde733de6eee2ff8,0.0207522016717121,16,132062.0,24,3,0
8ac9f146d0c24760bea27dad6884db01,0.11675456911325455,3,714800.0,80,7,6
8ace68ccdf55105329f7c36ab112ca05,0.006634872406721115,2,8582.0,10,1,6
8ad553971533ece6f08cb1813399f852,0.09306004643440247,7,2210875.0,33,4,4
8ad832f4bc3fe9f90b9d5f9de7557eda,0.008532271487638354,9,2451425.0,809,21,3
8add86632e0f6de684b4d9810ce0b6f7,0.018516018986701965,1,1354109.0,612,16,0
8af492ab13c0cb90ca36e27943168f7a,0.11195404129102826,13,88724.0,23,2,4
8affabe4f239bfdcb638fae8603aec08,0.0830993801355362,1,3666742.0,29,10,9
8b0e326e87ca97eb46656576bd19ec9b,0.5302992984652519,13,636986.0,4,1,3
8b1ad4d258e6c8eb68c5c46ceb9053df,0.0017296000150963664,2,4803484.0,465,15,9
8b1dbb986dfbdca632775c73ebfb7e00,0.020639159192796797,43,318596.0,117,6,0
8b24dda7c6f2ba0b71ce7b3f3306a1e1,1.0227303788997233,60,2257879.0,751,12,6
8b30971ea0623b092ec072f12c62c0bd,0.11074182204902172,8,5802466.0,565,18,6
8b32af70f449d2645c6cb763ede8eaf5,0.1433549877256155,4,1796475.0,113,4,7
8b38a1b07ed904326113b95e53ec59be,0.04878507001558319,18,802843.0,96,6,3
8b44dfc92f337e5414f43eb578416aaf,0.30000001192092896,1,6257359.0,1517,48,8
8b63d8f94b2f1b8c4712830db54fbb40,0.07027947471942753,74,1506522.0,616,9,3
8b863633fe0438618a44909bba947f41,0.00368637967039831,8,751497.0,820,12,3
8b93754947131dcd66c50d40af45453d,0.011722270399332047,3,3946112.0,815,24,7
8b939fe49d774c774732b61b05607066,3.256550358608365,13,150762.0,55,6,9
8baabcbcec301902a663f764b253335b,0.015484936535358429,1,2005267.0,56,6,2
8bb61694a635a2f38155384f984b645f,0.08329069474712014,15,54878.0,12,2,2
8bba3585888354a8b5f5e6203babdb91,0.021145939826965332,2,428909.0,32,1,8
8bbdff9a093efebb59c1211a57b86979,0.2739070288371295,31,1760133.0,350,18,2
8bc373580899876b6bc0ecba4392c295,0.007823759195161983,121,5115896.0,1120,15,9
8bc4147d3de9ab6b67fadbae896aeeed,0.1651762523688376,55,219116.0,31,4,4
8bf0664f54a72495aa278c1a710edcb2,0.2695803673705086,148,642453.0,132,4,6
8c09f44fa0c537701f7ada0b38ce9a44,0.006732070818543434,2,49857.0,6,3,0
8c1e60a1cd9b65eaf07ead9c1aabe9e6,0.01313365375972353,23,5148604.0,311,21,2
8c221434d0d205fa8569215142caa8d4,0.007277876604348421,2,2580468.0,135,4,9
8c24f6b09502b7151ec4cf41f3a5f57e,0.0032238876447081566,1,576501.0,124,3,6
8c4afeae608de3d616bbe4992ae3fbc9,0.014649887336418033,3,1424635.0,115,6,9
8c511fc85151f729dbdda3148df2a84d,0.09778771549463272,14,7677951.0,111,12,2
8c594aa38dbe592d634606d530800858,0.685635631904006,11,22378190.0,1,2,1
8c6fae72beb7f18e117087a464f30615,0.01011672941967845,8,667716.0,199,10,9
8ca59833feb3ec03f97bcdcec3fcdb9c,0.088527517975308,26,1208833.0,85,9,3
8ca71616e4a6e28762b145a5d3f92f18,0.06902838032692671,5,145562.0,12,2,3
8cb3d375a72754d5c5c13b5f151ee213,0.07688471488654613,4,1570993.0,70,5,6
8cbaf6c550d9d7366bfd230d7fd5f999,0.03459110110998154,5,2162037.0,227,6,7
8cd84d3f6441c5bd97f4d0c71c8aeaf0,0.016364237060770392,5,295821.0,134,4,8
8ce2855eb227e33d5ff38e36df1c7966,0.002720126009080559,3,5626398.0,373,8,4
8ce710352f73190c8ecdfcf8afb475e7,0.349942147731781,4,2176165.0,418,19,7
8cf6f5b181aa0ad5de093670e3982f46,0.002739920746535063,1,39540769.0,3,1,1
8d08e5678614a67730030fc23c683a54,0.009999999776482582,1,68367.0,20,2,0
8d2233669fb0dd741b189d4cc9a88db6,0.043015489616664127,125,2522875.0,660,12,9
8d29ee15a3b82d253bcfa9f032593bc1,0.0028643213445320725,3,4751070.0,728,15,1
8d39b0c10733b09ce8aed221167944fa,0.022823320236057043,5,72235.0,53,5,6
8d62f4ab4f1f8af71c3fd0b684bc79fb,0.128379937261343,3,16760.0,3,2,9
8d69eb3693c0e9e92b3a86e563890e88,0.046751038171350956,3,4650693.0,155,6,8
8d6cb354c68f87e23aaa6e9538d74ca8,0.00919355358928442,2,18305705.0,389,9,5
8d726573cd6a00fc9098b7c7b1170aa5,0.07043283898383379,5,,362,7,6
8d893d8bdf85747f7531a97df226bf41,0.08953912241850048,42,1414891.0,64,4,8
8d993bb25c7e48185dd20747f1094664,0.054687832307536155,41,4429186.0,1634,18,0
8d9ccefa6cc3b74bd607f706c64e0365,0.06933966092765331,4,401109.0,375,6,7
8d9ec480ea9f93f5b585c8228819e735,0.14083724049851298,16,14304.0,4,1,8
8da759d0c6f797a46023f64ef879b76c,0.015127219550777227,7,1884198.0,229,8,1
8db78343f7a031a7965afb4dccc53e01,0.001841300050728023,1,1204.0,1,1,3
8dc2d5b1964a0edbe2532055f642cf33,0.010262780822813511,11,842633.0,341,7,1
8dcfa212f2e4889fb34fe3648b1552d9,0.1687440499663353,2,576.0,2,,
8dd2cf29fffef6ea8f35ae22fcda76fc,0.05446296843001619,42,436943.0,92,5,2
8ddc6ca0d33506cacaad42d2289efe47,0.05100309842964634,67,4008332.0,1179,8,7
8dedcaf6bc329c0e039a1c822101aac2,0.02086700312793255,4,1727.0,1,1,4
8df3031bd59fbad01aa79f521c0f5baf,0.044192530564032495,18,7238307.0,820,25,5
8df516e0e4540afff5d56959177cb4ad,0.0033152264077216387,2,3157544.0,735,22,6
8e10bf825d41d82d3b36398f90330b2e,0.0030162573675625026,4,1402674.0,184,6,1
8e2f0fb8b1070431e456533b074790ef,0.016065241768956184,1,2465359.0,216,4,8
8e3963616b560fc1bd8806eb1d2e2f2e,0.14294766262173653,2,4882030.0,38,3,1
8e3d203389e3e9442bed6b13655e5caa,0.5290403738617897,17,143628.0,43,3,3
8e5c8f7fbcd5eb3054d6d9c57dd6ff66,0.13814634084701538,3,5556.0,3,2,0
8e5d46008e68e4f365e5d3c6387ab526,1.0938388332724571,8,12893808.0,30,17,5
8e6ab997fe9c30225b76bc2e48de21e6,0.03210029820911586,6,1408411.0,198,6,6
8e7255c3da8b871e21378bd61bd9f88e,0.00775895407423377,1,10458906.0,481,7,1
8e8153a5e14f9c80f71c057a25203eea,0.16921735927462578,5,3182062.0,317,17,4
8ebe7cf06efac6622b0fdcfa1c390a62,0.03143160045146942,1,6647.0,8,1,5
8ebfe644e174a362dfc379f2752cbebf,0.04500845505390316,22,1671107.0,287,10,5
8ec147c659789c6e7953840d43a6cf57,0.06493258394766599,23,2848639.0,117,17,9
8ec8b5e134ca884e892308e593d89e1b,0.01718882448039949,4,2291708.0,87,5,8
8ee16b4f35e56718115b9c02f410873a,0.4966520192101598,52,171315.0,82,6,2
8ee1a23c8f97080aa67a6e7257a510e3,0.06010943651199341,2,26806614.0,1,,
8eee85e342bc3c7287850e8400ef3727,0.021250783000141382,11,1449888.0,81,14,3
8ef0848b1f6d23cd7d17684e22f9bccb,0.030944478698074818,33,2715404.0,666,8,1
8ef1da579bb9d35dafdae7308a244437,0.024762224406003952,1,4337695.0,53,4,4
8ef357e153a633a87160d3f35c30c492,0.25552662601694465,30,357922.0,24,2,9
8f09f9b7b5ffe2c85dcbe2d964b62a99,0.14811643213033676,3,9076.0,2,2,4
8f15c851b7fb8f79b37fc0ae2d6051b1,0.006049891817383468,5,2880448.0,303,2,6
8f32ff93da121f3c0a4aef2cd28854f9,0.0032144393771886826,1,3195471.0,47,12,1
8f466369e399260c91bc8892feb0af6c,0.07526333403075114,36,326060.0,185,4,9
8f49234473c76c2fbcddac18dd5efc75,0.13377005234360695,2,3555646.0,33,11,7
8f4ae6ff2bd1701e772467cb4dbcb115,0.27529551088809967,3,921.0,5,1,3
8f8aff2a9069f9bf8d7ffea528b1ea72,0.07209120056359097,56,154989.0,45,3,3
8f90f3d6f726e3c665220b64b7235a7a,0.050944944843649864,5,24713.0,16,2,3
8fa910073446dc0399bf0127805bed96,0.02904822985874489,23,1196898.0,159,8,0
8fb45e5821cc694faf8057046bf492fb,0.07070444617420435,7,3912998.0,492,10,6
8fb9659cc73e316a3428b91ec667cb63,0.05272677540779114,1,1768723.0,218,6,7
8fbd563f32c3fd6d65d90b737a8e7a22,0.8560891915112734,33,39756.0,14,3,0
8fcf332ddba73c349c197469f16ee901,0.17129526287317276,3,1020530.0,441,8,4
8fd2d90d317a6891de9b340efb11c1d9,0.046685105888172984,11,5678923.0,1143,28,7
8fd86a2f7f9d4ba839b60006368d0af3,0.02610426815226674,15,1861097.0,118,16,0
8fd98e38da16d970589dcd4ca5c3966a,0.9763000952079892,66,3460069.0,303,10,7
8fdbb546d4771c3d2851b500b350dd34,0.169278796762228,4,274375.0,59,5,1
8fe297dfe7933e0309938a8288607d74,0.33240936137735844,37,15702139.0,57,6,9
8ff9959ca15cad2ea88a268f3e22c419,0.008365852292627096,2,6540305.0,3029,30,6
8ff9d27242400bbb562b0040c36b4249,0.016575582791119814,3,6637524.0,1354,26,0
8ffbb8687b4ec5b73dd95838fcffba65,0.018705982016399503,21,2519495.0,893,21,7
900feada998b4adc9d68f5a26fc3ccd1,0.7940174397081137,34,2853653.0,412,8,9
901181a22a58c639b0acd95a6ed2310e,0.08182900678366423,10,178871.0,16,2,5
906c00ceef34272d06cf6310e744cbc5,0.046811879612505436,10,674817.0,85,6,3
907c122d486e99d25f58f91bbabe5182,0.1360404915176332,15,,83,11,5
90814b1c6612d0bba7624032fd07a41e,0.024756322614848614,2,6102.0,8,1,4
909852fb6c5074b32a76e8bc6578772f,0.022409445780795068,13,105786.0,7,2,0
90c8dabecb666db906cf4f1667083af9,0.019443446770310402,1,4538971.0,447,6,0
90d5de587366f9e938be51a9e251f0e1,1.685189976124093,96,235274.0,15,3,6
90d84e7a46591a2ce0fe511b50c88852,0.019249141216278076,3,6061444.0,1130,24,5
90da6bfb19624bce3f966611a81aafaf,1.5739980563521385,74,447737.0,87,6,5
90dd942faf7ea62f5659456f7cd58f2e,0.08498910162597895,7,1481950.0,233,9,1
90fedda6f0d263cc9bf83e4ee787e4f1,0.01847195834852755,4,3205854.0,418,18,4
9102614e76d2b50076a966f69914c8c7,0.005284512124489993,6,3504182.0,476,7,3
910f52628132cefd3aed731d83afca11,0.005006016115657985,12,1047210.0,320,8,8
91162FB557F043058E0F22B5110ACD23,0.1515765165236578,36,5218069863.0,84,4,5
911BD011AEAC4804ABFA8ABD2E9F395A,0.045164144755840296,8,8686922208.0,141,8,6
913d239e4b73952e688524274695dd92,0.04103313107043505,32,4014083.0,512,22,1
913f33b202c963211bf683dc7aa7c882,0.017913943389430642,5,3813545.0,608,18,4
9148ad0072eef155023517c1e8559aa5,0.11129947961308062,20,24816055.0,32,2,1
914bb739cb5a16361b0b7b54b8879b40,0.01081310585141182,1,53964.0,15,4,6
915459c4be5e5235363d591cdc00da4b,0.13845829665660858,1,305097.0,32,3,3
915e62504016c4344a8efa044fac459f,0.0079403753625229,8,2839278.0,748,18,2
9199e0de3a4e42b9745172ba0b08c83e,0.1629081480205059,2,603.0,1,,
91EDDA75BE5A41AB98EB30FB58C9457F,0.030355341420427947,17,8702713966.0,26,2,5
91a086ca0d5ff95a2e58c3dcdf217465,0.030329429544508457,2,5363666.0,157,11,3
91a2d934fbcb92ae552ed3aed21d7f20,0.028724146221065894,77,413371.0,64,5,1
91b7b0508423cd54d30989dddd239184,0.03435176447965205,28,,226,9,9
91c02303b026036dfcddf724ad4a5067,0.07057010778225958,80,82575.0,27,3,4
91c59dc799d739836b22f3782068607c,0.0785694569349289,2,12859241.0,23,16,1
91d0ceb9c228ff9c24b35769d773b4b8,0.005115108971949667,6,531801.0,38,4,6
91d0d7b903c9c6dd5bf2b50abf54fba3,0.0010000000474974513,1,1128037.0,131,6,1
91f49788a1b22f57ae41a03a152bf392,0.2788996174931526,2,324962.0,10,2,1
920a4ccb6ec1cc6ecf4eed705064768b,0.16215318674221635,25,238842.0,2,1,4
92103c98c7d69065fadae132246aa074,0.020638548070564866,20,,465,23,1
92131f46bb1483d9fea77fc077bc60c9,0.15382789075374603,10,343919.0,77,8,4
921cd661f1c0e271bda2365b863b5672,0.5534228682518005,6,980.0,1,1,2
922bd880f299c5df36e08f56393fe7b6,0.0037454511038959026,1,1887.0,1,1,2
92327e08de02fb77752f9d68be71501f,0.019081380451098084,19,13670189.0,54,4,9
9237d0aa1b91fbbe472e2778c07ee64f,0.010649122996255755,3,3864223.0,621,18,3
923F8794CF214A2BB55240C3A91243FD,0.17285639707779882,2,13912808704.0,78,6,7
924093fef15be96834a33e9768a6e08d,0.029780516546452418,16,2500.0,4,1,3
924d38efde2b0cc89164aff7d374af68,0.15269995108246803,36,26236.0,3,2,0
92583bac8d8e3cdf7767fe1fe56b8d3c,0.1780256680212915,19,,61,5,4
9263A5EBE2C241E8BF9E428274A5964B,0.12862360452276467,8,517060491876.0,446,11,0
926d9d045b3c94fdf68951db6c3a48de,0.04807474836707115,1,733039.0,248,8,3
926e656d77cc781c89d8617ab9a2a3cf,0.006378686986863613,4,60259.0,23,3,9
927f5203d1ef93770ba068d450e8de0b,0.33411939814686775,5,28752.0,6,2,2
92988f5a0f491751a16d0cd8ed303592,0.029785314574837685,1,14120652.0,1,,
929dfc2e28e51c4838f62a22c7d3ad46,0.007799260783940554,1,,262,14,6
92E59F075B384A40A79C4698B53732ED,0.48687086906433114,29,8729.0,5,1,7
92EC8821A170467BA22E0BED5E9760AD,0.01520307350158692,1,304508032818.0,114,5,3
92b03208759a7feda236b12d595c2739,3.1889345087110996,29,113518.0,44,2,6
92b169d20033e3b0a710796270c3f9d5,0.009408071171492338,3,537579.0,82,2,1
92c4b62d273f9cac9ffa3f347d5098a1,0.006596007675398141,6,1687659.0,197,7,4
92cac7cf06d012c724b0e560515e7b15,1.020393336424604,48,9572861.0,1407,35,8
9326e43bd001816bb121b9cd5b631367,0.007661639770958573,9,340342.0,75,5,1
93390BA1DB3D4453A80A7FF5330FF594,0.37728963851928715,5,5222508856.0,2,1,4
93398ebb91f8f7f619f4e3dd45758d4a,0.01084341062232852,2,5684258.0,915,18,8
934138f00ee0856dae1b3dd85b229867,0.02932554914150387,11,84304.0,11,3,1
934b19805aad7cf3b7bf4ce635791cc1,0.017894924618303776,2,3067843.0,570,19,7
93576f85c1024c73017de05b9ec5bdb6,0.2780045699328184,22,3850009.0,525,13,3
935C58DDCE91477DB84CD6A85ACC2B33,0.3612657558239136,22,10400893815.0,531,18,6
936309df78ed600b60fd7936a620c78a,0.044316535466350615,20,458734.0,201,6,8
93989d0aacdbf00fa4d346c3b2af0063,0.49347148835659027,5,61348.0,23,2,5
93D67258AEE3412D89D436D0C1108984,0.08036018371582028,1,1000.0,1,1,4
93b34a916a3b692bdcb58568846378f8,0.04807474836707115,1,3985978.0,457,17,7
93bb344bdf8c0a5722a17118ce436159,0.330620220862329,20,1552.0,2,1,2
93bc859b09f46f1432b4c0419eee99db,0.03209420957136899,8,1265578.0,117,4,2
93c642a10986da6cdc267e12325d08db,0.14067790657281876,3,30492.0,11,2,2
93d52c9006e59936d1ce88131d0893ec,0.0061666108667850494,1,2110998.0,182,7,2
93ef58ca4e769d65076a1979e69d5f7d,0.10153338895179331,19,3195828.0,122,11,8
93f879777e3a5c0ba935173fc17206eb,0.9496284117922187,31,21816.0,3,1,8
941dc12879ffc8f1de96d256a4480bc1,0.14073852635920048,11,3563.0,1,1,1
941e16c0384d58205df705c856ff79c8,0.1045107136014849,31,1488365.0,206,4,1
94204eda0e3e04424d4cc6f52bee34bb,0.2538546547293663,5,38697.0,22,3,3
9421567d1b69ef04f1830e273badd052,0.002125978237017989,1,1303740.0,111,9,3
9429F3F09B364C4797AED9C2BBBD03BF,0.26556290620911127,27,122413.0,22,1,9
94499052622f740aafb6bc446d5c6d46,0.1482104283059016,28,201364.0,29,3,3
944AFE8CA04F49A592DD77599B5A76FE,0.07404833602905271,4,12159220652.0,58,4,8
9459f4a70e8f252debc0e199c375e3cc,0.0211320323869586,4,31472.0,5,2,4
945d77c54080ff96ff2044b1c0730714,0.16154029872268438,33,15340728.0,28,4,1
9476dc04970b6d6611fbf68fe4cc4182,0.015313872369006276,9,15851500.0,1046,49,6
9480d4372a528d7c005c996da9bd64cd,0.4679682650603354,137,922100.0,183,11,5
948ad250173fa92355a8fbb1a433ac64,0.0645985291339457,8,151863.0,44,3,6
94CB9100F7014BE082AF80AB23B6499C,0.02813985586166382,6,312091.0,48,2,8
94a2a7009bc50c0e4d7b937b8051c805,0.003794723888859153,1,2788830.0,141,5,7
94bfc197705ec512ff4c40335835cff5,0.006005462724715471,1,1855.0,3,1,9
94cbd75dc15d9e604381ec97d3027c34,0.008432253322098404,18,511473.0,63,3,4
94d620b798c5142862c37af1c9d1ce93,0.0401587663218379,2,8375.0,6,1,7
94e9885334eeca33a6fc6a53f3513242,0.14260244369506836,14,1112158.0,462,11,9
94eb57f55098a779ce6eef74a911cc25,0.0038687809283146635,17,19926703.0,909,15,5
94f58f0268bf79ae2e375b1115abf3eb,0.10986086074262857,7,1919450.0,175,5,1
951bd7a04e6f7e86140f80d6fede1f69,0.008965049870312214,32,20381700.0,62,16,9
951cd8449767c351595d7acd9a2ee99f,0.4021662473678589,2,1265262.0,129,3,6
95357a296bd89077dbdca2a18b82db1b,0.00390861788764596,1,1873321.0,99,6,5
954487fb59c4439cc4d040a9e7a26f6e,0.0032339769531972706,4,974081.0,169,6,6
9544A71119C24866A54D5E21D03D636D,0.01179546070098877,1,17405106089.0,33,3,2
954e1d8178cdc94a827c325760c598fc,0.013662871904671192,4,20529.0,8,2,0
956cc5533e8eada27933f1b3395c4e96,0.1897920724004507,7,2349.0,2,1,2
956e7b525f1c798259e4c70e20a3d309,0.3338957419618964,29,183805.0,37,4,2
95896011f8aae0cbbd2cc564ba68fe9a,0.03936779359355569,6,1235334.0,377,9,9
959AE01E883E4BBA8ACEA7E16C9BDDA4,0.03232512137836218,7,130287312001.0,203,7,4
959a3f7a604ff51f09b35f9a91b7ad37,0.028795099671697244,74,5889251.0,345,8,5
95F8A18195A746998C11E3C0FAC31137,0.02232104301452637,1,282.0,1,1,1
95bbd996626ad5991984254cec5e224c,0.04972474556416273,3,478220.0,287,6,1
95c58ab5caab51cca12617ececbee11c,0.0020363132935017347,1,6380.0,4,1,6
95cc1ab6ae85454a0a00d037f44a48bc,0.0029773397836834192,2,1655551.0,202,8,6
95d2395adc30cc26e280fbc268dfc401,0.13542399008292705,42,1286796.0,70,6,8
95e995ad50ad66cebeed4bea4022519b,0.025042212873813696,97,1904280.0,413,11,6
9613cbb8b3869d8146d7e6cd4c141e9f,0.1997220767661929,9,2724619.0,162,9,8
962F0B388C2640EC9EF59C7346326218,3.372999892256591,54,6037.0,1,1,5
963df663edb8f4cef4c17f0e8ce3246c,0.19757428672164679,14,8340.0,2,1,8
9647e2de70bb6a53b594bedd63d4aaa3,0.003120000008493662,1,151243.0,52,2,2
96596b2ff029bb8b3512cef7950f8c17,0.4593565184623003,12,2025394.0,8,11,1
9661db22e379b2370b32e8e9b55ff07f,0.09156834246823564,72,40365.0,7,3,0
966694566d2a4fc302c8c175b69d56ec,0.08402058482170105,2,268.0,1,,
96866EB856AE432D8AF84CBE91153FA0,0.005631567478179933,1,986538.0,190,10,2
969055a9df735fb389c8bda198eea673,0.08356808498501778,3,4159787.0,120,27,5
969efed7c3709c026325885d7a1f55dd,0.02198889898136258,12,178115.0,12,3,3
96a1b617454f7726c7fe2c199586f42b,0.12695924332365394,20,152764.0,22,2,5
96addf7f51b9cd53e4f8a523ad97717b,0.0023935999488458037,2,1968892.0,386,13,6
96c6a66c34397f55a62eb3a335683319,0.11949120106874034,84,30578382.0,22,3,2
96eb9a1f86dc635e0010106ae01a8539,0.685737899504602,28,11433680.0,1,1,9
974ed501ada8cef087cf68b8dd843259,0.09371371223824099,75,3239362.0,447,20,5
977f4d27bfd249825a1b7445e6f6ea47,0.10130353132262826,8,1183975.0,547,10,0
978d43ae09018ff7c9578e661fa18de7,0.06195050082169473,16,3956439.0,635,14,3
97939835d271fbb47140c23e504cad57,0.34402602864429355,17,694808.0,31,2,9
97a367736bad5b43c64826744c4fd642,0.028821603045798838,13,731974.0,46,3,6
97d3c79546d94b1e57ef24d8ad5ecbc4,0.15863367542624474,3,625936.0,7,,
97dd690ef99597f3683273b8193a3650,0.005397702858317643,5,2415709.0,257,9,1
97f1bc23fde6a0af5bc8d3bd9b2ad430,0.2578244134783745,2,1253.0,1,1,4
97ffbc8d09a8684c848a2c0ad52844e9,0.04489707597531378,13,4811292.0,664,21,8
9804cd4436875a5148e28f2bd267b3a2,0.04002811573445797,2,1463118.0,204,5,7
980bf80104bd7f149583da3efc06361f,0.0332986923167482,24,2773324.0,382,26,6
9824778488D84EAAB15C7E7133C41258,0.10108172607421875,2,1124.0,2,1,4
98320FE49B2F442C8AF830E581B43B8E,0.01481497287750244,1,8703762842.0,6,2,8
984b30260cd7da2311db1b4fa997d350,0.20847074687480927,5,25347633.0,1,1,5
9853b801cffce648c57e59bce11238e1,0.46166584827005863,7,4832.0,1,2,0
98542a80bc39e2295c8b69c10d7c9410,0.05114318220876157,13,21925.0,3,2,9
985f9651cf0532bdf640b606f200e0cf,0.019999999552965164,2,33276.0,31,2,3
986df4e1f4a7e10605a51cb68a06bfe9,0.3636052506044507,33,166592.0,15,3,6
987FC1DF46034A60958E6DB1FFC5429F,0.008671900033950805,3,1740702329.0,20,2,2
98874e927cab74ca0bb5b5b1cead4111,0.22344221861567348,58,70820.0,19,3,8
988b2a469b67a0f297d460a3adea97bd,0.0388530595228076,3,1756886.0,307,9,9
988ddb5e3943cd862a5c43715409d94a,0.07368565164506435,2,4038445.0,230,12,2
988f3489b41d37aec97ab50c805426e6,0.15885647572577,4,1280.0,1,1,1
98921f3f2322c8805b2726d01f3b12de,0.2642126828432083,4,5013085.0,76,11,2
989246f19b53e9faf84288ebc3ec1740,0.01600000075995922,2,33757.0,18,4,0
98D85C0353634540AF5EE1BA3777F7CA,0.005,1,250465.0,27,3,1
98b19a3f2af24ab1dbb8e3c994046201,0.15910542022902519,36,5449390.0,9,2,9
98b1f9ccfac826c2a2da30449b23ce9e,0.22111785411834717,4,1462014.0,29,2,7
98ccfd7d53561ac947666520bee987c4,0.4080263152718544,4,153741.0,3,1,9
98d4273d46ba851f8846a8a4eb54fbfc,0.33556289225816727,15,6212304.0,319,24,5
98de101b13cd1902107234a477862307,1.3072220403701067,35,197444.0,13,3,3
98e3854a80aba2cbaee8031850f00422,0.06740661850199103,13,238477.0,118,4,1
98ec486c46e758c0cb4f0570f56fec86,0.09066218137741089,2,818148.0,26,1,9
99099574F52E4AB19571EDD9C842B5CE,0.01411089515686036,1,25672.0,3,1,4
9925898bf51af0780fcdcb71a0a8ab46,0.018344214651733637,3,435605.0,27,3,3
9934a1a254c3370e834e84b540f038aa,0.019121470162644982,13,98538.0,21,3,2
993949c5c7af5c702e4076223b3f9ba0,0.1799377053976059,1,901.0,1,1,5
993f0af4ad51824596295ce4b8e497a3,0.042185424361377954,39,613418.0,248,6,7
99530A0728A34362AB14F3A206349469,0.0311181755065918,1,227.0,3,,
997296ea5600c84d21fa5ef4028cda40,0.2638197671622038,9,6138489.0,1465,26,1
9974681ee3505e5ef8f9733a7a2f1309,0.5373383089900017,4,13405819.0,23,7,5
998e649aa9c6ec88624660ccef559821,0.029066127201076597,20,45660.0,18,2,8
9995CC951BCA4DDCB7914C8E0F75A648,0.2959048363786516,3,1739.0,1,1,2
99D45975CEC943178DB8D7EF724CE21B,0.005,1,39939546079.0,474,11,0
99F0476212D94F4DA71AE863D4E6FE6A,0.2960120315551758,2,947.0,3,1,1
99a35037ab015a466fe73ae0cf806bd5,0.00726925116032362,1,413.0,2,1,1
99a7f50fef2c74db729a0629c09201d2,0.05335211753845215,6,1427698.0,138,6,7
99aae92d35118a8b8d3191ae77e5e5cd,1.0114699453115463,35,1524669.0,484,11,6
99c384254999c6ed4415c9d57bdcad5e,0.03798480454861419,153,361731.0,67,8,0
99d157a3426d386163935df426fb621d,0.11401603459671605,23,8184442.0,1238,19,0
99dba0b42f2d8ccd40e4f71d9feebc85,0.03611011477187276,10,886150.0,34,2,3
99e1bd8c138f204850e46e804b77e671,0.007447104901075363,3,333039.0,40,6,0
99eaf149017f2acc3cb59a29927644bc,0.16838216898031533,34,328113.0,151,6,1
99ede125e548b1dd92a183ae732b4bed,0.007424688548780978,18,667661.0,50,7,0
99facd40de7c8993d15d6f198feae10f,0.0354488636367023,4,98866.0,40,3,4
99fb70f55434cbffea83db76cdaea7a3,0.0610204201657325,18,3874.0,2,1,3
99ff20ad02f228511067586eb0560f84,0.5110530238598585,17,,535,11,3
9A058977DB144056849FACDC9B771AA9,0.009853320598602293,2,5217316968.0,48,6,3
9C0F3D03FAA04570A9EB715D7B97E716,0.8324616775512695,8,245053849402.0,233,11,2
9C14FB31C7204E198EA0C32B264345EF,0.06377826248040772,10,5220223596.0,41,4,1
9C509270C1E0499D9D905E0321223C98,0.04932507705688477,1,1528340.0,134,9,1
9C702A15B33C4612AD72CE7AB4E760B7,0.017324994,4,165326434981.0,58,4,5
9CDDDF2B133346A6B3276108C4ABE331,0.01,1,5201562117.0,370,10,2
9D3B9A7FF38D49CA84F91DCBB70123EF,0.051815951186019914,35,8692475069.0,234,9,1
9D77AF48E5D1464698C0BDB906382DD2,0.0518635948514104,20,1740399780.0,49,4,4
9E3337C423114A94B6284563B643D989,0.0546119704246521,8,268507.0,43,3,8
9E6611FBAB94458F95671118B214D97E,0.07124352393089281,39,53795059332.0,962,19,8
9E6AD559E2714ECEAE96B3EE55A96CE7,0.07901618194580079,1,198.0,1,,
9EA135EE7A3746619B22D3C0B3C0548E,0.08258978366851809,7,6418.0,2,1,9
9EFF54677CEA43F6BD6281846CC7D182,0.04384470748901367,1,365506.0,145,10,2
9F977191DED245008EF777A5FF6CBA9C,0.06798242454956055,3,59182245351.0,20,2,7
9FC3F7F69DE947AF882E0797E827DD22,0.05893469675481319,9,27773681033.0,986,18,7
9a01bb0eb808c3114e3fe2d9a408c19f,0.11576698627322912,3,7395621.0,325,38,5
9a08249f2db075913e301573b579f37a,0.0141956249717623,4,845153.0,105,4,3
9a2214b5e3662d35e9fb160bf39cdd88,0.024230044335126877,1,627.0,1,1,2
9a2c1c81ff5d837472fbe49dd48442e2,0.12458641576813534,50,1247167.0,490,12,7
9a3ed0f76120fcb0787020106ae44098,0.8262709341943264,3,401719.0,267,9,6
9a40a4cbb8a0fe9844f1f4616461539e,0.00701221521012485,3,2290887.0,279,8,0
9a4fd188a4338bb8eb1bd4846dd78d70,0.11157709109829739,51,1931832.0,123,10,9
9a7be4902a7c3090164a8d35a8028b4b,0.6670675218338147,57,1672232.0,292,7,0
9a858387316b0e9dd34b16e900646c0e,0.05874876491725445,3,2020149.0,20,8,2
9a92e322fe7aa730a9082a6824eb81f5,0.012580680777318776,6,5019763.0,524,20,9
9a9698a50b12783b8e31064ccea25b76,0.08196360617876053,1,2707815.0,228,24,5
9aa606f819d842d48b21a1c8287b9706,0.07617814000695944,3,2010.0,2,1,4
9aad5183d147279d531508d7ddab833b,0.11387913825456053,40,912281.0,147,9,0
9aaf41cf4e94d0bfb1b82b240dc43456,0.07011970455641858,61,403920.0,122,3,8
9ab7902f48d49c554163d33c2013e0b5,0.003257584758102894,1,21254391.0,21,2,9
9acc570a31568ed91b48fbf04862e133,0.06777817755937576,5,4020344.0,10,3,2
9adc668487f68e698bedaa7af307f9d6,0.00250475131906569,1,73354.0,20,4,0
9adcd6e70fe03897cda9dd9a2cd2fc2a,0.012768563043209724,28,35566.0,26,1,9
9af307dc135da861409c0a693db1f1b0,0.1281879050657153,10,6002207.0,623,9,5
9b044659202cf4b337b1000bf3434b0b,0.05513045750558376,2,445247.0,37,4,5
9b162104e1a00dab8a9d0616877e06ae,0.003924762364476919,1,3417209.0,263,11,9
9b1bc22a5ccc995fa203ccf072bd06bb,0.006940867053344846,5,1372832.0,156,4,6
9b1c22e7998aae117ef6d18914c21ff8,0.6413321495056152,2,306651.0,22,3,1
9b204cf326c4c09bfeae728240dd2f9b,0.022293297399301082,17,293129.0,113,5,6
9b29e1dcd9cf0f35515d8082a5e16cfa,0.013886923203244805,6,2744.0,1,1,3
9b4ee5be98f8dfa727b27b133a0fb9c4,0.0038208661135286093,4,3536635.0,1420,30,9
9b5561a52c6445a69dc53efc5cc4f622,0.2180815334431827,25,35776.0,11,2,2
9b59d3867826c9ab52f6cc34826fdb12,0.14979540556669235,2,24855354.0,15,1,7
9b5b496c3f12602de1b12d91f3e6266d,0.3803060685750097,42,18862479.0,315,9,7
9b5e73e53d67dfc7d5f24add17c9db85,1.285180926322937,1,24455125.0,8,2,3
9b5ede368283978d54fae19bce216c49,0.009882889688014984,1,849734.0,11,1,7
9b7e83a4b9d4ff1c91fc0165e724b3a2,0.0976555529050529,10,886535.0,63,3,5
9b8785d2fa350acc8f68539fee694d8d,0.017602126172278076,22,2513499.0,463,10,5
9b90c00a38382ccf5e29eec95b24acd1,0.007947750855237246,2,5522270.0,30,5,7
9b9b56076c3b0ed65631585b284612ad,0.022297185845673084,3,2362314.0,158,7,9
9bb871d05c82bce5c611d923f016efc8,0.049919613637030125,15,114588.0,33,4,0
9bbf8405281cc853f1914e4df7d3f269,1.084652405232191,22,1566531.0,4,2,0
9bcf4eb74579e8e1776e14484f2833a7,0.0010948090348392725,1,6498979.0,364,17,9
9bd8f168b78c537fc0aebfa42547f81f,0.10194087121635675,11,13464.0,4,1,6
9bfbac3174c2745ff4fcbcb6b170ed16,1.9927870025858283,76,38522851.0,25,2,9
9c08d029998423eaf6a14b7aca0dd0e7,0.0904806419275701,10,1522812.0,45,7,3
9c14b047c246174e6c97e8332aa8bfdf,0.13371406309306622,4,279239.0,123,4,3
9c15fee4df9face4dfe372e433255897,0.15252343961037695,35,4110318.0,400,16,3
9c1befe7e795cb86c9af3598bfadc65b,0.13261746242642403,3,2377418.0,154,10,5
9c39120ef117d97f7219b5b9c87b3b76,0.009999999776482582,1,524.0,3,,
9c53258bf134496147bc701ac63e787c,0.004799866816028953,3,245394.0,25,3,0
9c6216bf428cbb9f5721f24ccce314fa,0.12075664382427931,8,31861053.0,91,6,0
9c666a92847e784872294f88458ebf2d,0.017486380063928664,8,1554023.0,177,7,0
9c69162541d6c1c54731a9dd39697e1d,0.09548045974224806,29,1506966.0,61,5,6
9c6dcf326f693eab8d2920e74e4dddfc,0.015853382647037506,1,3517.0,5,1,9
9ca2ca90930295b6be77a09898c2007c,0.024425453826552257,21,4626941.0,429,15,6
9ca8edbbe19531fc8c40c947ccc1cb31,0.07377272471785545,3,4313528.0,415,10,8
9cbe987e27d36d533204376cfe836912,0.024099172558635473,3,2346.0,1,1,5
9cc9c82fecfa94e160986359dcc6793a,0.579211950302124,1,1053633.0,123,9,4
9cd5b5ee94ef2dcf0da3acea78c60111,0.010553017142228782,11,4249623.0,25,4,6
9cd96dc59abf435d35f07f996d3a34e5,0.08632935071364045,9,8198098.0,6,6,7
9cf3bd7ad6f99ed6016951375c74df7e,0.008502500131726265,1,28405304.0,1,,
9d2c13a45b031978776fc4fcb1562046,0.015760018432047218,12,4806842.0,461,13,1
9d3237e9b2fa58dffc0bf5e7e91ea893,0.023435622453689575,1,20717.0,11,2,1
9d67dba49e6c0081d4fe63cbc61ea862,0.0011387146078050137,3,3735527.0,800,31,2
9d90311ea46addbca4d5d29e7fea46c7,0.006980821490287781,1,50153.0,27,3,6
9d9d36ba246bcbe2bfba2252e5bf721a,0.02679860219359398,2,2005314.0,19,,
9da5897fcd7977218f689ac129c708b4,0.002396430994849652,5,873521.0,34,10,5
9dc0e7df6cb25767f19fd35bae751704,0.2656917870044708,3,93101.0,2,1,3
9de8e03886432227a78e059358aa3399,0.028524624300189316,8,280047.0,81,4,1
9e13ca008a23cb623487778b225131af,0.0387356376304524,112,22270.0,8,2,0
9e2cf7126ff182f16a48fb876aa96ecf,0.08715662825852633,70,22007511.0,166,4,0
9e32fd0ccb915f828e299eea1eb5f0b2,0.22856534086167812,7,608340.0,96,5,6
9e4645f3e9435d3942db7c83907334f3,0.033147850510431454,78,1253825.0,450,15,9
9e50360d35ed246fe9f4795a33f19590,0.07117458805441856,2,7060.0,2,1,7
9e50be8f285078e0711e33579b607bc9,0.01597844623029232,1,302.0,1,1,1
9e51331afb74f95e3b60f8f6b550b284,0.006616279482841492,3,6965164.0,1294,33,0
9e8537714220492e03721a9601d7f355,0.16108329594135284,1,1897062.0,124,8,2
9e9441144731255a0b21568074cbb453,0.32680661976337433,8,2355857.0,142,8,9
9ea8352ba208103a81ee3ad393df7290,0.12034111004322767,8,1602.0,1,1,2
9eb3aac1bced88d320b95b63f849ca8f,0.09583340771496296,8,4162447.0,130,20,5
9eb5795c859308211b89ed30776021ca,0.03038079896941781,18,1453890.0,291,4,2
9ec03ef1a1895e3eace3a2360060360b,0.03136431472375989,6,565763.0,45,3,6
9ed0cf611fc75589370185c29885a9fa,0.27826565597206354,19,205625.0,26,4,0
9eefb4682f74e46d324a42bb841ee890,0.15862883999943733,4,24154994.0,32,13,0
9efd2a3b110c87cd227fc348413f5657,0.1241666788700968,47,15791818.0,276,9,0
9efdd5972e9cabecb6edc9ca2f3550ff,0.0209113999735564,7,3755.0,1,1,4
9f0f33b5418a319a077b8c561cfa0177,0.03613212250638753,95,1124058.0,187,9,7
9f2678d8c2b349394baa38bf8fdeb507,0.15972070395946503,2,32208.0,10,2,7
9f2a8c3b8f04d3280d6796f67e85a096,0.030820365413092077,23,19616006.0,38,7,4
9f2d85c89d1036ce19c156f9428297ee,0.007565454987343401,7,1701373.0,140,5,0
9f44efcb0cfb243b423001decbdfb51f,0.08274145028553903,19,15675.0,3,2,2
9f5135ad93748769ad3f7085b54c92ae,0.21085301926359534,17,1520.0,3,1,2
9f56979b7e638ee18155ee0a7ada31c4,0.059284143266268075,30,4285642.0,23,2,5
9f8da62996afa226aeed4f542674b88b,0.009999999776482582,1,846128.0,117,8,2
9f8edb06bfa39bd1de2ce1337a56cdcf,0.577352138236165,31,4149894.0,191,21,0
9f9463a5e5bc3f6c136200d2ac71b737,0.03053609561175108,2,12019.0,7,2,4
9fa66d17313e3d6d415c01443e19dbfe,0.8416683226823807,15,159732.0,6,2,0
9fa9bfbadf391cf7e96caefd8c492253,0.009999999776482582,1,4766052.0,234,12,9
9fba813afc9b0eff05171ebe47e2720b,0.034129364881664515,4,5727.0,1,1,5
9ffdebf8f2b246995fe9ef079e1092e6,0.06781776365824044,10,3735979.0,513,13,4
A1660A01089A4051964D90A78C76BE9E,0.0007418621778488158,1,1740223168.0,20,1,4
A1CBD26FE5EE429F845A71BC5ACF9760,0.10613171339035034,12,6958792485.0,45,3,1
A1CFA9755CA243429CEEFF15A06D3126,0.17775990154266355,3,166601.0,44,3,1
A2211FEEC6B044F28F4FC6176EBD7466,0.114690185546875,1,22625186115.0,77,3,7
A234FE1682CF451B8917B5F05A14FF73,0.02838340282440186,2,1740889244.0,21,2,3
A2A83A132A2145E18E465812A333740A,0.03824433898925781,1,268.0,2,1,4
A302403576804C1085D85A292FBA632D,0.6588981018066407,3,75793182162.0,58,6,2
A39761E6B49947AAAD2C75ACC10F8B7B,1.4759798736572267,25,5165737658.0,855,28,9
A45BA9A54E124B87940A5B543C57F994,0.03819048491947938,7,18581.0,3,2,0
A516B49CD4144584B0FE2A5B20D684D4,0.03581393814086914,1,527465.0,156,6,1
A5234D5A688145D3B0DB966451EE02D3,0.046448607538223274,4,1728106699.0,533,6,2
A5C371379E464F53B31C5D8F5CC9B9A2,0.14190517761547852,6,12174449668.0,145,5,2
A6A07F6E0563465BB0EEEB1EED9935CD,0.050621778488159186,3,1740834711.0,8,2,2
A778A97E87C1405FB2D76A2FD78A3FCB,0.2015463618656397,4,1734148123.0,9,1,6
A7A0682A55C641BCA9E928BB0F516CC8,0.002889403,1,6936600798.0,267,9,2
A7F2805ADFFF4D79B403677E12BFCBE5,0.05,1,1741967586.0,6,9,8
A81FB749D5A045BF874033CAD83F1666,0.08228244123474124,4,3481478088.0,6,2,1
A84623904D3B4BE59313815790F6AE51,0.03778497934440995,15,600650.0,148,4,5
A8CA6ACDBDEF4BBB80F4E445D12434D2,1.1637936255734265,48,161811222187.0,48,3,4
A8F1E41F03324A48876926C3B589C962,0.0712498001314087,5,22609240421.0,180,6,5
A91A8C3A549643B3909463AEDEDB605C,0.033397569656372056,2,1713110789.0,279,5,6
A9B73F1A3A984B9AA50A4A28CCB30634,0.004238623619079592,1,64285062452.0,277,9,6
AAC19A76648046E1B1B43D33795D87FB,0.1760833,1,310.0,1,1,1
AB28E319DA8747538B2B26523FEAA8CE,0.3438829994201661,5,43262.0,15,2,5
AB9807C68E7540419762920206A35716,0.03840963404464722,2,1728971748.0,51,3,6
AC0035077E764BE08FDD64B658C55C86,0.020779101098780152,22,17367984051.0,457,6,6
AC5CD74E36824CBB84BA4DB85F0B3F41,0.013037629357528687,6,133276827401.0,579,23,9
AD8319FAFDDC497A870BC8C24CA29448,0.37249541214084636,62,12172136966.0,92,4,5
ADCA4E9A2810461D9B0E878564726945,0.01670487213134766,1,1712443705.0,394,20,2
AEFDCAFCAEFA4964A7EB4C59F1C8303F,0.16325988361700586,31,3460373662.0,365,8,9
AF01B75BD33B4E37BFC9DACE981A5CD9,0.1285145571274758,1,65002.0,3,1,6
AF21E48A2E8248458D55AE4A09FBBEE5,0.046182383594512946,9,95637215072.0,153,7,8
AFA502FDF21F4D47B64B53D21C1B6DA3,0.011930373399856569,3,1736486019.0,172,6,1
AFCEDF1764894E2582C2C86841CA2F82,0.002431938886642457,1,1740163897.0,28,3,2
B02BDA942E824A95BF8092197E369B2E,0.1414669036865235,1,280.0,1,,
B045EC6BF2914968BC765C18DC1AD49D,0.0510660994414091,5,1740920308.0,43,3,5
B082000600704136855B2E291004B563,0.37758724212646494,5,2899325.0,137,7,3
B1B54398F8134DC3A7EDDB0D5DCCAB68,0.17408389782446623,25,30988712775.0,593,25,3
B239F0286B484720A8E7ADB3E07DA689,0.021597774267196654,7,1825223288214.0,1271,51,3
B30AEC11872F472C88DCD7DA4784AFAE,0.17774155989694598,19,1740864548.0,20,2,9
B358625615DB4B7A9F0573A800C52B63,0.14532192502969743,20,12183044602.0,16,2,8
B45DFC3B24DE4420ADCFB55213B84465,0.13957093482158153,33,1738859538.0,407,21,3
B4AC340655E54F7E8141DCB454F3AFBC,0.1022261522682124,132,72877038355.0,1398,10,4
B610F2B9F0AB48AB88C548DA4878F250,0.03110451126098634,1,8702259953.0,5,1,7
B685B764981D49D88BBBBF327D5EEFC5,0.043125,1,23966013036.0,15,5,2
B73497E6063B46CB9F2796DA72B30A8D,0.06424666191101072,4,1740727316.0,12,2,4
B73955EAC8D14858ABC5BE09691C6EC0,0.10886195945739748,8,52182379094.0,90,5,9
B7A62ADA4C8445308E0DC731A8A8A75A,0.04075008601731062,5,107869887451.0,109,6,0
B7AEDBA9311F4F06AF3623DD21A05503,0.09119278698923661,52,8674375146.0,474,14,5
B836BF7892B44577957FB3F3580A7D5E,0.130353,1,3481190924.0,5,1,9
BA29097B39474A03A65F10892E67B3F2,0.0051440954208374,1,88707107173.0,108,5,2
BB46EDEC45084FC39E87C0C13ED7A044,0.01306767272949219,1,2348313.0,223,9,4
BB80ED2615BE4374857C68B101FE8B34,0.06627054222893716,3,20832617322.0,92,5,2
BB844F130D854144AE957582614A1D66,0.09075475551623106,11,6960175208.0,98,3,2
BBA8E4C1942F4E97B303A22A7D080824,0.008521126508712767,2,24359658607.0,74,3,2
BBE81FA31249439A853A481882C55186,0.25,1,34717798365.0,1052,15,1
BCE59D215C954B968E5614AC3C9A39DC,0.007160323619842529,1,1610.0,1,1,3
BD3DE90F040043CA86C60D4474A28DC8,0.07185120582580568,2,262721727500.0,131,3,4
BDEE74523BF241A581AB8C8EF83FFA75,0.2693175119473934,33,1739931284.0,192,11,3
BE35E88A3BEC4AF2BECE7085C64C8683,0.3310567207336426,15,14917.0,4,2,2
BF091698CFD7466582D1ABFCCADB52E8,0.00908760025471449,2,13908621261.0,154,6,3
BF68CB492A124D9B854FD05FE32365AD,0.5084086152783035,54,62519050337.0,447,14,0
C012CC7E55D64028B84A06CCF8585DAE,0.1695299750641479,19,10375252988.0,727,14,0
C0506036F0F043D4B396EFBC3C458761,0.014017105067663196,3,32959604313.0,427,8,6
C0936D216DD5474D934EC0635D3A9117,0.021293845653533934,3,13896587163.0,432,14,9
C21A634B981D41E6927A221B80F9C184,0.007092500000000003,1,384.0,1,1,1
C21A7952A79E4918A19FFC30804ADA1F,0.006941674112379549,3,26050111940.0,176,6,4
C27D4BBF8D064F7F9E57DB2FF1DD28FB,0.05784781707763672,10,677253.0,45,2,0
C2846EB963B4492E9B6B89C823452A3D,0.02526866912841797,1,16793.0,12,2,3
C2C1A403FD3946B3B10ECFDD0B4DFC1B,0.008352883720930234,1,2655835.0,1,1,1
C2F11446BC0A410789AD8BF9D1FC42CF,0.0273269805908203,1,227.0,1,1,1
C3191B48D5A0472BA5F52480331BFA0C,0.07950265959609407,73,50216137637.0,392,15,8
C3822F7DD3B34B7EA7BC0CDC15A06B95,0.04624585320846199,14,354256.0,63,3,8
C3954D31624B43BF92F7CA33AEF4F446,0.207581233920882,14,1738486951.0,101,5,5
C3A77064AC2148E7B2DA6CA884582C3B,0.14132380485534674,4,3481719796.0,3,1,6
C5699B357A47416DB121A34FC29E5FB6,0.025795502185821533,3,17398411406.0,114,6,1
C685E68EA3D14AC19A22219C6028CAAD,0.08386355590820313,1,208358262348.0,197,7,5
C6E771CE3ACC43DBAAF80EF6F1F8D98B,0.02874022456049919,4,10213.0,5,1,5
C7244781B4074872AC83FCBD9DF1D04F,0.14544985060685872,8,17352188620.0,11,2,6
C74009CB5D6143DF8AA047C8D16FA344,0.06708641109019517,4,8686321761.0,220,10,1
C74B4CC677524280BFF28EEB735F262C,0.08607660102844239,3,4146.0,3,1,6
C74F6C50C3DB4A0F966B926CAFA72925,0.02138494437491894,8,147676840515.0,259,12,6
C7D75B0ECF9E429BB3B5600485120D75,0.05037985420227053,2,95021.0,17,2,5
C7E1A709261C4741874A0E25BC48F167,0.015956816883087158,3,154003160876.0,1206,29,3
C872679C674A457DB7321AD6CF541B4F,0.1703513641357422,2,682.0,2,1,1
C8CA843D12254B30AAFB64089BDE0001,0.15884130612316136,47,125276.0,38,4,3
C95E7B6A180E48479E642B1FDE39DC3B,0.5148718391601562,2,13697914016.0,7,6,7
CA46AF84D9E04E76ABE7D8F0E2E47DD0,0.018607565879821777,3,17281473983.0,490,19,2
CA860D5EA5A24A79A7342C49EDC86572,0.017519950766765595,6,226234.0,76,5,1
CAFEB5C52D29452D9D53FB794653353A,0.03281518098831177,6,85051552473.0,383,9,0
CB17DA9D9A824799A8B1E88AABA6A68F,0.008405458999999999,1,3478621148.0,121,3,9
CB9C59BCCC134F0BA74C4409DD792908,0.24036353921909784,63,13889395672.0,278,9,8
CC12922AA6D64F6E8C8CC06E70B9B727,0.05,1,44091.0,5,1,4
CC153539EBA9481CAEF5D42F35664FE5,0.08353199605277074,9,20634695858.0,1284,32,3
CD892AC306654705894CF16E184D8B28,0.04045049873058319,15,59038636866.0,348,10,6
CE04126D9ADA4F949639F6451C873BA4,0.13165230083465573,12,13909341631.0,33,5,4
CE0BF7F5EF0840E58BA6422936C14C9B,0.35076184545540806,13,15624248494.0,18,1,5
CE84AD51C0FF42CBA3C9DBB9E3A38D53,0.6528068164188863,25,6963561885.0,3,1,6
CE8E65291DE14BABA87659E411026935,0.04096400507277251,19,3477426029.0,230,3,0
CEC87CBB88DD47ED872080B819FA8909,0.01185802841186523,1,17396901924.0,91,6,5
CF51FB6D9CCE4379836F2A25C7CD7201,0.11389771652221681,3,3480957655.0,66,3,1
CF9DE924C27F4CC0AD59C7A2EDF60FB7,0.01083814907073975,1,86837999412.0,476,11,1
CFB4195BAE624EEA9C2834317AB8C573,0.01704684448242188,1,388702420906.0,7,,
CFEF2208592E4D7B8ABB181C903B6FCE,0.07527259472431756,8,3639.0,2,1,6
D06E541149774A50A8C27FAACD875F9B,0.021602883645176887,8,8654659041.0,591,12,3
D150E2594A86480AAE60066A9A4879EB,0.046593259871721075,18,17271074471.0,969,21,7
D1D492F55963454096809AF14461079D,0.3505538116246461,4,24332758967.0,118,9,9
D1DFD9B211074D6B8E2BE96B8A5D80E7,0.355518030166626,9,7432.0,4,1,8
D228F417256B416EA6EBC42531B6F781,0.3313706131204018,49,24349687156.0,28,9,3
D275BC028A234761839AEE0335C5E073,0.019326699135243892,2,8669411066.0,159,7,5
D282E8AFB06D4F6785E0CE258D710252,0.08299645987391471,6,17393853185.0,189,7,0
D2EA6CC143514DC2B8429831AF15D8DD,0.054164646168231974,3,51008.0,24,2,9
D43507BDCF46408B8CA90BC808B619D9,0.0763998107910156,5,8644954826.0,104,8,7
D46DB5F2D32E4419A41A38932695AD7E,0.06695640373229982,2,19144107816.0,15,2,7
D495EC89E40349FDB9CEF0BA27F76835,0.09984260749816894,5,1740392944.0,24,2,0
D49A39F32BC24DDB9EAA339CB4A504B2,0.12750325142848493,6,1560.0,2,1,4
D4AE3AEB97C343AEBB1C38F3D2888197,0.01,1,114680119373.0,282,7,3
D5D1C8C8A2224C9AB366788441CABD24,0.23535846833837898,20,1738518215.0,26,2,1
D5FA1386B3D849B6A82FC6D7C585F272,0.01405595016479492,1,10442582053.0,24,3,3
D68E87E59FFC49E5A02BFF3A0EE9AB8A,0.036064973831176766,3,83257850976.0,809,10,1
D6F5A2FB99034D9B8DA9731A6EAEF416,0.0773307704925537,5,13917353201.0,11,2,1
D7377DBFE0A24933BFEB3BE6847C0903,0.07365997051452494,15,5202616426.0,57,9,1
D762EF40BF6F4427AC597E8C5253291F,0.7120870208740233,4,5220896671.0,28,3,6
D7899EE6FBB34F8188BEB66B3B06FCA8,0.18557976341781615,27,128182724639.0,805,18,6
D78CF453AABD4A0A93F08B8141B2EB74,0.07592933714961757,10,40023143827.0,82,4,6
D7EFF7B42FE14DBDAC01E14DA5C8F100,0.12362721373724934,6,1548.0,1,1,2
D80D43D57D2442C9866E379650CD79CE,0.02654467868804932,2,6961338112.0,15,4,5
D8ADCC31475547CCBCFF26A41DEDAB35,0.021005696067962647,8,114199350168.0,842,17,4
D8FB8E4585ED407C87C15B1069522265,0.3777820511933829,4,5217917780.0,3,2,2
D98A7F52677E4021B595D1D3208C9C3C,0.21847078245288087,13,1740785034.0,4,1,3
D9B9BB6406C14BF99C2CE9146A921988,0.28257006852195743,79,1740792634.0,5,2,9
DA98AA7B09A84BFC89610DF78EA7A0DA,0.02575627899169922,1,3219.0,1,1,9
DABD64010C67477881E9048556F60DD3,0.012917066969844819,10,13892693865.0,599,18,9
DAE1851BEAE84D1396767F78B56FF4B4,0.03131745390692143,27,2060388.0,438,10,0
DC263C227054497CA74DEEAFC2FFCD96,0.02870011901855469,1,222818.0,6,2,0
DC76676822BF452C9EEBD6354A39396A,0.08473642447700502,23,17392652334.0,92,4,0
DDF46728A2804DC882F39099DB879BA2,0.02953123961019516,3,10416306491.0,415,9,7
DE86662822DD484591B6E3387360836B,0.15872167047390368,70,8675483019.0,403,17,6
DF1D802697E244E08893BD12CB338FA2,0.05,1,1736221844.0,152,5,6
DF450524DD094E1C985BFFFA1AD19C8C,0.020061579704284672,4,3480933096.0,19,3,2
DF7E72EB6DAE4E47BA7588A2FD7DD5A8,0.10657277297973633,2,386.0,1,,
DFCF79BC62454AB4A68CD7806C76DA88,0.10214980101808976,12,119607275588.0,626,5,1
E068283F0C6642EAA470892E5B7D8784,0.17049533615894033,40,1736774281.0,448,3,6
E06E94F6FEC54B82B9761BFFA3C64E67,1.8765219002571807,74,5222575629.0,3,2,0
E1AF952E5FA844BBB75A25981D143ACD,0.01324897003173828,1,1740537615.0,3,1,7
E23AD5640DD44FD9A5F8537EB36EA07C,0.02883211898803712,1,231182035755.0,1125,28,3
E27C97BA231A4120A035127F4C863C9D,0.0101995964050293,1,1165.0,3,1,1
E2C7D5C942CD4E3F87A2EE4CED38B14E,0.002741015195846558,1,33045239182.0,139,8,4
E2E239B2FDD9436DA21B7A8FE9AEF507,0.021073331723690032,2,543089.0,184,5,7
E2FED741D1D24F8EA6FCA3B80818CA52,0.03401428333926203,1,33066135911.0,59,3,0
E35B2F2F295A4EFC911B879ABE9D791E,0.22408252070158718,6,45196.0,2,1,3
E39CB85EEC654693B1DB88A9C54799DE,2.347314971923828,7,64660.0,27,2,3
E3A05678C739459D80DB0124DF78F59A,0.06966688146217448,30,1738781472.0,173,7,1
E3D41726E51C42D8AB51E4E582A724FB,0.0999802753829956,6,4721891.0,90,4,1
E439BC78323C4E18B4BC5B9F3D84CAA4,0.07224215854883574,54,3473109361.0,152,9,2
E477ED199AD84F07B4860EF8D257592E,0.01050960093963147,1,19326.0,22,4,2
E498B05DACDD4F45B78CE4869C3193C0,0.07640517234802247,14,1740864318.0,9,1,6
E61C7473FF974F3B8D386B5F8BB5B599,0.001996782302856445,1,112739819238.0,356,8,5
E64A4216A1EC4E5487FE84CB4FEF9177,0.005992800089299679,1,2510241.0,575,10,3
E7CC5F9A4E0E44ED98A29C9ADCB2B9F8,0.1822594166385445,83,78567.0,19,3,4
E9453E05AF084DF0B05A47A743FBB783,0.009512605667114257,1,19144234207.0,53,6,1
E9847F446E3E4A49A437F07EF1128D02,0.02269113223190308,5,3440989335.0,1011,32,6
EBCC0B629A15488ABA2B9D013C7D7540,0.10524478340148927,4,92051522924.0,343,8,0
EC82ACE4DDF64877B586A8F54EFC561C,0.2246528405189514,6,2687.0,2,1,3
EC886B366C3645D3A651D729F6A00330,0.020656342926025393,3,174586.0,56,2,7
ECB045D460AB4F6782E1392357C86DCD,0.019705299910604955,17,1709050.0,231,11,0
ED1228776BAE4101B7F194DEE83D016F,0.01036538600921631,1,1740300031.0,19,2,3
ED1F15B55A464569825FB37E2FABB9E4,0.3314577454376221,16,185026.0,22,3,1
ED5A8ACF8CFF47A781CE33CE41781F12,0.006466006000000002,1,15658225046.0,26,1,9
EDD2A05FB56E45B699B95ED22B7EB52F,0.07718088759660721,9,176841.0,10,2,8
EDEA7815E31148C8ABEAAA1B81C9550A,0.005,1,10259185276.0,282,26,0
EDF8567898594CF6989E3B2F0CCFF03F,0.11042842292785646,10,1740608911.0,40,3,6
EEA4EC4C75684E8292046EBC55B6DC4F,0.13771212832462884,11,1740594416.0,32,2,6
EF6F06B7C99C4F16B0543A7C39A1220C,0.2638360873203721,31,5213250383.0,247,8,0
F138E1CFE8B94FC396B208E5DF917852,0.08009701717767335,9,2628.0,1,1,4
F13AA875A7644BDF8CD1E79046BDB426,0.12441915114331346,143,246140150621.0,1412,31,4
F1F4BF4D12F04491BF95A8AD86177D2D,0.011714221477508543,2,146076.0,23,2,8
F2318983F4E4472EA86858FE08CBF067,0.01198433971405029,1,239510773475.0,349,6,9
F278A057234A4552BCB763FB543054B0,0.1758858773261309,12,3481543761.0,1,1,8
F2C64A091CC146489DF7585B1A26E492,0.07844099617004394,4,244391.0,25,3,0
F2FE3C31A9DF4B3EAF91E011F1F323CA,1.1209956463241577,65,3480376679.0,133,9,1
F30D5A4490534937B5BD3CEA8F513C9B,0.15557255830814268,13,15574448838.0,696,6,9
F31868C1354A49AA97D88913A35F72AD,0.24640072327319337,4,823.0,1,1,2
F3520D85ABD24093BFFC33F9672AE868,0.06974868965148924,4,90393246176.0,645,5,0
F3C180AEF52C4883B8BC4F653459966B,0.012527679593205453,2,45226510427.0,135,6,0
F3D3A7DB63D64D12A7F2EA75776BD589,0.06503211879730224,11,17137.0,8,2,0
F447E615049141749C6F05E1CD790ED2,0.08916914749145508,2,12173508449.0,134,3,6
F495FF3FC32944E182A9BF84D48E8D79,0.060040866737365715,4,76590341748.0,15,3,1
F4C53FF15DA24E859BAF957135269D2F,0.09903896045684818,7,118491.0,30,3,0
F5990B88A9B04091861E99C24A83F148,0.06333046150207519,4,38291774150.0,21,2,8
F63402F7BAD34C75AB25663722A5CC13,0.05962641570698549,17,4307092.0,188,15,0
F65CD483876947D780D00B1CEDE487D4,0.03840926361083983,1,243180.0,179,3,8
F782444EDD85434E84681A714E1A6989,0.02712176513671875,1,24071.0,7,1,6
F79F08C11F964E77AE7DA150F5D78258,2.346392268526612,33,5209774674.0,25,2,7
F7AAAA9ADC234B1487ADB0447059A967,0.02685005569458009,1,5008.0,4,2,0
F80C425F85C9475C873376976E72668E,0.05,1,3476964553.0,230,7,4
F891D3C677074D228C055A44333BB125,0.012547793,1,5218025202.0,48,3,0
F9709F609C0A4BAF96CF7696499E650C,0.2705269451141358,13,1736361101.0,157,5,9
FA1EEBEF767E4CEA95A142D795747F6F,0.00480662250518799,1,27813138884.0,105,6,1
FA7B303769C7421AA92A88B243E06BC6,0.08143193168640137,8,36426.0,8,2,9
FB5E488719E948B3817D6A4A9C5D96BE,0.002475929021835327,1,46981809628.0,71,3,4
FBDBE1E655E043F68F95E05254D00AA3,0.1856004971212149,26,6886860213.0,266,6,0
FC92E1F50AE54A20BF4FBB5066DA5BF1,0.02373260016447306,2,34805957092.0,72,3,1
FCDE13A60258498889BD324947B0289A,0.01147167916083336,1,24016.0,11,2,3
FD75C3B689B04E74A7473A09666090A9,0.020218040943145756,6,1740129023.0,43,5,5
FD9931608A0A4BEDB3EEADD4309EBF39,0.09605073903250695,15,57181155895.0,820,19,4
FE7C0BC4DC7349C1AD326D6C41F3012C,0.13638054689644816,24,8674910014.0,384,10,3
FF8A653811A5449BB3C9B9AF45D1E18D,0.49102423749077323,26,573586.0,51,3,3
FFCFD97392954838BE53784AB6B40680,0.1258268318405399,23,1332755.0,385,14,2
a0124783e185fdba5d45ebe00466ca01,0.01077643409371376,1,255758.0,30,4,4
a02af4a92e99ac4bdf6d037c5baa5001,0.1332315014442429,52,4351371.0,959,32,6
a03c11668c3a5e0e8cc0ba72382440db,0.05164956022053957,14,1023831.0,165,6,1
a04145caf5bf669fab0a09b64f70a6a5,0.43743231520056725,45,128483.0,17,3,2
a042fc67712ed9bfba9cff868601f5fc,0.006929239345481619,9,2096181.0,534,8,6
a0441664c92acfc2db2959d29823e4c8,0.08558623329736292,23,1510113.0,420,10,7
a04bc1d9e86afee4edbbbf120dcfbcfd,0.06456999969668686,16,4225100.0,577,11,7
a061a39f34ce78a218c78275d4ab65b7,0.16103465273045003,72,199881.0,38,4,4
a06473b96e796c7116883847f8292341,0.015738260000944138,1,1433.0,1,1,2
a065a615b4ff107708520d29f804275b,0.28754034568555653,49,2887890.0,825,12,7
a06797a6b29bad83ef59fcb44dee272f,0.011643380101304501,13,1928885.0,219,7,1
a07f347ea58fefcd64df66f569fad47a,0.005363373988075182,15,5090783.0,564,14,7
a0905dbdd16c1fe7b34fc162c8a8bb15,0.01990379742346704,4,186619.0,41,2,6
a0a035c5c0987790e8bb88e59a8a6d77,0.17618496529757977,5,384269.0,32,3,4
a0a2f789aa4c0c210ad7f15abbfc2135,0.5553701594471931,4,1580747.0,91,6,2
a0a675bf2c53df60de7e76f5b0bcc5fc,0.021296835504472256,2,117855.0,28,1,6
a0adfe18023a48c81a3ceeb97dad6433,0.19299548858543858,72,3635588.0,453,27,5
a0b7fd03e3fabdeb65bfe3b3d5d609bc,1.5307095116004348,66,1677755.0,425,8,5
a0d2b6620f5bb026a04c92dbc903471a,0.00220620003528893,1,356872.0,27,2,7
a0f5eab41b5db8c9df032c9a877e9164,0.016024410258978605,3,4049290.0,492,22,9
a0f859f793453d94dce36a583a1a8c58,0.04055009223520756,2,408959.0,42,4,3
a103990e75cea79c763c59647647b155,0.009509918163530529,8,4411908.0,184,4,4
a108cd3ca89ce70f8f3e6645b2fa30a9,0.09561994671821594,3,7976170.0,1,,
a119c9146e5bec2ee61662e7c28fbfb4,0.018721872940659523,1,4135120.0,1013,27,3
a11e31e2737af0f39d1785bfe462b51e,0.04219168983399868,2,11020.0,4,2,5
a12e6e64d9143f1f1702bff2b5f03777,0.07108746201265603,32,1486437.0,242,3,5
a165d62641a56c865f89f98858dd33a9,0.00599817227339372,9,215696.0,27,3,0
a168701fb5a17f8de09284ff05251c24,0.22556077758781612,22,275277.0,50,3,8
a17e8ef218095000734bd73ce80455a6,0.013301688333740458,41,264780.0,77,6,2
a18e8b785d2349f101b35e0c1966c1b1,0.0004980019584763795,3,3545497.0,513,14,6
a1a89b38ba738d1cb55b3c29e846e638,0.010796942748129368,6,2021353.0,264,7,7
a1a999c4a6b8c17984fe6dced775caf8,0.03499648766592145,4,2969.0,1,1,8
a1ab95471e5a05b4b74124cc547da3d6,0.09263431513682008,10,525305.0,106,5,7
a1b63055e76755be7ab071341625e834,0.1534615778364241,16,431757.0,81,4,1
a1be0ff443269e78500dc495ac620406,0.16560620069503784,7,13155549.0,58,7,2
a1be84f5d84f49c4870cb988d7fcf59f,0.00035673170350492,1,2708618.0,376,11,6
a1c02c291e5b51ebd2a850edcc320256,0.03655020450241864,8,13406.0,13,2,0
a1d1d02261b27e9203b2d095c92b13a7,0.021740201860666275,1,693865.0,145,7,4
a1dd65fcc72dd192fadc15d837fda383,0.06239570677280426,2,990.0,1,1,2
a2052e9b13a8951eba250ba5c472b807,0.020692426711320877,1,1978596.0,109,4,9
a218b75632d7d41c9a9eccfaa8eda4d8,0.10080055077560246,47,251535.0,120,6,9
a23006a55314731bf112a11d58c27a12,0.005390137434005737,2,89055.0,24,3,1
a23655f4c49b2729d74c1b7dad6c88f0,0.10000000149011612,1,31120827.0,4,2,3
a243db77ea85ca25fa1af59b49852fb9,0.1346212960779667,19,900528.0,148,4,9
a27cc0950f0d4fe8c28989154a173112,0.0907125473022461,1,12863.0,12,2,1
a28854e5c5db033df29fa1c4afe54e90,0.013543934212066233,8,201743.0,47,3,3
a28e434584d3e0ad396a5963e8572600,0.23604878969490528,22,597674.0,109,4,8
a2a1a7b727fff39178a6d09f24552635,0.022106609685579315,41,3691795.0,1016,20,5
a2a6f11ce12ed5c400398b07b82220f1,0.007523178122937679,7,2917031.0,119,6,8
a2aebacd1dc1f6e16faad0481f4c640b,0.030469467863440514,1,1910.0,4,1,3
a2b512eb489279152295a512ce68c442,0.03562616719864309,9,2164068.0,102,5,6
a2ccb8afaa593f95607d0339ee8f101e,0.17241241573356092,23,4739595.0,57,17,7
a2d0cd6c26f6f44d4f24ede2e9e2cc8d,0.11618625978007913,10,1961325.0,123,5,2
a31524abd7d370c05fac4b506b8f5441,1.7531787157058716,2,17952850.0,28,9,4
a32da6281f5eac89c5797d8a4715c757,0.05659897904843092,8,3704678.0,500,9,7
a3362404e93ef00aa1e9be719539c148,0.0458282046020031,2,2170278.0,261,7,5
a33d51539736c0eb70592c56b73b2536,0.0038486578851006925,5,614479.0,151,6,5
a348ed2f0b1aee540e3035d3c5eaf4e3,0.007032318972051144,2,9838061.0,634,22,8
a365c149993c660839fbbd6f7b776b29,0.03402105160057545,4,119817.0,22,3,0
a3741805d3bffe5bba7a2c3a62171bfc,0.013765561394393444,2,804.0,1,1,2
a392a2f882aae2b3159fe2288e116253,0.026865972205996513,2,6382788.0,65,6,6
a39a05d27ae0eece23ff53c4b9804c25,0.7898482978343964,4,763628.0,76,3,3
a39b4b4b6b4415d3628eb6428c6dcbb2,0.8751796931028366,4,91706.0,3,2,0
a3bc8b769d79298a008078b82a20f2eb,2.3283567586913705,85,120065.0,39,5,2
a3c378e743d8fe6e5ca2e640c9606dbb,0.24160385588766076,145,1171688.0,194,12,5
a4270b6d27d9643d358744678ef8e3cb,2.034872382879257,6,9163836.0,29,3,2
a4281a535bedc2eaf4541791a4cba32a,0.004666289314627647,2,894556.0,223,4,0
a436eeb689942809167e9d092430c1b6,0.2851758971810341,6,585132.0,44,3,2
a44b278c32321274f2ce72cee0647d75,0.04910699278116226,12,1673493.0,207,5,0
a467bc85bd261149ea9c6bbc3b123a05,0.05267658527009189,11,11641.0,7,2,1
a49b86cb9e779efaa90bd8904d596b45,0.06400000303983688,4,2308.0,4,2,1
a4b674b697f074a699a1bc453744b376,0.0903295804746449,15,1427049.0,426,10,7
a4b8e0c51c632bc5c3e9c956fa1512c9,0.139116486068815,28,93273.0,5,2,4
a4e3853336e8c83167f9180e92de8b09,0.01409342885017395,7,27582399.0,85,7,5
a4e6f24fca4d49bb6a8f76c22cca2e35,0.21929679985623807,24,5650806.0,1406,40,5
a4f220fcd4a0d351f1d1e6992808de2c,0.020339325070381165,2,3743.0,5,1,9
a4f52538198403d59b771c75107943aa,0.003921080031432211,2,845997.0,54,3,5
a5274dc7108623c2c65779f332295670,0.19979460816830397,12,449836.0,41,3,2
a531e80a7c74b2d02134a28ce184ef19,0.4401473104953766,1,112522.0,13,2,6
a5352437177882322ca8287eaa7e9617,0.09214880829676986,15,216070.0,64,4,5
a541809b8dc16298e0cedd2de570324d,0.04953928478062153,2,425960.0,131,4,8
a54bc901b94db908f48b5dd855d4fddb,0.05522883962839842,4,76700.0,22,3,1
a54cad12acbb827c7daa80ae92887f75,0.002063384046778083,2,3570428.0,185,8,4
a567a6864eb6b5ca83b2be99d862ade0,0.04807474836707115,1,290.0,1,1,1
a56815cb78bc96c9dfa225764ca18c9b,0.003138030064292252,2,132656.0,25,5,2
a5b6cc0e618c5236e5afec8ca39b97c0,0.26485445722937584,5,2584083.0,1,,
a5c1472e939a0c897f0e54b80ad6c16f,0.016629954567179084,7,6729266.0,353,13,0
a5c1e6c36828d7a21a98b91fa08422d6,0.012342396657913923,2,7878395.0,832,30,0
a5e11431d3da082ab4182fa8c513c1fd,0.048564791679382324,2,270718.0,94,4,9
a5e8ac74fd7c04a85b0dbf165c1a3230,0.041250215319450945,58,28701582.0,228,11,3
a5e9adfd8b444066efc31ec2d9c5eee9,2.054015349596739,42,880862.0,210,12,7
a5f587eb2e5d635077acbdf5bbca0ba7,0.5320134181529284,14,1150058.0,72,3,1
a5f9f999bf30808e6eefda2466bc0559,0.027758733660448343,20,1307753.0,298,4,2
a5fdca84a8cb5da85056fa27dc73d1eb,0.01761464955052361,21,435377.0,122,4,5
a613d071356e37a5b748ce416ea61482,0.009949975879862905,3,5884.0,3,1,5
a618c9020dee9f253e3e7fde206aa820,0.12527200300246477,16,638120.0,78,2,9
a61f835eea9b596496bd3761cdf2a2bf,0.05171106511261314,11,672311.0,237,7,6
a6251bcaea39227717f1fa3e0f202c11,0.016432763542979956,2,3823142.0,799,12,9
a629a00d312773fba9392ce86b7a5f68,0.06377883465029299,22,5789364.0,1841,53,9
a642e74bf8cd36133b7df255b3d50c2b,0.14201968302950263,79,8751604.0,444,11,0
a654089814999f1708f5b49f74740a8b,0.006840819958597422,1,754635.0,161,6,0
a654c5eca9f767a7114acf7b49c6d90b,0.017269339878112078,5,4406747.0,213,8,3
a655692e4dcb50178e185a9fb577d529,4.293471843004227,8,14584969.0,1,,
a6613017f782e8c2d7a94047f89d2b17,0.03683719364926219,5,17251.0,7,2,1
a67f6e200ad69a88633d41f20f0b8d0e,0.09078691434115171,15,26100.0,20,1,7
a68359ec32ae662faecf56c0f3c8ca07,0.005927286576479673,1,7314804.0,1127,37,4
a68b36616d83b1a274ebfdb9f5042a40,0.21293635433539748,13,200886.0,44,4,2
a6c5499b5af49ae2c05d3276b72e3922,0.013375889509916306,3,1014.0,1,1,1
a6ee0ede08bd4ddd4e0ce08196afc400,4.282314121723175,16,3697.0,3,1,4
a7014244df2a79689a273efb6efe18f8,0.0334736667573452,1,26433848.0,3,4,5
a7107e9d829a85928a5f79b446a7724d,0.3170189009979367,22,257572.0,45,3,9
a7177f1e1ff09c4f3680e6792b3db650,0.3350208215415478,11,30729677.0,73,6,6
a72c84426b3c54e5f432efe556d2e29a,0.04825794696807861,6,387258.0,188,5,0
a741a756610e2fc8aac35cb23237b718,0.41456165513955057,26,1515735.0,383,9,5
a7526d8731d43e504899bbdbf8fc527c,0.12874712946359068,42,28000843.0,53,10,6
a75c0bdf638be160d106f75ac6ab78b3,0.09052758663892746,15,1145074.0,99,6,3
a75fcf875ce8d0cbceafa51c100381cb,0.3590301498770714,3,520690.0,44,11,5
a772f0e0780f0edeb4dbf9e2d525c7b8,0.053639162331819534,1,44888.0,26,2,7
a778dad2ecdd5a4f56888d6c92268b25,0.00809623789973557,3,2927.0,2,1,2
a7870df1c8497ed89e55fd39e69862be,0.5097040683031082,4,1246348.0,177,13,6
a78797c9e1437855722b499f12bd15a0,0.01855709496885538,11,1011699.0,222,9,9
a78f601195bbabd89e864122dc259ea9,0.7247875843895599,215,2884781.0,494,16,7
a79d7194a8969c228c26a6f836166ee1,0.17178105283528566,21,3679968.0,14,3,6
a7ab2cae63676f0107c10588e78dad62,0.33374124579131603,12,9686.0,3,1,3
a7ab4ac45dba2d7cb7a5c7015baf144c,0.1334131397306919,9,638371.0,83,3,9
a7b40cbe79593ef5f9b6a3d374347f2b,0.008846466313116252,7,2597156.0,306,4,0
a7bde22775d3db708fc7ebaf629e1e84,0.007622076547704637,4,755879.0,58,3,5
a7caa5124ad642dd069e1a6fb4c6fcb2,0.006501054769614711,8,4599520.0,76,12,7
a7ccb60e33df1a0a4ae26e5f5db2e87b,0.16043179330881685,41,7829.0,8,1,3
a7d3bf4329686dfb6f429ea1bad91386,0.7959744217805564,72,3332893.0,217,8,3
a7dae2a4112f8af2653bbd62bf90b60e,0.029430060647428036,3,982421.0,48,4,9
a7dc2be591809458989b9381844efac3,2.017331911250949,41,38038.0,4,3,4
a7ecd729344827e70384e2ff482f4041,0.14470120996702462,85,527104.0,215,6,1
a7fcb6b7f6bbbbbd74ad394fae5ec20f,0.05527946352958679,1,23771013.0,171,11,9
a827383206ef43d06077377c2acc33ce,0.00903246644884348,2,153076.0,4,1,4
a83d39514b1f664aa064311b1d8ff690,0.11168404296040535,4,129195.0,10,5,6
a847854fff76e777f29752436e6830d1,0.0052210751455277205,2,1600480.0,243,4,0
a84f9def2644cf32e92c9ef39737d052,0.037628838705131784,56,3940971.0,613,19,1
a850fd65e4f2197361714dfe0e2670eb,0.2188480943441391,9,6512766.0,1235,30,5
a862375cbd3ac92436cf400323fc8733,1.920469045639038,1,194393.0,42,4,8
a891be1d91a10ee36fb5b60a60665c39,0.046426117478404194,39,254955.0,53,6,9
a89acd9f164c258aed092c8defa78f99,0.1058172807097435,1,476.0,1,1,1
a8aaa04057fd11f270d755c5fe50c392,0.016107570147141814,10,2480868.0,932,5,1
a8c2876ab370ef1c5465fe2e42a12469,0.0480958663392812,25,109153.0,33,3,0
a8c790b7d7f199bddaa1709053b4d592,1.0546774864196777,1,30484.0,4,1,6
a8c868a723c67a9f620fc078f6d3d1ad,0.025820346549153328,2,17259.0,2,3,0
a8ef7c1ec78dbc7f0fea5ab995efe7f8,4.373550713062286,6,79883.0,42,1,6
a937918919b252d225aa943818aa5347,0.05683946143835783,6,95817.0,2,2,3
a93c02d88ae97daf78266726ec0a955d,0.057542008347809315,5,2479.0,1,1,7
a9407209b3a1c8b73f004284ffb25f69,0.01919708331115544,4,168594.0,19,2,9
a9410b6f404030fb4955457681d775d2,0.023195866495370865,4,19486826.0,18,8,1
a9483955413c547987acef5333650be1,0.010812509572133422,3,19140.0,3,2,4
a9591b0c91032e06f2578755a6e8db4b,0.11636099230963737,52,945885.0,227,6,9
a9718bdeccb47418a8d38ae99259d55c,0.019424661761149764,6,1198220.0,79,6,1
a984a6b7fce684c766036db41b20650b,0.03223163075745106,3,17857.0,7,2,1
a986d1cbca5c52390d3d91c6de7ff843,0.013115283101797104,1,3877502.0,1,,
a988628025b4163b2e3f63fca5dc36f6,0.00046400001156143844,1,7522437.0,1080,32,2
a99ec16af1415d19a09a136d6930c7bd,0.0817565640900284,27,3013.0,4,1,4
a9a9f94a149e613561119fcb18164431,0.0574171282351017,3,1957659.0,294,10,1
a9aa6b5d40207c840332b301ddfeee8f,0.006947824731469154,1,739747.0,122,6,3
a9aea618f8f027218db57e0ec8d84a74,0.017668707761913538,5,19677324.0,345,10,7
a9b8bfd4f04f01619ba711257973957d,0.010334949940443039,1,4079124.0,63,4,0
a9d7aa798348135df35e73319f328bfa,0.014114631223492324,9,290137.0,83,6,0
a9e898b503272c6f14ba7e58c145bbfb,0.03767986781895161,4,1277899.0,203,4,5
a9eb0f0efb8571fcb2546b294f3a42e7,0.016287343576550484,1,548.0,1,1,1
a9f0667472b49e3554a2a9e3571c1289,0.12634045630693436,3,1258834.0,150,6,1
a9f717b463420b882834c6645dada8db,0.05415524309501052,5,364140.0,9,2,2
a9f794ebbd88613402c7b06dc82fddf8,0.8893630504608154,2,1818.0,1,1,3
aa1b06bf2f63dcfea1dd1a4fff22cb2d,0.020040695555508137,6,485317.0,50,3,5
aa204a96a748c6adf0eef933137ad387,0.04372329358011484,5,28117962.0,51,22,1
aa22c7cfe7879ee6412224606d26f913,0.46206947788596153,9,269902.0,94,4,4
aa23ee908a161526d4a6e966b7eec2aa,0.0010000000474974513,1,192324.0,39,2,3
aa3591e8c5654ea17e5c8892377d4169,0.014134787255898118,2,6754397.0,7,1,7
aa536869441d3393108578b236250082,0.25938322581350803,128,1108670.0,107,9,1
aa5b76f9ca5a716a8fa5e36b6031cbe3,0.20019260048866272,1,6261570.0,1241,27,0
aa62c739fe8599010a866fcd305d1918,0.16478954744525254,61,5726626.0,437,22,9
aa7bbfbe0b9b0bedb4e7062d16e89656,0.007393809384666383,6,1827306.0,294,4,4
aa7be2d412cb729a8fb8f63598f44b5f,0.03292213048553094,21,8607.0,3,2,1
aa8ad4b708e968082a92e4c7d980bdeb,0.010908025375101715,20,193945.0,40,6,6
aa997a02da746d4b472ebf7c20e4f2c6,0.043679650872945786,24,847386.0,250,9,8
aaa273cf23179f7f64caa9cf003cbca8,0.44089460372924805,2,2184.0,3,1,3
aaa303e9fc576678ff54e12e3375e789,0.003032925073057413,3,6456535.0,911,9,4
aab44351ce41d3ba85fb98dd99c45ddd,0.01582334830891341,13,479370.0,50,6,9
aabb02c58d482cbfc76cdec0720fc805,0.23355509340763092,5,1239.0,1,1,3
aac61079a5ecc33305cf5a0bbe2abc20,0.4567347331903875,92,50132.0,6,2,5
aae06d726553fd25e674ae815db0e368,0.14323657983914018,206,1036948.0,133,7,8
ab12b0341715204437028ec8a78f4bf2,0.07931240182369947,14,2619257.0,149,5,1
ab22bf47880a359b90ae10944b1bd0a5,0.009385222059790976,58,1313467.0,225,9,3
ab2b0e01267e5fdcb2ca792f33fc636d,0.6356649473309517,6,1507570.0,4,2,9
ab4466ac0d6f5a3c6031d3f19732edb8,0.028413645923137665,2,1261857.0,311,8,9
ab527d38546aa02c6e12b5e21b90da65,0.008751599001698196,3,1896576.0,443,11,8
ab5476877b329324cd4478a961416460,0.14842622354626656,3,520623.0,22,4,4
ab585beb6c3111ca1228d2f058a34ea9,0.01535951194819063,9,8647934.0,2893,36,7
ab590e3f6e70662ed243605afdb6191e,0.9971894359914586,74,434141.0,140,6,7
ab5d7ab12c987a53e6acb9e827c87b63,0.861551322042942,4,7447318.0,1,,
ab5de2c504934837dd52554d0cd026a0,0.012343838112428784,10,58867.0,2,1,5
ab69559ecec4f554915a425bf0dad92c,0.6429659640416503,36,7010.0,1,1,7
ab75a3e2d69788153cb790e3369be127,0.06176596973091364,3,1455.0,2,1,6
ab9e73b4bc02acdafcd7623bda0ad9fa,0.013250660500489175,7,768789.0,115,7,3
ab9ef30c6b3ede07ed361630ce9a5b49,0.1596429329365492,5,8669.0,2,2,3
abac72662fb7deeea3e9158b96310b16,0.04148204608645756,40,712652.0,51,3,5
abaf3b845748391e5ce63da0b7a451cd,0.1563095599412918,4,18497411.0,1,3,3
abb27d2b650a291b2628f33223ed297b,0.1373671293258667,1,2476008.0,82,4,2
abbff38efaa12e0663ca70e135aa848c,0.005544039129745215,5,2145537.0,126,7,6
abde5eacf2774a16f881ef295007b124,2.076466254889965,8,116734.0,19,7,1
abdfe82dd1f986e51c9a3b2d61f5dab3,0.04871673625893891,20,2811973.0,377,22,6
abefb3d853d8d3fa3613d997a7ac9e2e,0.032169554964639246,11,1881563.0,229,7,6
ac011cb55c3b36183ff4e737ba85c16c,0.005632141605019569,4,86633.0,48,3,8
ac2a9ca3db24557b448f18b59b84e579,0.055246054544113576,37,1487978.0,301,7,2
ac48aaf840f14bbbc1f70c8d9b9d3794,2.471967577934265,4,33306630.0,2,,
ac568164a67811ad2dbd91f226c04f85,0.002929260488599539,1,20823348.0,45,18,1
ac6099e894acff4d7548709130547216,0.28157603461295366,30,222946.0,53,3,0
ac631ad33037e50a395e70fa620653f2,0.010810858686454594,8,94066.0,10,1,5
ac7520d2a46322821bfcf1334bf1c07c,0.018367430195212364,1,774620.0,45,6,2
ac752612a4114ab3470151baa5a98850,0.15561707690358162,4,5323.0,5,1,5
ac819aef31f4d15ffeb173ffd138097b,0.41266047209501266,26,3833160.0,11,19,3
ac837e506cac18520adf4b66ac12a6a8,0.0381070013390854,14,5460349.0,2,3,0
ac87531b815ab98afd3effe7a7f89a08,0.09195990115404129,1,162806.0,15,4,3
acb6c97f75b977f1593340c7bffbc8c5,0.020659496542066336,4,3102971.0,446,9,4
acb6e3bc5446ef81c9010882d0a632ab,0.0035045212134718895,1,4197.0,1,1,7
acde87d93586e35ffd82d011a27480b8,0.009196927770972252,1,547148.0,332,10,1
ace7c413bed4aeff9bcf86aac21ee997,0.014418523642234504,6,1463572.0,262,7,2
acf3a2dbd7af298b60d7a0405bc4eea9,0.03133686480578035,13,90781.0,15,2,4
acfd9382f56de7e1068e5fadc3859e46,0.052074713399633765,13,575992.0,88,6,5
ad228a4fba5f5df7d1ed55d7e48bbb40,0.0043877097486983985,14,2478554.0,893,13,9
ad299e0267b080b15e8fd5450d9b86f3,0.13828234223183244,42,3854248.0,49,8,5
ad42b18a4a9e52488a218b0e01fae124,0.02970657218247652,3,21518272.0,123,6,5
ad6603139832774d5ad5ac5e718705a8,0.07833375409245491,2,33136832.0,1,,
ad6ae29da39391e0415432c85b451cd6,0.002748988554230891,10,5774626.0,153,17,8
ad72475250bbb43976f577af7ec4a3c3,0.19933456927537918,3,14030.0,13,2,1
ad7685acf591a92f3ac2549214c06e3d,0.1252596229314804,1,16747426.0,1,1,1
ada57b8a8f1190245fcf4432576b9431,0.001091300044208765,1,2033467.0,852,13,0
adcfa734e346b6dc5f741420e31ec6ad,0.007996505359187722,2,1415.0,2,1,3
ade8b9fa2bd23c2d2b6ca7a7c2df3a0a,0.5503831705718767,124,3567941.0,769,12,9
adef35c6e329f0857a20cb139383d74c,0.3384599881246686,93,758222.0,27,6,6
ae04a117d1d859fcf1598f9610c033cc,0.004892190918326378,1,4431097.0,682,16,1
ae06632f5d1f43195e82066c18a75e20,0.011435079388320446,1,10466528.0,3,24,8
ae0a98b5a1bcfdb3b06356bb368896b8,0.07218470610678196,27,2249668.0,241,14,0
ae1812d867146d60acfb3d3243b78bed,0.8572849535848945,82,9277489.0,65,13,5
ae1b78592a60a7a48deb16685484ea9b,0.012013334780931473,14,1761557.0,337,8,6
ae2ad415a496bc77dc1eebd21dfd9f28,0.013176370412111282,2,633416.0,219,4,5
ae49aecad3f96c509ff723ce8a683bbd,0.021106135507579893,33,13785964.0,1931,35,8
ae5442a003eb79ffe72d80ff8f01478f,0.04753579432144761,5,410045.0,219,3,2
ae5847244b97032a6c7dc88e7ae9519d,0.012615897110663354,7,1113966.0,168,7,0
ae60c324dd97e09f61088a0fd17fa085,0.17597712809219956,58,3560475.0,779,12,8
ae61eab53817652d0a24e37121627ab5,0.004061892861500382,2,5569866.0,696,15,9
ae70c26f80ce54f38fab76e4e4531e0f,0.37582990899682045,13,4604576.0,654,8,2
aea14f6639648313343d5a96a24061f1,0.3037157221697271,12,2270301.0,444,19,1
aea4d2a87e07578f935a3065d3314904,0.04439489729702473,7,602615.0,116,2,3
aebc31d0aecc01f68a6133eb84f65d47,0.2902822515461594,43,13687030.0,778,46,1
aecc8ba75d1ab6ac1849b6201186bb5e,0.9468561559915543,9,28118075.0,15,2,6
aedf570ddc8b63bc1ef6da0c8f0f7cfd,0.0020448129489523126,55,829446.0,73,3,9
aefed9fe6f94fceaf50010c21471fa54,0.04807474836707115,1,888097.0,62,4,2
af0720c4c962c58bd5cd7ca10b53e202,0.03539736708626151,39,5304904.0,370,15,5
af1fd514f4e0ba593e5d42d473008569,2.656875502318144,52,29540.0,13,2,5
af3872efa669ea52fb278ffa103369cf,0.014862185635138303,31,2892864.0,212,7,5
af4196c7e39b8c464c5dddc50846781d,0.9523805379867554,1,16331906.0,1,1,1
af438931b20fec5dc4fd6a5f8526229e,0.3907832857221365,23,105380.0,13,2,3
af5ed4bf93bfe300ae8b71e2d9dbce7f,0.013610790017992258,6,1993068.0,239,13,1
af5f2ca9f282bf13071a87c939d3ef81,0.022776455618441105,2,1351.0,6,1,4
af60455ec15f428f7741dd2c39c46cf1,0.0443599863210693,12,171487.0,21,2,2
af61713625d62268de6cd188b0f9064f,0.04935644625220448,19,4255844.0,349,22,4
af7eb8bf94f30814f477b5f8f43cf688,0.08033734955824912,34,1356196.0,436,12,0
af958ebbb90df31d000c732d423eb906,0.13491366803646088,18,14092340.0,72,6,3
afa5498cb456341412b70f1a6800038d,0.02735158149152994,2,5531226.0,187,11,2
afbb7ba1b04bff86b4b5532487ecabe4,1.501152515411377,1,31613912.0,1,1,2
afd15d956baf68825d2e0a2c92890248,0.01917548250639811,15,25148347.0,27,4,4
afd45353fcab2aa4de6415b52870eed3,0.006654926954070106,10,314568.0,37,2,4
afd6469a83a964234c5e94f09c313e2c,0.0022768370108678937,2,,663,11,0
afdcff7cde9b1d316c8ff3728af6d5f3,0.1398985831765458,42,7098559.0,803,21,5
afe951a94a4b65a927f5c0d3927dc409,0.10266667231917381,2,27913299.0,17,4,2
afeead8d91e33e984e4864be9ad2390c,0.032564260298386216,10,3834732.0,616,18,4
b0013cd2711b6c4067b6addcea8122ae,0.14262990560382605,14,1115636.0,279,8,8
b004e1545e6d7c2944f0eac8c76b6860,0.03223867597989738,4,3277826.0,383,9,2
b01d4c94ded74735d5abe3c57c25702e,0.05014009680598974,11,421174.0,21,6,0
b03b8d3f8a601e4bc3e6462804eafad8,0.05209292657673359,2,10289330.0,5,1,7
b03eee4c5c82bfa2c91142736ff96ec3,0.025138751603662968,8,8400126.0,1603,28,9
b0443afc75ec66d292c44f3d57f6793d,0.0293120164424181,1,223.0,1,,
b0772f1fb4cbbabb9e42b5685027b5b9,0.005895815207622945,3,1910983.0,65,9,1
b07a95151e07df3ba06ab9d924876fa1,0.41419836203567684,71,154384.0,60,5,1
b07e32fc2c4c9a8167a8bb329bf5b3cf,0.10975841991603374,4,264755.0,17,2,4
b08115d45091c50150073dc2214f27ef,0.01312031748238951,8,1418792.0,226,9,6
b082e490f3f6d948e40eb97bb279d568,0.0015490130754187703,1,7240.0,1,1,8
b0897fda67624219499943084b12da9a,0.04115564422681928,5,911495.0,464,4,9
b08b0b0fef31ee5b2d406960692674c3,0.4564637430012226,40,536508.0,4,1,7
b0a3d440934f1d9c9725362e0bb66c9d,0.21500362362712622,8,1524176.0,1,16,2
b0c52e5d00f1fed25981e5cd2735f801,0.084953548386693,37,172229.0,8,2,1
b0d27540143d979656435df7e5e9cb96,0.004582515102811158,3,874790.0,132,9,9
b0e56658f67664e0d06ec91cb9a094ba,0.04962543770670891,1,125222.0,15,5,0
b0f795c7e6edd148803de1701e0ab749,0.001817160053178668,1,128016.0,3,1,1
b11153ea9d33d0010f6f83ffb016b08b,0.03968796133995056,2,20268147.0,79,6,2
b1118b51cc2f2831c814bfc44ff3733c,0.5865859091281891,2,41802.0,7,2,9
b11b06bbe6ec62356026a474ec44c0ef,0.04586371500045061,3,360214.0,52,6,7
b1292228f61a0da398bef864e74ad25f,0.9029505513608456,21,8209.0,4,2,2
b141fc1eee1dbc7bbef16f7188aca024,0.007750833872705698,1,507665.0,151,6,2
b1439da9aa7fe58174475a6379280183,0.03246352914720774,5,2024036.0,220,10,6
b14805d3af545b24a69093d41a14bb0f,0.024770651943981647,4,23606.0,17,4,0
b14b12a5d58c72c595dda1fa6815ae82,0.01517679844982922,10,150300.0,12,3,0
b14b3338d8fac625deec3172a9342602,0.06065648817457259,25,3480085.0,677,18,1
b14eac04dbde32f0d93be1e59e0ecff4,0.03913270030170679,6,5345191.0,544,21,6
b153d557933d1e9f79da8e595ec6fde5,0.03366435467614792,42,862412.0,179,7,6
b160bf163ae4fcadd672e065a9fb0cc5,0.3813032703474164,18,7053638.0,347,10,2
b178626c6f2f5478fcefee1bc74bcf93,0.03222930058836937,1,1111020.0,347,6,8
b18b0b874231344e78ce0957e0f6ae1d,0.3760908266995102,98,744532.0,116,6,9
b19a9c4dd68b444f93aafd782eb8ff21,0.1837738344911486,33,247225.0,12,2,9
b19be3d8386955bea8dc9ec55f82f4a8,0.04747362434864044,1,21807965.0,5,4,4
b1a4c367ea52b4340b0f65a5aaf8d0f3,0.006240580754820257,6,124232.0,44,4,0
b1c148aa4dc096b3f17fc3cb2a698dce,0.016450374387204647,6,293064.0,63,3,7
b1c514ea11db6909070dee429d062084,0.016887515783309937,1,6335153.0,1192,8,9
b1e7252e69750a165f8c376102e095b8,0.05081501603126526,1,63842.0,3,1,7
b1e7ecf50ee0161c14d043bdcdbaa8a5,0.043722714646719396,16,292549.0,64,4,7
b1f63a81d98c67be9e702d01f877be61,0.026632525958120823,2,344639.0,2,4,6
b209e1b5823915bc751e6c6abb52a6d1,0.08012803038582206,18,12517.0,7,2,3
b2127724bdfe45702602c9d00aab647b,0.09054818376898766,2,9842.0,7,2,0
b2172d706ccda18d34bb972f9f4ffaa3,0.031094990205019712,5,4010.0,3,1,3
b228fe8c1d154a0c0e3ef4f805f55490,0.0037636999040842056,1,542.0,1,1,4
b229fd08741e8e0513d925175ae2b002,0.22576248063705862,75,5690285.0,58,5,0
b23da14c25a2b3c1a86bb06b078a3aed,0.047533773933537304,22,1569095.0,113,7,0
b2755984a22c490c9ffdc2aad42dbf5d,0.20845176931470633,15,28629.0,5,1,5
b277cafcb5d1d51e76644a9e11bd2970,0.13928126357495785,6,142693.0,18,3,4
b28c307f62c239e78032cf9148a1bb22,0.014912999700754881,2,1434.0,2,1,2
b28c932785e81bd76eba90e733dee41d,0.3723756931722164,10,2368348.0,345,13,3
b28ea6ff954e479a1bdb8ed241b7fe5e,0.013525789501727559,44,4663465.0,607,11,1
b290162942b71381f18d259a4fd26118,0.08612434659153223,13,194004.0,55,4,3
b29b2b3628aa4dcbb9123287ed862241,0.0859585686121136,13,25905157.0,6,25,1
b2a23acf6ad35fb5f2fd36e028194511,0.01172181952279061,7,344452.0,34,2,9
b2a78b7fd628599f5146cdf9c25e621c,0.06930340407416224,27,2562513.0,151,6,5
b2b336223dff5ef6e080e753652e16d3,0.001946363947354257,1,572162.0,45,4,9
b2cb595ced7fb0ff5b8c00e5bef1299f,0.3197213374078274,6,7588.0,2,1,7
b2e07db01d6e93f12280dc853378b4f1,0.05544821359217167,4,6047.0,3,1,9
b2ea89b606bcf96630f83f785d93601c,0.03011407610028982,8,394317.0,149,5,4
b2ee9efe993f1005c77853378340fa6f,0.01324933348223567,2,7371.0,2,2,0
b3006c15deda157b9b508d70d1edbff7,0.06842256337404251,1,247491.0,83,6,1
b3045df831f471f6428a7672527bf6bd,0.08761843666434288,4,630335.0,19,3,6
b3130e1cfcaf620dec8f5466ebd49b91,0.29454173520207405,3,1747.0,2,1,3
b3155216b72de805ca2e5892341f46c6,0.012271431449335068,33,830466.0,105,6,3
b34b53c0dbab5e2c7122a3870a7f85db,0.021040641237050295,4,1088341.0,71,4,0
b34cd08719975764df1d09125ea78b2d,0.026463454589247704,2,1807856.0,497,6,3
b34e92328d7391f6a5e0a53bdfc3cc05,0.16774777509272099,19,65695.0,22,2,7
b379792cdcbcd2f45eced08141fcefbc,0.03228438948281109,8,1580312.0,178,9,0
b37c3a1ccdadd9431fddfeca70687f69,0.017048089997842908,5,8949.0,5,1,6
b38fd497daa4b1ba77973c008efb912f,0.011180657893419266,1,3762270.0,19,2,1
b399087f5d032b0136ee7db467309cf8,0.009999999776482582,1,484770.0,102,7,4
b3d661bf6c9cb88f43873932260c166e,0.11274679517373443,35,130350.0,29,2,9
b3dd105c011de5fe002afbd4647256ab,0.026461190835107118,21,20828574.0,83,7,5
b3f73ca718a5f17143cb3d6549934a72,0.33329939376562834,23,9396758.0,1125,32,0
b4017c78e7bcd0164888683108dc1874,0.022544643841683865,4,1292655.0,147,4,3
b4033202002e6dedbf20b49bce1c396a,0.08116795867681503,2,362398.0,7,2,4
b40d7925acb5679faf62beb9ffdf1a09,0.008798953727819026,7,3114364.0,555,11,0
b41314789264eae6a72800c2c7a59c61,1.745656579732895,6,26087287.0,6,3,1
b4161865df064ffb089daabfed9987e6,0.5197916493925732,136,3556998.0,1073,12,9
b4248ebf26d4b59c7262079f3b89d3ff,7.920112609863281,3,39665.0,17,6,1
b4269419a44116fe641a6d5bfffc96ff,0.4395632827654481,36,70797.0,8,2,1
b43a053195d660d832748de4d1572324,0.7246566563844681,9,6638595.0,78,3,2
b43d7929fd522f19b10ac7982ac3c57e,0.005019393749535084,1,1422345.0,560,8,4
b43e11603de81787c7993cc3fd7c3c79,0.10000000149011612,1,571.0,1,1,1
b449b1ec9957bb96cd374f22e46509bd,0.20667102048173547,26,19099006.0,24,3,5
b44c7332e6fbf15c048ee70d4f07a5fa,0.007396836997941136,14,927312.0,75,6,1
b45a532de7c4fbd06e5e63c2b26d779e,0.005089042242616415,1,400.0,1,1,1
b46a52dbfb52f864cc9b9a4b46193423,0.09600000455975533,6,313307.0,120,5,0
b472e1449150cf32c974926089f58ede,0.0819994043558836,3,579999.0,17,3,5
b4734b27245a92367c5d47813e60a2f5,0.006912784185260534,1,18855404.0,16,2,5
b475fad9cabe727660e981ae9c134423,0.29352870117872953,23,21492367.0,184,12,4
b48a993ae4a970224a5532c91ff9cb6d,0.10622797068208456,10,9593847.0,849,34,2
b48af6b504a4c463d1271402aa025000,0.16652422212064266,10,850591.0,135,9,2
b48d9aa7ae709dd4a18191326a79400c,0.06590052740648389,36,147426.0,86,4,7
b4927ee8d867216f963ebe7a405649dd,0.28574408078566194,79,22369.0,5,1,9
b49cbb8d32abee9eb74e584c9f0ba448,0.04087428783532232,44,1736940.0,369,12,1
b49d98ea56e06e31ee3703fff1884c67,0.011388038634322584,11,22806360.0,86,7,8
b4a8ca3038080f882926afd25a0e6b3c,0.0024242422077804804,1,64225.0,9,2,0
b4a9d12016811e0c5f29772c8baa2bff,0.06970340525731444,10,297737.0,43,3,2
b4acfd218bea9ab1c6f5ef8438bd86af,0.05799377104267478,4,9647.0,7,2,0
b4b7208cf0f3b597a6d59d2dc15569dc,0.09915179898962379,11,51955.0,21,4,2
b4dee365d4201714e723f1b3612d5f22,0.5263852048665285,13,231605.0,120,5,4
b4f39584662f8e3fc463647620dae63a,0.15705324534792453,76,3674599.0,837,18,1
b50458934a0da9821d442569236a1bd0,0.04750005155801773,2,880.0,1,1,2
b50fd697f248a2dd98b32c347c322068,0.03200069279409945,17,977926.0,122,10,4
b5194ed0a54e10c06e2049d45144d1da,0.5710332095623016,4,5812.0,6,2,0
b52320417721b1657a88c42287173674,0.773751244880259,34,84771.0,15,3,1
b53846a2a6dfee63d4cce25aece9ed00,0.10135248026927002,93,525104.0,153,7,2
b5434a919b4ee2b713d3ca67ff5356bb,0.025803021853789687,8,206907.0,17,2,3
b546e7a43b9f58a502981f7e2da604a9,0.09399830317124724,11,94244.0,16,3,9
b54798e22a500e4daa6dc53ff68797cb,0.0044129216112196445,3,5291102.0,980,23,0
b55c24ae78aa72982c5c18b579cdceed,0.9309603236615658,2,237186.0,28,2,2
b56e4ba6f1d9e01e487b494a3c1ec485,0.11975700734183192,37,26010841.0,294,13,4
b573282dee980245dc61ad7653a03ad3,0.013819818384945393,1,5505.0,2,1,4
b576fb0349a7cd3c7333494ce98e9eba,0.03995552798733115,5,3098097.0,246,11,6
b58db5839e4579db7dc3577e2a6b78bb,0.2517152488580905,108,653925.0,99,10,0
b5a6008944fd539c86209a3619466581,0.00984179601073265,2,860.0,3,1,5
b5a903040079e0b21389e9e97db165ec,0.03629899397492409,2,3925469.0,245,9,4
b5b2a7795920e45ea2add76329264911,0.00047314941184595227,1,42140.0,6,3,5
b5e94688de3baa9bb507d58a8202f23f,0.06883977388497442,36,27571.0,10,1,5
b5eae79651a9754c84adaf93dd0525d3,3.6944269984960556,15,7068.0,1,1,9
b60892625eae61264f9c895f9e2fa2b0,1.2834109663963318,3,11895187.0,1,,
b6266b7502bdf965c8c884df71a9b638,0.054697029292583466,7,1567521.0,549,13,4
b647d02da446b007ccdc191c1d57b70d,0.9984362694667652,45,1265246.0,241,7,6
b649d486f773fe9ef393674a188c002d,0.0048987943737301975,11,534352.0,32,2,7
b64dd0fb645397db9e69cbaa5a1c2734,0.10477765649557114,1,449194.0,43,4,4
b65a094de9bda53de81f1058a5898ae8,0.41724842047551647,93,1461911.0,499,14,0
b6611de7c75754dce08bbeff6592d697,0.14212511107325554,7,15718.0,6,2,2
b66802f8adf37d6eaffaedc56d1104dd,0.038461145013570786,2,1978.0,3,1,5
b66a66874f700c5def9bcdaa5606575e,0.059319798834621906,6,2763001.0,767,18,1
b66c88f7c067d3c2e8de9e921e9f6bd4,0.11059132218360901,2,532.0,1,1,1
b67948c588c4fd44c80d58ee05348157,0.11666762479580939,21,141538.0,11,3,7
b67abad4cef9c7d4fd1ab1819462ad3c,0.04073602776043117,8,2928504.0,195,9,9
b7085d325ddbff3e958e8a2879047390,0.06911722011864185,3,1985255.0,171,6,2
b70cf771c0c148c99cd0e1894d0a85f2,0.18445048853754997,18,1135339.0,33,2,9
b71e906f577fecd5da93a96e63a60be2,0.020042207092046738,6,11129785.0,658,49,2
b72326c298786526efeefdb1a8abaa03,1.9912291765213013,19,551711.0,55,8,2
b7257a24404edebe269c32632219e4d1,0.05381614621728659,8,7027040.0,529,26,0
b75dab6dd4ee186854acbaedfa68e8bc,0.025691878225188702,22,1342920.0,526,14,9
b76277263fbab66e85afdf6e2a0350db,0.12387499958276749,1,15575089.0,54,2,5
b770d4ccf5a9982db936d4465d5741c8,0.030705955810844898,2,25951994.0,1,1,3
b77171e3d91136931ccd1c18a35794a4,0.009999999776482582,1,34440599.0,1,,
b7776f5371cea5e94e2f35edb51118d8,0.0023432511370629072,1,418.0,1,1,1
b78ec62686a10f44097f80ca113174e7,0.05043129064142704,33,13893004.0,4,3,5
b790f681cba2b00a83b749aab005a755,0.005858310185431037,15,3750632.0,517,20,6
b7aaaae07fff74132beb1a7635241ddc,0.1249754037708044,4,12001056.0,1,,
b7cf6307b407249c85c0e1bce854541e,0.01427866518497467,1,2466337.0,502,12,3
b7d07f7da9f873126c8065b7d3384949,0.6506955716758966,51,81016.0,25,3,3
b7d6d64c00dce195c14969a75e1b1da3,0.051584505432401784,102,,519,17,9
b7e08e6917f5d06a91367e28a07af382,0.1239737905561924,2,2356.0,1,1,3
b7e2bb8c9e18a228ce73aafc2d5da35f,0.38834972586482763,19,585536.0,70,6,7
b7ed3773f1a15f3894561b86b41e2ca1,0.059055709047243,14,18620022.0,143,11,4
b81511ff034a1788339d4f565afa6040,0.04193142941221595,13,2031748.0,342,12,9
b8151ef45db7793c43d3f6dfaffe01a6,0.0498083122074604,2,15770375.0,30,14,0
b82948d45c24740c36c1124ec886f42b,0.003735502017661929,1,191804.0,32,4,2
b8384b2ea5a9d4ba8910bfc1ea66b4b5,0.20669060200452805,10,1749.0,1,1,4
b86bb3f58079f82813bdbe73472feea9,0.0027653269935399294,1,6613388.0,736,19,7
b86e1d723a4af1b9d648829459998eb1,0.10452721174806356,25,11419.0,2,1,6
b88a51c52f7215ddc7dd59eddeaa52ce,0.054708920419216156,10,186988.0,47,3,1
b88c7295c1583e7ee6c650e8f306d45f,0.8030049465596676,18,1134237.0,199,6,1
b890317c7126d30dbb377a3781890601,0.026540345745161176,8,181798.0,29,3,4
b8a9b5bb8fcaff9333d8330c2baee964,0.013904617924708873,12,108888.0,90,2,9
b8b46d009784d042cb4132df22cf0f5c,0.012667355709709227,6,57865.0,28,2,7
b8d2ceaaf6db099a394e6efbe56dbe9a,0.07252533733844757,1,5408852.0,194,26,8
b8d566a1d80a11783380d4c0a8c2adb1,0.20637740491656587,109,820282.0,269,10,4
b8df73f3e7c53745dfa9c503e180a8a6,0.30821231193840504,9,47524.0,7,2,3
b8e30522047c514edbe3e6de6ea00270,0.08698148233816028,21,377033.0,50,4,1
b8ed7db21c31e30724181bcda2db1b10,0.2342363225761801,124,3845100.0,592,12,6
b8f28b5c118d08005e562aa00b86d96b,0.012383875877276296,31,3347118.0,985,13,4
b8fad5eaf3b01edef3c4edaf72d39561,0.07029645622242242,46,991210.0,72,7,7
b9021844d0859b59936e9f1f3225382d,0.7717660069465637,1,1035.0,1,1,4
b91384ead471b7d63316ae2669a7c3e1,0.018468393245711923,11,1457111.0,113,5,9
b917b6d28dd73d86d3ec432342e111b1,0.013855961617082357,3,,983,16,0
b920e028416287f3b362aa6de0f4cfe0,0.3233305932953954,24,11245.0,2,2,1
b92ba34e322e4cd84ddaed8bcd1d2a1e,0.01104218140244484,1,1615279.0,146,8,3
b95aae6ebb6fcd34b49ebefff9906132,0.03169943339889869,33,1373466.0,112,9,4
b96c7681cfdc9528a41950ba8235ecc6,0.010609138815198094,11,1026618.0,232,3,8
b981dd08fb296edf6d46facf8b484d5d,2.0890053287148476,14,1531.0,1,1,3
b98bd80edbaf3f62304f92f2f2323117,0.02007827104534954,15,307434.0,153,6,4
b995fc030ebe6cb77aae333ffd8f23b4,0.021109115099534392,5,7674225.0,839,36,8
b9a674eb70c55392027e893b633335bb,0.06435907818377018,14,122271.0,16,3,0
b9b30498ecbef1091b020baeda932a08,0.014431722462177277,2,77981.0,36,5,0
b9da8bc5f177e49ae79923d14f587235,0.23148585949093103,52,644604.0,130,6,0
b9dad6834e69c65ee1fb9d4125909918,0.0,2,17120.0,4,2,9
ba0a287f1abec8cac273489e0bdd2bf9,0.003446717746555805,1,2027.0,2,1,6
ba10e60b12b80cc343172ae9d4f050bd,0.039178754203021526,3,71928.0,59,8,3
ba26fd707d9769b69da7c72a8c11b6f7,0.0010000000474974513,1,1966654.0,402,10,2
ba5acae8fe904c774dcb469ec32f5eb2,0.14576232247054577,9,555885.0,191,7,4
ba641951a65180efe7d16135fa6d7310,0.009635519701987505,3,1311145.0,157,9,1
ba6f5087738c69b32c89693e0e1291fd,0.28244323283433914,2,2583701.0,254,3,9
ba7be354b0af8df5f14138a7bb99a493,0.06898876243212726,135,1934264.0,360,10,9
ba8d30cda78587e5f2e9fdf9c8d993f1,0.01897766356705688,26,894352.0,289,4,4
ba9221827267c40299f40990e3900789,0.49901434779167175,1,4369572.0,329,9,1
ba9b47d8a133cac78928a9f15737148e,0.1285146214067936,2,15458465.0,87,9,6
baa9408feacf23231f7d5b84bce562b0,0.03760857507586479,1,1128.0,2,1,6
babcfacdac1b6977d528249080c2e0e1,4.2730578109622,9,4982.0,3,2,0
baf6753f3d1d407520b670336724c4bf,0.4947687080129981,17,12253.0,2,1,9
bb0438b7d5cdc455ce9995e6cfce35a2,0.010784700280055404,10,161584.0,155,5,0
bb1ea9259000325d7da543cc67b60fec,0.002796016982756555,2,951432.0,42,2,7
bb29115d08ae8c0a41e96b2c5adf7940,0.008462920028250664,31,1942802.0,391,12,2
bb2b12c1910556cd0ce16e9999386675,0.05786662735044956,29,1370440.0,77,4,9
bb31557aadffcca609aea1c9d6754c3d,0.005011125758755952,5,8177229.0,319,23,1
bb3d4174968616574d0df57e572f9f4b,0.1419420982711017,12,66464.0,19,3,4
bb5a16f696f14774c6de27737a5c9c58,0.39262869488447905,15,1763811.0,390,9,7
bb7da48dfdff7fdfd6bff1f617e77179,1.6929184198379517,14,20798849.0,2,1,7
bb95b1ae2eeaeaac7d2abcadacf57c2d,0.3788305390626192,7,47041.0,7,2,5
bbacf8067bd2f47cd62a9f0e13552ea8,0.09782574069686234,23,847010.0,53,4,1
bbaf8f4c340a86307794193711874cb2,0.056481400271877646,15,4108975.0,654,13,1
bbc6360f81f0a9bd3ac62efc3c92beee,0.0030585189815610647,1,21199082.0,1,,
bbdb11dad93d48189ba29c4fd74d6b81,0.009433438972337171,31,36344.0,5,3,7
bbe31477fbf30ae574adf053e253e7c1,0.042396218283101916,21,74860.0,29,3,4
bc038cb323fdd0c4774a951f8a6aef71,0.008475706912577152,1,361.0,1,1,1
bc279b8d2aab6b8e4c1f3864835ff38a,0.37465256778523326,29,403797.0,208,6,3
bc3c2e1e9a1b73e9d77f339f16905408,0.33890339732170105,2,27024730.0,1,,
bc3f6a205b5e4e9e4d63a60929317c81,0.007245066575706005,1,870.0,1,1,1
bc439e257d755b63fe00707d0da457e8,0.006886051967740059,1,1061.0,1,1,5
bc494274eaf014f1ed6199d7549dbb92,0.17158196866512299,1,52103.0,2,1,5
bc4ae0f101be6be6b3d26abf79aff3ed,0.022018127143383026,2,4691.0,3,1,9
bc4d636603f1f1bd78cbc097b9d8e3fb,0.2465823721140623,8,30828.0,3,2,3
bc4f5ac9d7f152f30ff46773b1e6ed2d,0.06337618688121438,7,494013.0,62,3,9
bcd7005d8883928754ef5f5b4d983bd7,0.03412166313501075,20,1502378.0,346,12,4
bcdc0ae5e63b04dceb28fbef1de03da2,0.09910810738801956,3,2519929.0,307,8,5
bce42c7f6492d39f9269a02474c8aa7d,0.06407232582569122,2,30672819.0,1,2,1
bcec2ac80f46f2591ba23b12ee395a0d,0.017878114944323897,10,5734690.0,450,11,8
bcfa1fae07babedc2181df165fcef87a,0.016079729073680937,8,2034795.0,258,7,7
bcff3b4e34553651bd22fe33736c9f88,0.05848785600392148,72,1139722.0,239,9,5
bd0a3414c1cc8c97a6c1fdf0667b2b6d,0.4953177012503147,11,4818163.0,1224,24,7
bd0d7ee2b241471e4b17b2ee25ba6f9b,13.844570934772491,13,5009.0,2,1,3
bd1cfa741406161e601e43d2fe919b75,0.04117954568937421,6,767820.0,125,6,1
bd56766f58a50ae56212e9d06b287adf,0.3134355805814266,2,1658.0,1,1,3
bd57e631faa1cf0d003d07a8f78a1796,0.021709414198994637,1,774364.0,320,9,8
bd939428965a48f044f7a6f3cc567ead,0.05000000074505806,1,34492548.0,20,1,5
bdaa1bd693488945dd3916ef2549b1a1,0.018638761481270194,6,110871.0,37,4,6
bdbb0ad53612f93fd5ccf3ec0a3062ae,0.06791702285408974,21,319141.0,50,6,7
bdccc58b02c4d4a39dcd539d26eb81dd,0.11087195202708244,5,1795605.0,11,3,5
bdf32a56d08b1ddb199a6ebca17109d6,0.0986132682301104,11,316476.0,67,4,0
be16f2581bc97ff5b876c4fc17fe74f3,0.03416513046249747,7,1052667.0,273,6,4
be1b1fca273e6d9597044cefc040a564,0.07221243376261555,23,1554154.0,397,13,6
be1d75adb6c8f24cd9b0ac8a73396376,0.01695193722844124,1,24549102.0,208,23,7
be501dacf1c4d617b8496479af891b79,0.0872065598377958,16,2490186.0,309,12,6
be52d10c867af38c305858e9a412d686,0.02708216500468552,11,675941.0,100,5,8
be748ec4cd55050457813daea9a76b8e,0.1411959989927709,12,9757.0,1,2,0
be7a79eb8a50b55e43de7be2ae85fff3,0.01855382020585239,7,8121111.0,817,9,6
be85871eecce9eb3fcaefd9d5e1bc555,0.05527946352958679,1,623968.0,54,6,1
be8983eb569167ff1a3613e9cab5df2d,0.09034441411495209,1,422.0,1,1,1
be9615851c5bd8884dc1c66b1e8b59e3,0.13693570345640182,17,2171.0,2,1,5
be9c05b54f3360d59eec6ca30cc22af5,0.04845673590898514,1,203.0,1,1,1
bea0be30a0b930cc174613a8d553d4da,0.006783439312130213,1,1331646.0,254,9,7
beb3761bc9ddf81028eac104443688de,0.09936529328115284,11,17936361.0,81,20,3
bece74911e498eca4e2a03b0251117e9,0.01700859537231736,13,1134743.0,514,8,6
bee4febe6295081a962b6acd071ff58b,0.008145444939145818,32,1866653.0,723,11,6
bee69b0b8325f333368f748464c9fd00,0.01410653069615364,1,741966.0,30,2,6
bef94830942d6a4840b2cebd45ab8716,0.00847047206480056,5,4066885.0,1468,27,5
beff5e0b68758665f28bb8f11d3c87e6,0.31326984672341496,67,4251093.0,624,24,0
bf0db425386d96ebe7f8ded3dd8bef89,3.013174321502447,16,73917.0,2,,
bf169b7df3f3826eb2bb9f811b32084a,0.007170720084104687,8,1583448.0,228,7,9
bf486a83279ea3f766fa23626530ef50,0.029560480266809464,6,320030.0,40,3,0
bf50f1bb5ea34e3ae2adedadc74ce9ee,0.005291062872856855,1,23637678.0,59,9,6
bf55296327a79f27c869dac1f9b80c54,0.03604766633361578,13,693364.0,125,6,1
bf56daf020bf49d7ef5aeaee5145976a,0.1874825656414032,8,19086.0,3,2,1
bf6ad79865f67b6ba70b0633e604e3f1,0.019160039722919464,1,710810.0,48,3,6
bf70d214d7cdfe6f769abe6ed27be9d0,0.004142634104937315,1,2461202.0,624,11,8
bf71b6e363fff48eeab83dc3af5ea9c2,0.1556351725012064,7,9541.0,2,2,1
bf71cb98248784c53435163d59526722,0.5588217759504914,31,221270.0,47,4,4
bf7237cac021c30e33d63b6f4970f73d,0.05522325402125716,5,918101.0,41,3,9
bfa5d86bc89c1f7bf99de70901a57b5b,0.019422002136707306,1,1521.0,1,1,3
bfa86ee407a52803e731b62f9d82d2df,0.35040158219635487,27,116873.0,35,2,8
bfa8b5ee7c6720f9b75df6db32135449,0.11174234980717301,8,291428.0,79,7,2
bfb602dc6b534a47265582eca7ee3ae3,0.060261070262640715,19,3056028.0,362,13,7
bfbda692aff89b6184b97c635c428d14,0.016646364238113165,3,2810994.0,51,2,1
bfcd55dbe0e43e7f83ff3fdbb8669a81,4.214751735329628,29,939260.0,75,4,9
bff01be89f70d1c5a06f89694f2d203c,0.4093814995139837,19,7924478.0,5,,
bff45d30a13432f7fd0f53ddb0a903fe,0.01416314032394439,5,180624.0,47,3,0
bffef74f9e2dc19d82989379e9277c6d,0.008417353499680758,2,10911638.0,532,15,3
bfff1076deebc31eb5ec604e1b41ffc0,0.006044294103048742,6,,87,8,3
c0075e2ef30438d0c1f713902865b4d1,3.9168218970298767,5,3805.0,1,1,4
c00e72dc1d02f1f8deaaef56679ab8f1,0.9894460365176201,27,530581.0,120,5,9
c0213b1ebfec3e3192f6b666c96fbf7b,0.012257455033250153,10,4149714.0,332,16,6
c023b7787c886700ad43e7c922ea80a9,0.28979769349098206,1,3233722.0,734,27,6
c0279805b436b0e9b98794e9101ece64,0.07644430478103459,37,1222102.0,318,16,6
c0293b7cdc30931235b5ffa92b000a28,0.11878253100439906,12,28765.0,4,1,5
c02d0ca4cbed327c0fc97b92ac236ee9,0.830143541097641,4,3728661.0,114,5,7
c031141c555b046b51d166c4d644a794,0.042886991053819656,2,26464.0,16,2,8
c03df62959d93c5747dd7c22d2ea6989,0.04035436362028122,9,3900279.0,3444,35,1
c055bc671fbaa0650fa22413ed7b9ba0,0.10102905420353636,61,239734.0,24,4,0
c0564b7ff9560189ce6e1bc5837ba5a6,0.056034890352748334,8,4271705.0,545,25,4
c05bc2e98d7aea102dbab80b1bbccfca,0.1790315588004887,15,61276.0,24,2,3
c073a78229694b6c5e2e8725ed660b0b,0.02519700292032212,11,1905810.0,79,3,8
c07ff239a00e38be1b5437c0eb65f29d,0.5055760741233826,3,10059.0,3,1,2
c09cbf6aa64e8a82252006f920ac8d6b,0.024138086708262563,9,2143226.0,233,8,4
c09ddd24d747236a58126eb1c013e704,0.8729531913995743,10,10175155.0,756,27,5
c0ae8f26090be361cf59e76aee36f97b,0.1786869429051876,6,11613034.0,194,10,0
c0b7f06d59ba9767b40a3e32c0cccd1d,0.11910844594240189,2,2749845.0,24,3,4
c0c837d5b94a7c89768d13ca16d769c9,0.050592731684446335,1,474835.0,37,3,7
c0eabadbe25a3cf2eac3847a516ed17e,1.2711480930447578,26,268464.0,98,5,3
c0ec494d6a35f8dac1464258addce78f,0.04882567108143121,39,358411.0,270,12,4
c0fc4f1831a0364224a1615d567c6c92,0.002414301736280322,3,793.0,1,1,1
c1090d2ece83689ef52e7d6e09bd777b,0.10834606923162937,10,71432.0,7,,
c11486a3272b71c682e7cca134ddb781,0.049431622959673405,4,5872.0,2,2,0
c119509214b6ba80d8847bb687cc0819,0.03997220261953771,13,4527752.0,348,15,1
c11a3d26968a607e1745930a916fd6d7,3.9220480285584927,114,1230916.0,2,6,5
c1328c107f3f729f97248fed235cd1b5,0.8265925124287605,12,11128.0,3,2,3
c133cc5394f3446545a5447cf9e6238b,0.004398033022880554,1,1417733.0,406,14,1
c13ef4526a93f4b9dc1f52abac07767d,0.015080062090419233,12,1715502.0,282,11,5
c13f78c283b898a9362a00330dc16142,0.004698562377598137,7,551081.0,57,7,3
c14ca1596616cf8b2a8d12719d4b71e1,0.00547754717990756,1,340875.0,9,2,0
c156483359804fd5b9597b7429212e52,0.046771472319960594,6,3240442.0,386,18,0
c17231294d9e23c4b2999fef89cbe087,0.03796618548221886,21,2670665.0,347,9,7
c189eed96997df7d957461cb737830b4,0.0006344672437990084,5,198062.0,40,2,0
c19cc4120ca1f984fa0a82d0d3e5d9f0,0.23930130526423454,4,63339.0,12,3,7
c1b76b6a08c4c4c0b1990719f48e3483,0.14028633385896683,2,560876.0,20,2,8
c1b813c55b2d24fe4b53d6aa53b594e4,0.0018679216736927629,4,1055030.0,284,7,7
c1cf599580ee2df39d1b3940f618c786,1.0508607923984528,3,41557.0,8,2,2
c1df3e95b4fccd611f3be32a7d485799,0.011347929015755653,1,255.0,1,1,2
c1ef54c0c72c142a26bef27c946357d9,0.5693964771926403,11,188175.0,41,3,8
c24236ddcf9e08058decfbba48b8f5b6,0.21977225597947836,10,288499.0,71,8,0
c2478ff7415945be1227855b884663e1,0.030376263428479433,6,807055.0,201,12,0
c2488ff66370907782e097120ecf085f,1.5028093243017793,32,12258.0,4,2,1
c24ce944a41d816e24b065348e7fe50b,0.03189834300428629,9,28714217.0,97,3,9
c25ed0edec0da0b18f2ccdf19483a196,0.06895527243614197,7,24130829.0,1,3,0
c263d0f2b54d89713b8dbb363366cde0,0.19936299335677177,83,2972458.0,702,12,2
c2730c68ff319fb5657454bd4bd52596,0.0038379571633413434,3,30180848.0,592,19,3
c27867f9cfc6fdbdde84a8840041916f,0.3042309544980526,5,553038.0,458,9,4
c282755d219787e16e3a40cc70919935,0.08548032119870186,3,70074.0,14,2,2
c28ee8f77958d31398a610478831d0e2,0.06708125816658139,14,3415301.0,460,21,6
c29473ac268ab784e645c5fd3466d380,0.17295759869739413,18,2414.0,2,1,6
c2a6bc87920ffd08bdd1c0139677b53c,0.08332243748009205,2,240942.0,65,2,8
c2b0c875eb1a0230f75bafdd60990aac,0.18406114354729652,7,258964.0,1,1,3
c2b18f3c87e73572ed974af5e6500e68,0.009959765244275331,2,7020561.0,1373,23,0
c2ce8584a36e756db97788a9369aff5d,0.0010000000474974513,1,676617.0,69,3,8
c2d0f44126b9db61bcddcccbdc7233e4,0.08443061076104641,4,946818.0,168,11,9
c2d5fb3a47121aa1e4082a40bf5fe540,0.08582495246082544,7,457306.0,153,5,8
c303f77e01019fb705376532402ee3ca,0.0027204129728488624,3,291742.0,30,2,5
c31952f308ec315c51a384b680763e7a,0.16583839058876038,3,791288.0,1,1,7
c33b507947a00b0e96f567ad893c339b,0.0015074763214215636,1,675456.0,70,5,4
c34b32474e42e7ef5172633924d7a903,0.0012844125740230083,1,934269.0,214,7,6
c3539e9250138926f916e8c6a43c7b53,0.17844725586473942,7,933484.0,210,6,6
c35591d63c24d6874ffa12b9b6667ff9,0.01280271282303147,15,667537.0,390,9,0
c364561c32f99c670eec96e6b7a5efb1,0.8769089467823505,19,309182.0,71,7,7
c36e41f61e214ea35107ad962047bbc8,0.05527946352958679,1,1831520.0,242,6,0
c3764dc5675d9bb32a7970139c9e8c2f,0.050574077758938074,6,2688776.0,41,3,0
c38d6925cb35430c42c13012aa6e8d6e,0.01231198525056243,7,1926701.0,380,11,0
c38ff4b6b9213faae1377604695cd85b,0.02013857150450349,3,16189287.0,2,1,5
c39a939bceae7f517db498e4a5e86244,0.7684893356636167,7,1339024.0,632,8,1
c3aed1662cd8415e05eece45fc3fabec,0.23624622775241733,18,1437031.0,246,6,3
c3e09a81f22d47170b61ea5c50ca333a,0.06549801118671894,18,2558087.0,165,3,0
c3e2944054605ed345ab3e61632073dc,0.09167579188942909,4,1665057.0,57,4,9
c3f1d19fb1b7735983bfd8808becf8d6,0.003480630344711244,2,2318799.0,421,14,3
c4030482e53429d655bd3cd909a6aafd,3.4921620935201645,26,20608.0,8,2,2
c41bd490bd3813e84e495c2ccf94f2bf,0.003910249739419669,4,379887.0,82,4,7
c425740b7af49f296a0a3d4b07cd4af3,0.18954890221357346,16,3349400.0,968,15,9
c4364d70d8d46baaac3ed75a7f2bc972,1.0515265762805939,3,8247.0,5,1,5
c43ee7190bfde5b4dc176dad06c12f78,0.11440754262730479,21,1181687.0,118,4,3
c44499d9e88b7fe84e1e52916afadf48,0.005967041710391641,4,4340626.0,79,8,0
c44652da1c33d6c7a07044669b4a8729,0.005046093370765448,1,37451.0,6,1,9
c4511330041731e308431526c8c64a4e,0.28021880437154323,94,799847.0,150,8,7
c4562ab55d43eb2a60bfb9d47018e8cc,0.11589582450687885,10,4654055.0,50,6,1
c4622ef9d74a7dcc99c141bd5b89b586,0.08975850045681,2,293093.0,74,4,9
c4637f651393f6d9ab56086af1f4e1fc,0.64998659491539,3,8129.0,1,1,4
c4868c17fa832879ca59739aff7cbf21,0.03744291223119944,15,1375695.0,217,7,6
c48ddca4c0cf87fb699cfe9fefeaf8fa,0.29690972715616226,7,4527329.0,46,3,1
c4989ebdb98e70c309175b1da6a34263,0.04250764078460634,44,2970489.0,131,9,7
c4bdb046e45df7af91cab4405406ae5c,0.002650379537953995,9,1359484.0,468,13,1
c4c2a537e7e5d0afd8ceef3f9fe5adb5,0.22216748807113618,43,1272157.0,388,11,4
c4c92861c7d711f5de2a4e5805055437,0.08455975001561455,154,1701455.0,17,7,2
c4e9c469bf377eb87eec9333217191cd,0.06797418743371964,2,929074.0,129,8,0
c501826f8d99281adc28f2ce2640fa49,0.0134124462492764,8,30807507.0,40,3,5
c50b1f51b60b74ffd06ca0b4ba43df6f,0.003217526711523533,1,,454,10,5
c51c6e3d48fde71cfc235d6419f01118,0.011587586719542742,2,6324900.0,3083,34,4
c52cc786834eaa7aba423654a4fee8b0,0.04155048370012082,87,368896.0,70,4,2
c53137f5c929dda34a91394d405673a8,0.05313661680702353,121,405723.0,125,7,0
c5328fe00a94ca88b7e3f53e10e09b41,0.043214552802965045,16,3990773.0,9,2,1
c54dd8c63bff829d1d3eabefd0d7179e,0.007732222322374582,4,1813263.0,170,7,9
c5610cfad106acbaad9e7282c26b74da,0.020314982160925865,2,1020522.0,232,11,1
c569799f181865cff0d34b950fd5fe04,0.015386179089546204,2,,51,14,8
c56a5aa645711e23f2d23e7f972b4295,0.16289307177066803,1,155368.0,40,2,5
c570aa07402f9cade453851bdf45d4bf,0.08213536709081382,52,9571534.0,1074,19,2
c577640bfc7c6c180e19fdd237e37df1,0.005174784455448389,1,2769.0,2,1,4
c5a3aa26ef64b3f979cd5cebe8f9aeea,0.011822013882920146,8,278850.0,19,3,6
c5bacd3b21efb4d5f9f01521acb0feb7,0.010802991571836174,2,1008434.0,192,4,9
c5bd6cbbddedf7c136fd6caa488c0551,0.04045530688017607,4,13606.0,11,2,0
c5cd2eda054e553054b7f4415af5c6f0,0.044075146317481995,2,102607.0,2,1,5
c5e40293d42671ce2fb6f8e8710dbf25,0.01486585708335042,2,4039568.0,46,10,0
c5f2e0524a60fc8b2c1edbb7263ec18e,0.022660205140709877,1,9947798.0,939,26,0
c60abfa4f5fc5321294bb79ca0e07ee7,0.0059499593917280436,2,4657247.0,1271,15,1
c6109324ccae0e9d3929c50b0199db85,0.15682561695575714,3,4650107.0,629,16,9
c618b9ade99e997bf72f51fea5f29de7,0.009470633216551505,12,3994737.0,260,28,4
c627ce48cad38dd6aafccfb697924255,0.009376204194268212,16,6149921.0,826,30,9
c62eaa7f3bb0858921f43b14475a965f,4.038332313299179,82,495301.0,74,6,1
c651ca5c877a2c64c4a4d482fe1cafa4,0.0005300801130943,1,436.0,1,1,1
c65599033ac82e1cf6d5fde10d8d0578,0.0894295871257782,2,5034491.0,297,9,9
c67bf59aef572dda133936193b60e602,0.012668762472458184,6,391530.0,55,5,1
c68c49e31f7023565e9fe14c6414c67d,0.07441723998636007,9,41889.0,13,2,0
c6ab5d390129a1e11341fe5baddfb0dd,0.3906265012919903,8,20759533.0,127,8,0
c6b4e2e1dd2b5a42b1bdbd88822359fb,0.022695042192935944,1,2744358.0,625,8,4
c6c5e5fd164a2116152fb426b93ee5a7,0.018515000119805336,1,123881.0,30,3,9
c6cc02b28167de4f71905623afddb779,0.13648190500680357,70,17191467.0,18,3,7
c6d59fc977faa1054a1ed495df96943b,0.0021386987064033747,1,,285,12,5
c6d7748b86426e5f8ae0f1fd887df7d7,0.029165498446673155,12,3172874.0,319,9,0
c6df58a727821003719b4d3483154a57,0.01450546260457486,6,7559276.0,838,31,1
c6e78e10d67037a8f2812b8f2158390e,0.01614036862156354,25,502010.0,85,4,3
c6e9f992854474de7d567531c017c881,0.09285133890807629,4,2023255.0,215,9,0
c6fb92557ee0f169243081b4f3acca88,0.058015411254018545,9,1796.0,3,1,3
c720ed04f370451a4886f659b53029e0,0.35507071018218994,4,23485.0,8,2,1
c72a5fd1042a28d5665c4ef22ec917d7,0.07963975518941879,2,33812.0,5,2,0
c72e9239e6bd918011e1bd8d0bca8db1,0.24845566460862756,35,618202.0,242,9,4
c72fca29c1e6c214cceac9e02e20928d,0.041543733328580856,1,1902496.0,66,8,4
c77822a3ab7c68ab58e204ba64819e3b,0.03085160639602691,13,82047.0,25,1,3
c7874b897f6698ad9dfe0044b834ba25,0.29914480447769165,22,36002.0,11,2,5
c7a5cafb3492baec162c9320e5c13050,0.003469098941422999,2,2246552.0,255,12,3
c7c656de3cfc07dccd97d477dffc13e8,0.09302579506766051,37,5091794.0,1231,7,9
c7cc04b6d7561dea61dfc156b5844ed5,0.056832610978744924,14,251792.0,60,2,5
c7cc269a1297eafabd797cc1b308f2e0,0.003937178291380405,1,25290.0,4,1,4
c7d1035b1b1cb144d001115e73c5d6a0,0.013033428229391575,1,1412684.0,200,6,8
c7e16263933d2a400d4eab22f14ba5d0,0.12082892097532749,6,423679.0,34,2,9
c812d59b05c5c6fcfb2aac25e02ca847,0.6408988665789366,63,14094115.0,199,11,6
c81ce3a589b71ff93924c7c45788c31e,0.005199457751587033,2,3673210.0,196,7,4
c84caedea7234ebf7ebd6f7b9adbc5c7,0.007830255664885044,1,1874637.0,207,7,2
c85c3e83f391e4ee0da3a8795d7dd573,0.006792398635298014,1,3269088.0,637,15,4
c8636cd93c93c3670cbc6c358a4d0574,0.005160575921763666,9,3978507.0,87,10,7
c868cb723bd05685ee36a10ffe26792a,0.3015940301120281,17,288995.0,1,1,4
c8785a6811ea859d628aeec27e618be7,1.1223604828119278,22,31086559.0,1,1,3
c88baa4d3a9ccbb43cd6abf0e5cc5096,1.2438829243183136,20,233745.0,42,4,7
c89b03f126b0c7335e896dd7f5e91bc0,0.07229833002202213,40,13362.0,5,2,0
c8ac6491140709ab9ba81459bce10de3,0.0072355554439127445,2,4314781.0,105,26,2
c8b5a698e2b89a6313fae46f96604514,0.08683246560394764,4,606289.0,63,3,5
c8c37228909830df08ea9b8b2a05183b,1.0966156013309956,9,148533.0,65,3,0
c8c7f2214d9720fafdd2f6babb73dd27,0.34094860311597586,23,2164956.0,111,7,4
c8ccd8577339f451b422eefd1178a522,0.012575634755194187,1,1467007.0,357,19,6
c8ded051098e63f0e06c3673866c4b36,0.07395420904504135,89,216106.0,31,6,3
c8ec8b24a2f2f9cc76b535e1ffda71fe,0.27699186839163303,8,11857692.0,12,2,7
c8f4f33971d3eef4b83f7b76b911b182,0.049281586427241564,21,563212.0,182,8,5
c8f62ff5bb2f5e7b5ac611d301026365,0.003551117959432304,2,854344.0,85,4,2
c8f9c3f525a09829d9cf1e511aa13f51,0.010614825383527204,24,1016681.0,279,10,2
c90523b896a4d18c58cb8a1b12f0c812,0.015286552719771862,1,21140234.0,48,2,6
c90644248762c3df7471aa3432e71ed6,0.0034948731772601604,1,1665033.0,164,3,3
c908179a77137c97b3a5771698754f22,0.05433867475949228,20,179225.0,23,3,2
c90849a207e82135078c43e195510e29,0.5461715497076511,9,264926.0,50,5,9
c921b8133210c5e05c62ef046e9a7169,0.15071364399045706,10,25197203.0,1,1,9
c93c098cf0e3cc8e307a16b187ece3d7,0.2314293310046196,3,3968.0,4,1,5
c94985dc440ab4807cfcaa40173781d9,0.009999999776482582,1,6888030.0,151,17,8
c95a7c133a9557c10e72d628ca925808,0.5445928703993559,15,87428.0,44,3,5
c96f6aa89db7cb1e40f1e506a9546311,0.016749136499129236,28,1897796.0,177,8,5
c98dc0c996596ddfa8123b3a8d2dd45a,0.01362476754002273,5,1752413.0,187,6,2
c99850901f5805088463773b0016720d,0.07562493649311364,14,7694.0,1,2,0
c99f7a52c36f93a4353508b484aa843d,0.05139640253037214,13,217880.0,51,2,6
c9a640135cdd47a3329b8174537e695c,0.0022736347746104,1,1360.0,5,1,3
c9a6b3a49076291681d1d150fb163b4a,0.029690466675674543,36,2324665.0,337,14,0
c9bcb9214f4e12c0cde4365c813c8a36,0.049173979088664055,2,7123565.0,1431,44,0
c9c08fb957a91524a2db3afff4dfee11,0.00571996922371909,8,2667649.0,393,8,7
c9e14ab00437d11b16c18fe297323801,0.013784999959170818,1,269779.0,67,3,6
c9e3f08e4f5a48d31fad5632e7736d00,0.130453709512949,12,18925515.0,27,8,8
c9e4ec6c9e95c907528dab0e00d543ac,0.002122508711181581,2,690655.0,43,3,1
c9f31a1d89b700f9635a73bdcc797746,0.055715737224090844,73,69396.0,10,1,6
c9faed5c7515c820f33ea6b2c2d114ad,0.008179147727787495,1,5799.0,6,1,9
c9fecdb0edcae1f8d5b61bab00f96f6d,0.05539948400110006,9,6732004.0,724,33,4
ca2b4230d0e7c93c6df353e24ab9ff81,0.09400487318634987,25,16346879.0,130,4,2
ca52eb6918c68a179062f242cec2c009,0.02277499996125698,1,595.0,1,1,2
ca64f3846f84381f3283c5581873eb6d,0.00412550987675786,1,15964.0,7,2,1
ca6d9fef289f151c4c286204323f7f26,0.0004534647159744054,1,1405267.0,234,8,6
ca7800b30e19577200faa43d8297d618,0.15176348388195038,1,89575.0,5,2,4
ca7c35c163f7b22eaf90bb0d30774df2,0.03431754745543003,2,301814.0,39,3,3
ca7d0f54f079ed5d42ffd14ef062fea5,0.015146690420806408,1,462.0,1,1,1
ca90528af21232418c16e29171a097b3,2.046289622783661,5,18550.0,5,2,0
ca9358983fc5aebb579ef959a16fae64,0.015079135075211525,1,1572.0,3,1,2
ca9c42d4cb2347ba1c08718ec3f3b284,0.004776364774443209,3,5153360.0,412,13,3
caa36a735ce2cf45c7d1a43489c6a155,0.3163164108991623,4,740.0,1,1,1
cac2b22c5782326c765b9f9560fb4559,0.014444835018366575,5,13101.0,8,1,9
cacb9a909f69a3e65f93d527a180818a,0.032786186784505844,1,71697.0,21,2,6
cad1ae618c16ac361a556ea3da90d631,0.048735518008470535,1,1250.0,6,1,9
cad976ac3cdb7aa8a87f0e481e56d803,0.012553596869111061,3,19785716.0,8,2,7
cadba17895f4b2ea92eb7af3c92540c1,0.33067668601870537,11,5090620.0,968,21,2
cae3dc945e04939b445258a75480168e,0.014739207923412323,1,603232.0,95,4,3
caed9d16aad1c170a42d2ea46a1e8854,0.016454702243208885,1,10089.0,8,1,9
caeda8dadf999ecab9ac2e2c820bb49f,0.004979356424883008,2,1779940.0,451,8,3
caf432caf9fe044409f29efaa2344c48,0.008147485321387649,3,484291.0,91,3,8
caf4ced011d2c78964eff4cae4552c1d,0.08126507606357336,4,4693544.0,1723,24,9
cb070dd43d13873dec8378eb3c549d79,0.4823679253458977,7,7254.0,3,1,9
cb200ff25dd21dc05f86bbf1b246b1fd,0.0009099998278543353,2,277571.0,216,5,0
cb38e5e93a3fc4a364240772996e0346,0.005216640594881028,5,4187598.0,472,7,8
cb50c2517bb47ecfc76e25f764c15106,0.03127020690590143,2,136694.0,51,3,3
cb63477714df90931bdfec2608ac4a57,0.019216901215258986,13,5457043.0,745,10,3
cb6d3307f265e1cb2b106e4bb4d0ab3f,0.36970389261841774,15,144182.0,27,2,8
cb812b06024c72466c5bd3080549e8e5,1.050995753146708,38,8961278.0,108,26,0
cb89c4a6bf299d6c3ecca2f554e217e3,0.08604544028639793,62,1014357.0,293,3,5
cb916704c14321b9e487d22114562e2b,0.39461448416113853,2,7398533.0,2,2,9
cb939313883297285d34155c3ec6e418,0.051011775620281696,4,1727692.0,375,12,8
cbd4439f32970ec4f21aa5027a444dc6,0.18089665391016752,103,71330.0,15,2,7
cbd7cd43995367ba5c41eb64868d5f05,0.015688109677284956,2,23093052.0,242,11,2
cbdaf5945b40bfec0db351d036471824,0.20125000178813934,1,2305399.0,165,6,6
cbdb36318232b0dedeab345a52b3c5f1,0.3660297580063343,15,198662.0,28,4,6
cbdcd934729b92b6967de9017efa5b24,0.04415509686805308,19,1430766.0,369,9,0
cbf24caf2cf48915b6f7f59f994cf984,0.09213911287952214,51,544636.0,132,6,1
cc2616d38916135c1d8d462ad35c805a,0.23809380643069744,8,337359.0,38,3,8
cc394eedb290c88653b80ed5bdba460c,0.009948164890374755,56,7462976.0,2235,16,9
cc530115e83eb7fdd676e5f5feb3bd96,0.10785925260279328,62,136299.0,11,3,0
cc6ef92d0dc2c25a95e5edefa3a7fcf8,0.012779130483977497,11,1082972.0,121,6,1
cc7e0eb297b73850f488ebc530685ca5,0.03776274569099769,22,4346791.0,916,37,0
cc8178705a6c9fa164b4f449f71b8ce6,0.30228280648589134,10,594564.0,107,4,9
cc836dd59148d44309884860b08c1300,0.04744825453963131,18,4396723.0,1067,16,1
cc8e46505a344b8dba98ab3ad660d67b,0.036433222994674,28,,597,8,9
cca26b4bd22855f11f939ac1c26f31e8,0.05947907967492938,5,1252923.0,95,5,2
ccb0f818f79987766b19add1f7d3b871,0.018890534061938524,9,2706434.0,490,10,5
ccbe2e1971c94a5609d0f7e55d0c4b51,0.041585566592402756,26,388978.0,10,3,0
ccc3b22eec79680f47b454fcf85e89ef,0.2378930151462555,1,235.0,1,1,1
ccd613883689b9ed1b95ba1db637887c,0.09795012511312962,8,217323.0,56,4,4
cced0c7b26c62efc2a0133b169d4dab7,0.23084089625626802,13,17572403.0,2,1,5
cceead5158e0e015d158f0ee36564aa6,0.10157927079126239,17,561909.0,197,7,2
ccf05910dda46cf68e7bd78dd108ef1f,0.5385251678526402,12,31026447.0,10,2,8
ccf66b594b158c18435eb9cf33b6edd3,0.01951117313001305,21,239157.0,62,5,3
ccf6c9fb5d59368ae7d9bfbfcd6656f2,0.9362582117319107,7,813888.0,219,25,5
ccff612e6600718690292453f036e394,0.14162325553479604,111,668949.0,396,8,4
cd0db7c4b8a183cc3c7d60cd6397cdd8,0.08648531173821539,29,66814.0,6,2,1
cd2b769046c0753a9f69096e33b11da4,0.03438463434576988,2,29945.0,7,2,0
cd2ef62dbee3d7af70a0b9494fc1a0fb,0.9225758737884462,56,9627883.0,6,1,8
cd31e8783ecde92f5fe2b10dfcc1b40e,0.1481440458446741,11,16191329.0,13,2,1
cd36d9adaa3352675050bff2dd9cce1b,0.03406342296511866,39,282969.0,87,6,1
cd4f70511749886ce05d3bde3981d74d,0.000971999776083976,1,1827180.0,472,9,7
cd5089e58cf715c1487a6ccb1d165646,0.030209945747628808,7,689797.0,117,6,2
cd66c21cd23803b5c3ddea058e108e1f,0.03974819998256862,12,709625.0,110,5,5
cd8eef8a1e02d2c15c33b0013e311ad5,0.006537974579259753,6,274730.0,44,3,1
cd97a9af3e2d11e3ea9b14b7eb0b7691,0.06333109829574823,15,7401737.0,963,56,5
cd97af65869947ccee6cea14bb9fbffe,0.046447976026684046,11,3146411.0,34,13,1
cd9a7c0064dbb54925adcad711076b17,0.0045877364464104176,1,317895.0,17,2,0
cd9e47e90b601021e3711f6e8033586a,1.855586290359497,1,46539.0,11,2,2
cdb614e8430ca3d432d10367800caa61,0.005863013910129666,2,549868.0,57,2,5
cdd60f5434504fe05499d5eb8e8dbf69,0.005224997643381357,1,879835.0,104,4,7
cdd6a435257d241cce7449e200986b03,0.14892657287418842,5,1774185.0,409,17,4
cde043c0a5ed861828312dedcac30e7c,0.013941232115030289,3,3000007.0,443,9,0
cde5a9a307e87384da807d4dd164442f,0.0034443119075149298,4,970129.0,216,6,3
cded7ce0b934180ff9103b8883892304,0.015074740163981915,1,164.0,1,1,1
cdf9031d6f4e62442c335fc1a0b1388b,0.018357032909989357,1,571510.0,6,1,4
cdf9282538261637bc433dfabb99b3ab,0.23267639381811023,21,43252.0,9,2,3
cdf99486ba35c77527c062409c7dd245,0.006165579688968137,7,2077617.0,352,9,3
cdf9dbc3d8a2c68b0a93feb8c121bd5f,0.009144721552729607,1,233727.0,31,2,4
ce036f48fb7c2bac70764e69a3fbf7a5,0.11706644808873534,26,479724.0,87,8,2
ce0898ec240e82f8394f0894359db856,0.016366910189390182,1,2482739.0,297,8,4
ce0f1ad29138be67c54003329e94b1ee,0.039462314918637276,4,263389.0,38,3,9
ce13f6ebb5f707a609011d75dd00fd7f,0.16416656039655209,6,2123000.0,135,8,6
ce322c248a95ab7fd2ab33a93874702c,0.03013301081955433,4,2467257.0,287,9,6
ce6357068c57ea3a275580c6a644423d,0.13963858550414443,35,1431327.0,28,3,8
ce73e2c6aee2fca41b90f2b5cb0c9e32,0.19037128426134586,24,1341469.0,207,10,1
ce92a11b68b6f59bcdc58f3048ff7783,0.011932728812098503,1,868.0,1,1,2
ce9473483de9d9b81ab5b3e05e3978d7,0.009842593339271843,9,463851.0,68,4,3
ceaa55eb8e28ec75943cd3898f745187,0.07259236369282007,6,27487.0,16,2,1
ceb2e33bb563bf072cb13ea02623abaa,0.2867541015148163,1,6034114.0,8,7,2
ceb42fac620e6850e82791f3519a50c1,0.003934003412723541,1,337.0,1,1,2
ceb4caaf958790f08fd568388607ba4b,2.1500024646520615,7,18608506.0,1,1,2
cec12758a0a8c2cf936e435ae7c4fdc6,0.026768520125187933,16,65330.0,98,5,0
cec90794bd5b27788e8846282ebc1bbf,0.03312664292752743,2,16345115.0,1,1,8
ced726852e93b0e46ce1448027d307d1,0.026723820716142654,4,830794.0,66,4,6
ceddded25e1523b9ae19a576421e59f8,0.006629962241277099,2,858134.0,229,9,5
cf08305fae1439d2d0dbc9c28b79edb8,0.08330637449398637,9,34814.0,7,2,2
cf1096ad89c5f7d3d496b9387d8a54a1,0.011103335418738425,13,930810.0,134,9,2
cf1512052b6a9448b44c092126a22d88,0.4199737748131156,18,662154.0,41,3,7
cf15ecc9e686875cdddd3356541cc4e3,0.013035000301897526,1,21433.0,4,2,3
cf183d4b1bf5981ddd548b1b9dfa10da,0.1209375539328903,27,210914.0,114,7,0
cf1c8a1c7b5ac1cfaa056ac1c7eb48e7,0.031007546931505203,1,358.0,1,1,2
cf25baa391a03a7edb109402f9d4cd89,0.01914103119634092,7,3442304.0,89,11,6
cf3cf2d0264d919b2a259a70966d7107,0.010264817625284195,2,352797.0,85,3,4
cf3f111ebb2114c34cac71432aae2fb6,0.057587454561144114,13,3077.0,1,1,6
cf6885375840878656d8896e7078f566,0.0010000000474974513,1,2995291.0,889,16,0
cf76d875859c2378f8164bd3c62be1bd,1.5270343176089227,104,18369192.0,13,3,9
cf7e59c4c0ce7a57c9981cb870a591c7,0.029439516365528107,3,576.0,1,1,2
cf8658f6e09f6d23266f021bf090573b,0.021401940961368382,12,1280168.0,165,6,2
cf8e0087aa1a677cab90cd843cedd5de,0.1617972757667303,4,2017888.0,56,18,2
cfc9de0f9e16338bfdb7bfe1bb099100,0.09844823554158211,2,405469.0,15,2,0
cfe238fd98dad1a40fc7a05a62adb4eb,0.004555817926302552,3,1323108.0,42,4,6
cff096ca61abfd7eccf6f614736aa637,0.00719029363244772,2,1483547.0,64,4,0
cff93820a1a59f1a905a9d0f90c37a30,0.004893183941021562,3,3222693.0,418,11,7
d009a8847d8a9a4b32e3360dd996751f,0.11747803108301014,48,287015.0,299,2,9
d01743789ec9aad4f03379a2707e6ea2,0.003517409320920706,1,487.0,1,,
d01b38066cc2e15b22754b0c45c6cb0a,9.465088695287704,12,9060.0,1,1,7
d026a701c87fd2d67f32c4f001d65413,0.014783210237510502,25,1734253.0,215,5,2
d042d4b24402632da46beb3c6983fb04,0.037092696758918464,17,5305512.0,1070,12,2
d04e37ee4c28af1c1ca1317b83b23093,0.04747510747984052,19,254867.0,41,2,1
d072a5911a82fd929154f28a05e8bfbc,0.18762782774865627,9,66162.0,11,2,2
d07a416f58c5fe1a62d06fe3dcb1d666,0.04144570231437683,2,1963.0,3,1,3
d07bafd33532d453a1b6f7b8e7ea78cd,0.007691330276429653,5,550513.0,141,5,1
d084b5218601ceb226a6ccdf9b6571e9,0.007202300243079662,3,20371.0,5,1,9
d095bc44ca99c71102571c8add813e6b,0.010068905190564692,4,5800062.0,1025,24,2
d0b20715ac4b7c27fa6b534c14e123b3,1.044951083138585,24,14312.0,5,2,0
d0c41e8d3d7344a3edc1c3f01b49fc58,0.02549056604038924,16,4342114.0,377,14,7
d0c57257268d12bdeff54594dce89bcd,0.06076007056981325,5,1374634.0,333,13,9
d0ca994e347e33c690ac40fb39762af1,0.028753116785082966,38,7475580.0,1696,35,2
d0f4948069835e488676a83b50429724,0.10274942964315414,1,31312749.0,1,1,8
d0f82a189553628d38d613c159947a72,0.09294379875063896,9,259496.0,19,2,8
d10490d0e870104ddbe0444079d9f885,0.06702734943246469,44,633034.0,85,5,1
d10c92e9478e2032393863900af4bda5,0.13848788663744926,6,297353.0,19,5,8
d10de7894e81dafddf00110c406ea51d,0.036419016192667186,14,5811194.0,169,2,2
d1479f56dda5704e32e0f933f276ff64,0.057921985164284706,21,224904.0,38,4,8
d151ca5cb9d4396c52369c6f07a6bf23,0.056306710466742516,4,1181667.0,143,9,6
d15d34035d7ea7d13396c35474d1d720,0.01572258718078956,14,1293550.0,315,7,0
d166258c4412c6e5f6660d4b93a6edf1,0.00980574730783701,1,1095441.0,889,28,6
d17223520f37a6e4ff20c7254eccaaa3,0.3780677616596222,15,3615804.0,891,22,7
d19078a4645ab0937ee9db09f2f98326,0.0007638474926352501,2,10578781.0,1697,29,9
d19231a5eac8723d247352af48a1800d,0.010136596858501434,1,189736.0,26,2,2
d1926bb04d6818bd09008c113cf822f8,0.030339426826685667,4,860.0,4,1,1
d1a437917ae49862a002da5e1d3251ad,0.8511263048276305,34,5080323.0,285,19,2
d1abf1a8bc61dd1b7194a039862fff91,0.028144621290266514,4,434219.0,47,4,1
d1bdfa2e6639fd8e1e57eab59765fb4d,0.07843962096376345,77,6917878.0,573,35,6
d1bfc4453688e71764c976a9094f816c,0.008452507317997515,19,4760552.0,28,14,0
d1cc5b97ebad8079d1d703dbd69fc758,0.20901801018044353,21,690353.0,330,11,2
d1eccbe79e84f1a7d7d258b81e11bdc5,0.08379627298563719,5,5430623.0,296,16,4
d1f2f859558522221245f30e8855ba97,0.635758850723505,7,97060.0,34,2,2
d1fb119b0e396ba063c235dad497d8aa,1.944936215877533,20,2893543.0,544,15,3
d1fec31fdb2dc75dc00250e61d5bf231,0.03076740982942283,19,653296.0,129,6,7
d21e8c58ac84b107057035a8c11c2423,0.03931281133554876,21,1553047.0,213,7,2
d224ec24455f441e7eb88114e658743d,0.06272820755839348,13,35640.0,7,2,6
d229cd266503aa8ab21dfe9a23edc40d,0.23550565959885716,37,424186.0,65,4,2
d24002a8f6d39047ecd3960be6258b17,0.725908637046814,1,345904.0,118,6,6
d243a9095442c0bea25c1563cd55d171,0.07766018435359001,9,463266.0,108,3,2
d28c474f68209cedd070e9b66c243ef0,0.025380520150065422,1,2211.0,2,1,5
d2904cf8b54ac21afda74cdbece535af,0.2214711168780923,16,1241712.0,307,9,7
d2b49a7f3ce0ea477c6e8cb71be86af3,0.21924350783228874,11,6125265.0,579,24,1
d2c195bf499e2cfbcd8d0f15cefaa8ce,1.1559496074914932,11,320308.0,25,1,8
d2c35aba8e1d203950f0e07a25c53505,0.10800454020500183,3,953293.0,45,16,8
d2c674380e94cbad94545ca719428fdb,0.09211783856153488,1,16168712.0,107,11,6
d2cadeaaa7ca70f40a64f5edab87212f,0.03501940565183759,7,748619.0,57,2,5
d2d0daeb2623d687280bd34d22a549fc,0.20494578778743744,2,314.0,3,1,2
d2d2d4811ccf68c6195cf47b93a1e67a,0.011138133239001036,2,119176.0,38,3,3
d2d94df3bd133cccf9e56db01698ed22,0.015157311456277966,11,3811606.0,348,11,7
d2e78aed40aca564ccb381a465b11f80,0.00731996214017272,1,13314338.0,233,8,1
d2fcdd102e7f2d2cebeb13eb5a3ac980,0.0005723067442886531,1,189801.0,17,2,9
d30789213ba1e7d1448000de59f21eb4,0.007126272190362215,1,5513275.0,220,10,0
d307a8f7e3ed7cee16f766a135a7f226,0.2490997682325542,36,531259.0,255,7,9
d3256205bfcb9de9fb886422072b4f3d,0.43309349194169044,5,11314579.0,1,,
d33ced26e2864fdf2f5b1e743a5c347e,0.002676534350030124,2,3153178.0,415,13,9
d345675d0fa93dce237d69d18c469f89,0.14259211719036102,2,27122072.0,1,,
d355bd8ba0e10348ab8600a027a610bc,0.01810465194284916,2,1206.0,1,1,2
d359fb8dbe9039f09a0c9f2de287cbc8,0.0031562000513076782,1,946670.0,8,1,8
d3689355fb0fb8bb395202df601dd79d,0.010546459758188576,11,,108,5,3
d36c4437cad8e2959680c68aebf0372e,0.010855266056751134,50,7385173.0,2699,33,5
d3946882703bafe3976856ff66cfa9f8,0.03888294074567966,78,199440.0,24,3,9
d3968dcc0d5e0d5bc8aba3f48476ad7f,0.016816044226288795,1,764.0,1,1,1
d39cfedf227c019f7b7ebf2aedac07ac,0.9819474518299103,3,1496596.0,414,6,4
d3b9354aa7f1a493049bd562a28c6886,7.333312809467316,21,28288459.0,6,7,4
d3d1ce2d6e2ac5f346c14a285b521b70,0.06035472685471177,9,167475.0,57,4,8
d3e27d31e8c7f69c20ec662524d19123,0.07049394398927689,1,35333.0,7,2,2
d40c01b3a49e3deb40f7bad56f276084,0.04819945991039276,20,1518424.0,244,13,2
d42560ba1370c83759ccd33735bd95c3,0.0009286481654271483,1,328535.0,82,5,2
d4259cd573c471ce575f8af2ebb0b850,1.3387480340898037,66,524838.0,64,4,7
d47426771b933be6f776ec3e08a9bffe,0.005823136991239153,10,1054518.0,119,7,8
d47a51e58addecfd1fcf6930d1cbf67f,0.01636522077023983,3,435.0,1,1,1
d47d7a9779c59025a02fbb7315a41a6e,0.008219910436309874,7,979432.0,115,9,2
d48c800e0d0eb5f5c0dd24ac376512ee,0.000858026382047683,1,1412100.0,184,9,5
d4a01044f4c39e165bfa82746d95fd8c,0.03424603305757046,3,30535883.0,18,11,3
d4b638968c323f70ca2601e88c4bcd14,0.09914331324398518,7,2169503.0,357,19,8
d4be6ef5fa941ccfcadf419b54fbc156,0.9046800434589386,6,3050351.0,398,13,8
d4c551e8b69402393d555ce92923d014,0.014902881113812327,9,1914959.0,112,11,1
d4d0441e5d5c3aefc7c48003f094305c,0.004677955061197281,2,1115253.0,112,5,8
d4e37e43c0c5351558b547ca68c6dd53,0.1691607777029276,10,1900703.0,177,11,6
d4eee86e1b8bbbc7bd874506a80e7c8e,1.1840464174747467,24,9373539.0,15,3,9
d4f623d0c1c490effb89f04d15fcf637,0.2088116779923439,4,4594679.0,723,19,0
d50622212584ee6f24dcf2cce20e09d8,0.8057641908526421,5,2236291.0,113,5,4
d51f1be3c666140fe6bcc9f5ae7b4399,0.02636423136573285,8,,776,13,0
d528bd69e7142cce54286b0a4b09ff4b,0.0939450126606971,23,773914.0,86,5,2
d54a2af92f3ac673f391a4b96e9f99b6,0.1298019215464592,18,1403094.0,208,12,4
d55963a12071bd127a36644656619021,0.028243739157915115,3,3089015.0,374,18,7
d55a268405ae13fb6935858a5e971eff,0.031030241632834077,7,898767.0,133,13,0
d563f884c76d4cffd72c8f5b26cd79f8,0.006310012715402991,8,156994.0,83,3,9
d57136dd7d9ae438811865da48604bf3,0.0029975553043186665,1,1779007.0,271,25,6
d57397d4f2c2ba186bdcfb786e2b9026,0.05527946352958679,1,24883845.0,2,2,0
d580faa15fdfe90de2e097e6ff45e190,0.2581801190972328,2,1249.0,2,1,3
d585a240189b4f50a0d965c9be195cbd,0.23413479514420033,7,21602.0,9,2,2
d58685c6c5433e0e6b4fd32ab6b204e0,0.23077306151390076,3,6182.0,2,2,2
d59e20fb3a2dacbe7825df3c0a87de01,0.17181280523072928,105,444333.0,147,5,0
d5a8567836f70309a90370c7e460997c,0.010078933089971542,10,799091.0,82,7,2
d5b94641a9193b6fb441c2a718c15732,0.05239333305507898,4,4597554.0,483,12,1
d5fcf42c19d45867748a910be5505b64,0.05392640084028244,1,3277.0,2,1,7
d603272fe755e05a9ecd90827e1915dd,0.013004999607801437,1,261.0,1,1,1
d607be9e352c11514d894de78263138a,0.2962823659181595,27,240751.0,26,3,1
d60d6589e526f52f88c28af930a5662a,0.06582115904893726,53,1398817.0,109,8,0
d61a3fd75b7973d170edb82c9c18ba1e,0.01984398066997528,1,302.0,1,1,1
d63dd93dd109b55c8248e08df4143455,0.13096143305301666,2,938.0,1,1,3
d645b5d3c89645204d5057d7d62b2ca7,0.0726397568359971,7,2124406.0,284,13,9
d648c181e0e84c75bbf2bb08ab8d12dc,0.12547058705240488,10,1177728.0,120,6,9
d64fb4202c16c937b88e0ba574076615,0.04530448839068413,2,1200431.0,76,8,5
d67bacf627b639f1822fa3cf25aae617,0.03980542765930295,5,252020.0,128,4,6
d67ef43a71248bc41b2129992fb1da26,0.05092000961303711,1,3656496.0,404,10,1
d6826fd9805c009e1d0dc08a0dd88733,0.03774996101856232,2,4393431.0,562,28,7
d6b835268e486c198d38bae3153cc3db,0.0023288277443498373,1,2541081.0,383,8,1
d6be0df24c01ba81a639a5002f8bc371,0.11712824855931103,44,11417730.0,237,18,6
d6c4c02181a582837213d14a9d4a3cc5,0.32772859325632453,17,772068.0,136,6,8
d6d292031daa30c72e561940a0d03f46,0.005505385342985392,1,402475.0,79,3,6
d6e67c006f96e8f6a472befe5b149e0a,0.138615685980767,16,6508732.0,484,15,8
d6f4e79ba45d0dea294c6f7666a9b287,0.04453474283218384,1,1460857.0,474,6,3
d726bfe35f27255d16a019b101dd46e6,0.013151380990166217,17,12913314.0,170,4,5
d72c8b2d75a5828447757a11debabda7,0.0060417311033234,11,4585735.0,1454,21,0
d72cec5d9568a88d2fe5f268ca029a11,0.02576100081205368,1,271.0,1,,
d74282d589665ede37b92842e67dcba1,0.036440794356167316,13,15463.0,4,2,4
d7455b33d1b95714cdf0fa3c5a54f146,0.04983305651694536,5,91125.0,7,2,1
d74df2288d78405866e2aa2b261d271b,0.003711606259457767,2,4782229.0,713,24,8
d74f81fb51c5128ce6de4b9920624a62,0.016682521207258105,19,3787126.0,396,34,2
d7505346882904623c6fe35963240935,0.0604933041613549,19,40091.0,9,2,3
d75e46438aab27b567c8dfb50958c8c6,0.010264031239785254,8,1534810.0,16,2,0
d77852fe667e24d758f63099a395b5d4,0.10196114424616098,16,315238.0,53,3,8
d77b415289987a2f227b652d4fb7e221,0.005957302026217803,11,1190269.0,262,6,7
d794b392e8be643015baecf8e017e991,0.04931371472775936,2,1965098.0,141,8,6
d79c109ddcf5e98624d79b64a6af55c5,0.030010171758476645,21,923416.0,415,14,2
d7c18f237302bf9a30b7b6df2453b336,0.04807474836707115,1,796.0,3,1,3
d7d4d38287c24b6adc413a9757c70840,0.6977827199734747,83,128422.0,6,2,7
d7f8fd9e66e6809b1c36ae9ce7981687,0.06616154260700569,23,231223.0,76,6,4
d81862719142576d4e1167740dbaeb84,0.508791022002697,8,7257.0,3,1,9
d82c70e0370bc0bcd44d28b2bba42fdc,0.052431719144806266,31,23785057.0,5,2,7
d842cc28c236ac586697d47aca400652,0.06187531631439924,4,7659891.0,1156,29,6
d8441b8c0aa0cb85c35214f392f0e8fc,0.031543732271529734,19,89530.0,25,3,0
d84598c673639bdd26a8c4e1dfd45748,0.17799069546163082,6,32280.0,12,2,6
d85205b426e1b60e8d53d63a99381d5a,0.09849728364497423,5,2197672.0,104,4,9
d8561effd0a3965bb9883ec12aa5b2b6,0.08726873900741339,4,625993.0,173,5,2
d856764936c81ced2f6ff47c16e8fb91,0.0032548019662499428,1,1825326.0,40,6,1
d89602ceb5a7cf260afa0f174e2d62d0,0.020214198855683208,6,2771634.0,629,17,8
d8b641e1e84ed742b6cec9f70a672fee,0.37778211385011673,6,4135415.0,1868,37,9
d8b9877333e383f8604b10a51490cd94,0.006211638450622559,4,116396.0,15,2,1
d8bd625a827908b850fd0ecf66735039,0.024119194131344557,7,17591032.0,254,33,5
d8c3500cb7f02bcd09c784f9de56e024,0.7993288934230804,5,1056.0,3,1,1
d8c80affc1ba070ac0fa0ba955998f37,0.1481921337544918,3,21295413.0,4,1,4
d8cb1b7dba8f31eb4e5cb5aa21ba9d40,0.5049893846735358,46,29316378.0,1,1,8
d8cf6210a3ddfbcd39888c34147d5865,0.0032108542509377003,1,2865.0,4,1,6
d8d0c46d36d644b65ff2f4840850c7ab,0.0010765613697003573,2,824139.0,184,5,2
d8d67afc9a4a186f669802a336ababc6,0.2016619627829641,38,637816.0,100,6,3
d8e501c9b7533340e9d760dd38c08362,0.005112949293106794,1,292.0,2,1,3
d8f41c7db2b2c83ee6a3009430d25495,0.04251702502369881,44,14784265.0,3737,35,4
d90806b74cef54461153235e84068d9e,0.011975931469351053,5,3824241.0,292,11,7
d914aa5a8cf22773532ec464b6dc30e1,0.031063425936736166,36,5423650.0,557,15,5
d9163b98ea6143e54bae470ff8109aba,0.15810460783541203,21,3366511.0,366,11,1
d9233326c6b9f815bafbe57d1dc5037c,0.013436146080493927,1,4983.0,4,1,9
d93d2fc3e1a39837bb3ca8bae93dbbd8,0.13998515531420708,5,14910.0,5,1,6
d94650f3e6920df5bfc6435dab216c58,0.1841297708451748,11,9329393.0,108,6,3
d954e8ebd2679126efa20fc46e362388,0.011999027570709586,3,2681896.0,349,12,1
d95dad9271435b70165816ed205c722e,0.12319662398658693,48,136415.0,79,2,9
d9839e74221650718bdfc7d60ed6b889,0.0860432623885572,19,564831.0,133,6,0
d992c77e92dfccedb35a9f555f025620,0.04363849142100662,30,4433517.0,940,39,7
d99fa5848f9639b222099177544acf09,0.06194128142669797,5,13766485.0,70,4,3
d9aaeda64be1fc840c5cb007f0e403a1,0.047190599274472333,121,2519348.0,1074,16,0
d9c6f2c837e0afd3fb137af1e19e439b,0.29007655661553144,33,18491507.0,57,19,7
d9e32c9a57ed392522a4efbbf71dc623,0.00931351404869929,11,4818001.0,637,14,8
d9f72c39e92e765fb8d6b89b707d34c2,0.010486365390534047,36,1139578.0,318,9,9
d9fe3d5c8fa5e32f1709516a99032f83,0.05271279194857925,12,6510189.0,1315,28,9
da05ce3b8a38b35b6fa9f57e94eb1a39,0.09036445379024372,19,1032564.0,299,9,3
da07dc3edde90f045c53e7edb4bc5ee7,0.059054231038317084,11,253783.0,27,2,5
da112c4c66f4541b5190c5b197bea341,0.00637057120911777,7,3108926.0,328,22,0
da1a7ebeae3b86ca2461df55e74e7182,0.0017807753465604037,4,2866374.0,311,8,9
da40907d4d30fc79ed741ebeb044f5ce,0.25040309282485396,31,34841357.0,80,6,1
da48ee56a583fab9683156689a15395e,0.009094911743886769,5,1003918.0,75,4,4
da5d2635c51839b9a28ca9ba24f27e46,0.3131848070770502,16,98306.0,41,3,2
da6afd26c127a45ba2c316faa1daf454,0.009267505258321762,1,9607.0,7,2,0
da6c34f8055a4aa8b54c9f030b529c7f,0.012397775702993385,44,6006870.0,252,12,9
da75a083af3f9d38139aa82ff2260c71,0.00747430045157671,1,8878.0,12,2,1
daae5b7ef60982f660d171e931102d76,0.02094643423333764,6,1075299.0,229,16,4
dac1144af126f009d44ee70e81d1f5ce,0.11065887659788132,1,1111.0,1,1,2
dac3f266ec4609620710c68acf82e9ba,0.0045935846865177155,1,1057236.0,145,3,9
dad0f6d7a5187ce0a70ee515cbbb5c54,0.040772004635073245,10,566874.0,155,6,0
dada66978e0ef100d019c3c871eb77fd,0.037782524595968425,19,7623012.0,976,18,1
dae0dc2d4a163b33a3dbb40a75f3dc93,0.002068069064989686,1,185.0,1,1,1
dafe1e8a807065c80b87c80e671f4f32,0.06360755860805511,1,49857.0,27,3,5
db09b0ee45d928d05c19974dbe6b1089,0.018588183098472655,9,,713,9,0
db0e11cb42a7f3e1e1b639ec5c253215,0.013019959442317486,1,4597171.0,301,16,1
db0eff16da38dafdecc4aefad35d2de9,0.056577375740744174,41,10112829.0,65,6,4
db275e0674343a42a7ca9b2694532db0,0.16969393991166726,55,38971138.0,48,14,0
db2d86c6af1ae422796606243c87a6aa,0.044602442532777786,2,202157.0,14,2,1
db473c91b9b25678b02d315d785134d7,0.06168270483613014,2,1070.0,1,1,1
db790840ba530d73104ed1c4cf6305e8,0.001838636613683775,4,,260,12,5
db937d6ab0e3daa1269ea30238295d71,0.05000000074505806,1,311.0,1,1,1
dbbf13a8fe4bc20d29a83ca092120c6d,0.6186855733394623,2,810.0,1,1,4
dbc96bd98c259bef66ba541e8f18fa31,0.10000000149011612,1,837686.0,45,6,6
dbda3821f1daaf7ac74b94ff68155d93,0.1071846280246973,42,5703195.0,487,10,3
dbda6e66a5469462e688afa62f7e4b47,1.2836528699845076,29,5841.0,1,1,3
dbfa265cfb07d86cfcf0ea981e3c62e6,0.017205936834216118,1,1789.0,1,2,0
dbff5e2c164e546a0d9cfdb2e8161d8e,0.16583839058876038,3,1051.0,1,1,3
dbffcea4be4f7b1cd30a173df2772e60,0.059827230870723724,1,14711345.0,15,5,5
dc1324634f1ffd4519e1cbe602ed0943,0.10110434703528881,4,1641374.0,373,7,5
dc17f61bb510c1428d80b2a096bebf20,0.11007300345227122,10,6005.0,1,1,9
dc280773db2be222b440f0362b959027,0.021469628729391843,27,4142188.0,502,10,7
dc48a0313ffa446fb720d4f413c05fea,0.8232821247074753,61,3054981.0,854,17,9
dc711302157c29f94e33e5ba6f2b08a1,0.0021649303380399942,1,3687617.0,365,11,1
dc85d3019b84c814f16e90a2e7706fbe,1.1618349216878414,20,23405.0,6,3,1
dc87ba1a0e14bebb480e2194742ed067,0.08650598302483559,29,7813258.0,327,15,2
dc8bc6ef94e0de367690ec895b16b81d,0.04410043507232331,71,431137.0,83,6,0
dcae814209b89afbb83d6ca3072af102,0.0778019898571074,12,1750002.0,388,9,0
dcb20e301840e09f2e3d00d3ccd5eb3b,0.219536148943007,17,4250843.0,46,8,7
dcc92029be29fb6e9a76abdbbb5333c5,0.002205625642091036,1,435410.0,364,7,9
dcde9d25a38085013c45c20a5921fe5b,0.1460895873606205,2,437112.0,213,14,6
dce5cbe7410c3e2b313c0a7220a6cc05,0.06914365570992231,16,7285535.0,1301,24,8
dd0655aeb6150c9dba634e33ae3fab13,0.5260003758594394,18,6370320.0,4,1,2
dd07f722606ab8855ff76f4683d026a7,0.029460269957780838,9,127801.0,49,4,5
dd0e059442cb1e467c1e77df7633dee5,0.9640922755934298,51,1119187.0,91,4,0
dd0f71b3a1e151716b5794454235a798,0.14551370264962316,10,456643.0,103,7,5
dd48c21fd55b44aa6710a39001c539e3,0.02812499925494194,1,2129132.0,399,5,1
dd683a9dcf518b7534d10e2056f39566,0.016052549122832716,4,426201.0,116,4,2
dd76c56d19ac3cfac3b2e04695ab55ac,0.7702043652534485,20,,257,8,8
dd890fc5f50878338a7513f8b134fab7,2.241053245961666,19,242636.0,10,2,4
ddc0d6cea6682a37556396c045fe889d,0.04730420373380184,4,21804.0,3,1,8
dddd693313ece49e7e0fec469180f7de,0.018777236342430115,1,12380380.0,4,2,3
dde5e39d79f7b75e48e30b80958825b4,0.004777696216478944,2,,618,14,3
ddec80bd609cce0a75faacd02d9911ad,0.04338639508932829,4,18370307.0,3,1,7
ddf90d1d355a301388dc4f7e81302fb8,0.0157829697127454,12,6486677.0,282,13,4
de04ca5f661e4a43e6bc18f474484bcf,0.019169053732184693,22,7372099.0,585,19,2
de0bd8fe82013467ab2308907cc100d9,0.0382275958545506,19,5312.0,3,1,6
de2f4d18da40302a837f3b52b07e9988,0.06837073666974902,9,1709849.0,117,6,8
de35cd60752b5d75fc873400026f439a,0.22268250584602356,1,813.0,2,1,2
de5d8c4ab3ad8a17798efc6e85652e9d,0.0954277265118435,24,447757.0,102,5,7
de5edefa6e76ea0e53146b7be82d234c,0.37063417956233025,47,1151228.0,160,8,3
de659548c790932129489ada90726565,0.1561160385608673,2,5865.0,1,1,6
de77996831658cf422fa83feff5a7704,2.451656937599182,25,6820.0,7,1,8
de80b6a762451751f2502d5dee4699da,0.07011385448276997,7,225475.0,78,6,3
de87c4f48eb1e013a025f4a50319fd79,0.37422392854932696,53,6195589.0,798,28,1
de8a1a106314f71b54be3487b07c82a9,0.11316834390163422,3,37309.0,6,2,0
de8ee4cc9deae2c35e99db05b44e4597,0.08826769609004259,16,60161.0,10,2,3
de93edfeb79639ba6fa9670f9ca8637e,1.7566561289131641,16,9521289.0,1,1,1
de99f03c6da1d2c9802100854d2fd2cb,0.0035427920520305634,2,6214492.0,1459,33,2
deaab1c6da435d5a2d90d2335bd6b937,0.0667794719338417,15,139704.0,30,2,2
debc8bd36e693ae3353429b70600fd61,0.01773256529122591,3,1099405.0,76,6,4
ded2c42fde12a6597fcdf8f0f8098df9,0.07277999818325043,4,23089.0,29,3,6
dedc61b35b08618740426ac4663ecabc,0.37296328879892826,29,339657.0,78,4,8
dee4d4fda54f076d7e98017d50596924,0.011196262203156948,1,1707450.0,184,9,0
def3da2570e0e0502d24e08bd68402a9,0.08263591909781098,9,471583.0,153,3,6
def653b50a124ce4b9dbef085b97702b,0.001969683915376663,1,17746.0,4,2,0
defa7727da1a48427ab622f2dc0e3bc7,0.11032816022634506,17,7899.0,1,1,3
df10b2a5d6e1a3226e6df5e71aa85dbb,0.004121717356611043,10,3814666.0,173,7,8
df2f81c2c096a7c07fdcc5c31de43de7,0.004999999888241291,1,537677.0,71,4,8
df390c349f9474aa588db3b2534d9a66,0.03933038469403982,3,18344.0,27,1,4
df430d398568bbe43bfb8b508440afda,0.12285317946225405,16,13780777.0,78,9,4
df5bef75c8d9a827ccd2e27458836cc8,0.530846661888063,21,1365.0,1,1,3
df76411321a90a6229f085a84e47137b,0.11783077474683523,14,3200945.0,29,9,0
df8c572883dc9aa0bebe29ae14df81bb,0.27391507290303707,10,2656663.0,111,6,9
dfe545cea66874968485d9f4cf2074fe,0.005861540092155337,5,666128.0,5,,
dfe7841c9103c8fd7ae037535c579788,0.06093284161761403,13,126719.0,12,2,0
dff080c52b328f5d5d4d25b53dec09b5,0.004539095796644688,1,643.0,2,1,1
dff3253600eb8ad48ebd49099732c35f,0.1574886990711093,18,5503365.0,889,15,5
dffd4c2a63f95fab209a158be4416d0b,0.147464320063591,1,284.0,1,1,1
e001a4c7b091f89d2643feb3e553da36,0.0016625389689579606,1,2146.0,4,1,1
e00b5f4f651353bec9aa5f865c7c9487,0.012926199939101934,2,58289.0,10,2,2
e01b629fd006bc4e0061acc3c4395850,0.0024091009981930256,2,3100248.0,238,10,9
e022b3e24b494f73e893a593e9a1e2b8,0.11234459560364485,11,1235790.0,510,7,5
e0441c3f862df02beaced0dbe907ee06,0.04733627487439662,21,3527058.0,301,14,0
e0563e592522a43e201b0c291f79a863,0.01640613586641848,10,64876.0,55,2,3
e06057d05e8681045968f6a43bb7c001,0.0010590775636956096,3,7269.0,3,1,7
e074f07a278a0375e1463f0778ce9596,0.09312306717038155,5,33347.0,8,4,1
e084db114d0d36e5e0baa6cdb1a8480f,0.021488388068974018,3,1719283.0,525,18,4
e0919301aab83f6d7b79cc2ab02a87c9,0.0782642513513565,1,658.0,1,1,1
e096394438cafb844e19955cb6822752,0.029151136055588722,2,24010.0,9,2,5
e0bf3142b155aac5538a98829e082f05,0.03012855423730798,45,396804.0,76,3,8
e0cc3111bd14381e4188b9dc9bab2d3b,0.36259141960181296,32,1139797.0,161,5,0
e0d69156c739c2101f6dbdb5913b0cea,0.03656814032001421,32,1063034.0,132,13,8
e0dac4260185b0c708f1d02299ac6c7f,0.01063959812745452,2,4334906.0,258,17,8
e0dde341140c944e09195d6c98bbd994,0.0016820121090859175,1,375.0,1,,
e0f7a0e7fc9c31600b7ac649decc9c53,0.03166435658931732,2,697700.0,75,5,4
e0fa84253462f017732ee5030bc5f545,0.017911032773554325,12,942163.0,69,3,4
e109205ec4412e0c47f16cef21ffe7ab,0.02294897474348545,2,347.0,1,1,2
e11fc0a43e8c88a08de7594883ec90d3,1.7161368280649185,23,10791899.0,1,26,0
e1287b8ed81dd37b3dbe5699a8eef22c,0.053209695615805686,24,729298.0,93,7,5
e13afd8dcd48adf90861398550155f7d,0.04767015017569065,5,40707.0,4,1,7
e142c2fb81162f3eb0f2a8cd9d4a4333,0.00405635463539511,15,1933250.0,566,12,2
e158e84cde8301bb19696ae2db11958d,0.018945796095067635,19,792799.0,67,6,9
e18941edda18e30612fdc59922b72164,0.005017499905079603,1,813.0,1,1,4
e18a4be9e03a89c8e5a68b2ac2dc108c,0.1754508949816227,6,1621532.0,360,8,0
e18daf2a8a6241c45baf1c8e0ab93af3,0.026660459116101265,2,35146275.0,212,14,5
e18eab6a2465639fe9b8ec632b152522,0.006681414786726236,2,491861.0,95,4,9
e1a73b6e0f1438cffa0b8f2ffaf0a7da,0.23639725893735886,5,1581.0,1,1,2
e1d26d3233bf5278adec7aaf2ce27ab5,0.07305142903351225,32,2998404.0,757,22,5
e21801122127b3f06aaeff18f4edc70b,0.005146730691194534,2,1780714.0,176,7,3
e223ec0581b519a11b7677b839caad65,0.028911415487527847,1,3996.0,3,1,8
e22c12b82351c2e093030eab9ab1eac3,0.0483282208442688,2,5943.0,6,1,5
e232f69d920df746337e791797a8d1db,0.034343106555752456,9,4822502.0,321,11,8
e24b8d3ef806669768995a238202a016,0.008747985790250823,8,35976.0,17,2,6
e27491498fc81cb049dba988bdca1359,0.09049792541190982,6,128843.0,8,2,5
e280e7748af46385b9673063192fbbdc,0.09029696509242058,4,794.0,1,1,3
e2b79c91d26b19f1964afebe48068219,0.41118647856637836,12,1268412.0,143,4,1
e2b7b4b6ed506293d9516f5fba925f35,0.5307653434574604,13,59207.0,14,2,3
e2c4b10c9d47a8e702e559034fd068f0,0.5010003726929426,16,1520395.0,167,6,5
e2d03269d961325c5dfa014866ad655f,0.12396819144487381,1,1611369.0,196,6,5
e2e356b03def01479b4024b51107509f,0.03709497372619808,32,9187143.0,687,25,0
e30e5d7563afaa34034f1117fccf6eb7,0.0067527093924582005,1,15727330.0,1,,
e31db8fecd90ebd940c528a7e0e08f83,0.3373193144798279,1,188556.0,5,2,0
e31e959e4a707721cb68ffc31b0a24dd,0.22710565943270922,10,2588218.0,423,14,8
e3247b7c5bd3916e16899a5963e4628b,4.981737222522497,6,140962.0,7,2,2
e34343a95e5a73dc9c91e785063b0061,3.8947542905807495,5,4364581.0,158,5,2
e34958f21eb14c803068c49a671a8056,0.005862925558176357,42,,520,17,9
e35940b441cbfb674a2fb7281df07834,0.03785518335644156,49,1562692.0,142,9,5
e366ff6b7ea8f790825c25a3aad4dae5,0.0841592475771904,47,178383.0,41,3,0
e367cdab3b774eb28d892030c1314bdc,0.01984398066997528,1,8182830.0,128,37,4
e37a60717e4631199335bf8b1c87510a,0.1123139422852546,21,659396.0,111,6,4
e3849f98be04e3594ce1f27774bb105e,0.06590245990082622,11,7277.0,3,1,6
e386d92782260c6cc0a96379c83e124f,0.07781913597136736,21,2531387.0,690,13,8
e38b28ca986fbceb0ce055da4c386cea,0.033628910779953,3,3892962.0,1,,
e3904f2771570fe0d622b28fa5f4a133,0.09735602862201631,8,2338244.0,256,26,0
e39bd68fff70e478e20fe1032180525c,0.7180166916223243,33,68832.0,16,3,1
e39da41986e281359513f2ae63b65d6b,3.358747348189354,13,1417519.0,9,2,1
e3ab0fad918f0c77bbdd30aed4b98704,0.01467952667735517,4,15764.0,3,1,7
e3bc9b690dbb26fe937f3eb87e1370e8,0.27220265194773674,3,9716957.0,20,27,5
e3cb06be9183bca2da0815fcded71f60,0.021392928436398506,1,1356727.0,215,8,3
e3eaf6382ab910be7791d29811753574,0.13259049761109054,176,145136.0,29,3,7
e406f22ea4130f77b594d4a3cc23d6fe,0.008434031158685684,2,3136905.0,305,7,9
e41583f302616d521e9b8afe3acc141a,0.0015861999709159136,1,134012.0,11,3,9
e42dd48d5346ac711e6bc721430c11be,0.36023151502013206,2,8321.0,7,1,6
e42e6cb714a482b8c9122fd805a96f88,0.10263977921567857,25,2119755.0,448,11,2
e43c70dbaccc8f7c21cf11cf4f9f91d2,0.38472541607916355,17,364573.0,121,6,6
e45985f8728b7c45554957efb5f26ef8,0.01810008054599166,7,123466.0,39,5,8
e465833501bb2c6cd2532be0728cd231,0.958183228969574,2,12545.0,1,2,2
e4669cbe8fc05bafa58d1dc5378aca09,0.10708745010197163,7,2397.0,1,1,2
e4772056d5756aa314aa8f3fa923ddf0,0.06871479004621506,1,114939.0,17,2,8
e47af48ec87df0c460376403ec275526,2.9916051626205444,5,2429938.0,286,17,1
e484c2e51ee83463c2b9bc937c2b4c41,0.2501003369688988,6,953910.0,148,9,1
e49623b185de2cbe8af9c187e5c2dbbe,0.07614202855620533,31,4066381.0,109,4,5
e4aea73456634f95b32a7143d87f05ba,0.09575122967362404,2,2800739.0,87,7,2
e4b650fac0fb98bd7609d3efbc614e84,0.15661543258465827,31,767418.0,161,9,0
e4cab4161143e3bf7b78f7e8d2099054,0.10234989691525698,15,5435155.0,298,22,7
e4ec6049968df1def06cb26a4cd9fe2d,0.04807474836707115,1,55073.0,13,3,7
e504c21d2c960c3d46cdf30f57a1cbc8,0.0014365080278366804,1,89146.0,95,3,7
e50a95e20a29252dfcb20ddcb53695a5,0.18664737045764923,3,205.0,3,1,1
e52a77e23cb43fbe3ba0078d9b3069bb,0.011272246483713388,2,1555604.0,173,6,4
e5441729f81b58cfd002c142df9cc503,0.16372078889980912,12,4921789.0,265,5,5
e560ad988dcebbff3bb902cbae92313e,0.012663796544075012,1,336056.0,76,3,3
e5707ca08dbcb751cb4f2a578723438f,0.4575040154159069,55,13017.0,6,1,9
e57aca39c766ae7d6006142e68db312d,0.3152440672565717,133,233719.0,38,6,3
e59e1e338858700458201546840d998b,0.11247762735001743,70,788977.0,83,6,7
e5a7fad51c058336a9b06ab4bd080d0e,0.017082393169403076,12,3656240.0,304,10,0
e5afc01978e8232664d934ce4d125d46,0.1093245210358873,39,273845.0,82,5,4
e5ba9beefa7ca5843f6701823df08abc,0.0013715589884668589,1,506.0,1,1,1
e5be22096b13b00c1b3c8099883f7c40,0.3043780801817775,18,20186699.0,7,1,7
e5d9391a20c6f21bb38753a36f9bd361,0.07601441931910813,20,,104,5,0
e5e095f1518472a2019d6de904223c78,0.005655549932271242,1,641.0,3,,
e5e0d88137dd6f957c7806007687dbfc,0.03524906188249588,5,3361.0,1,1,6
e5edba259491c771751c919a28b369dc,0.025192496075760573,31,20949.0,6,2,1
e5f0a0e03ff443d8853d73e67a08afad,0.47910602390766144,5,22396835.0,8,2,1
e5f5a81f38b47572456a1a3c9ee6d62f,0.05671137571334839,17,28956960.0,9,4,9
e607d6f60aeb4a620e160fdec019ab6d,0.005095432046800852,3,240919.0,8,1,9
e6165d70f0e6a50bbccb53b9e1e76669,0.018411799566820264,7,664709.0,193,6,3
e6171e8c823b38a64cecf5a639d882bc,0.017290666699409485,8,16127.0,10,2,0
e628f18269ebc947d32680dccf09fb9a,0.018744492903351784,1,296.0,1,1,4
e62b3d6fecaa99a019d888f7694c8cc4,0.05619023065082729,16,555377.0,154,6,5
e62f80cf870bcf150c86483224cec64f,0.04197568306699395,32,1513398.0,132,4,8
e630639080baf3baa987c7e2824a533a,0.047111601725191576,117,,1,3,2
e642dac4cbf2cdc9215a892c5c5135fa,0.0045647649094462395,1,340189.0,68,6,1
e64536557fba725b47a6c9b45a77d2f3,0.7175944424234331,50,386620.0,143,8,7
e6475fb21736512492b400bee02ac448,0.053146010264754295,2,12820243.0,99,9,6
e65ada8959b349cd3246b534279586fc,0.022155869519338012,6,4688465.0,703,10,7
e65f6addab80309e65d7ee023fd02796,0.10127898445352912,50,356604.0,64,4,2
e66d83e832c2540b3f65f71917513ca5,0.1934054447337985,12,3438863.0,629,20,2
e676911a927c000f9e3dd9cac78796f2,1.2490175906568766,19,7530.0,3,1,2
e67ab3d80e4583e46b9a20f239c979a8,0.31042660865932703,19,4419047.0,1460,24,1
e689e777eb9514cb65a56ea2045833fa,0.23197545809671283,160,611818.0,96,14,7
e68d2e7e0cd763554e1333ac31fdbcd1,0.0018439909908920527,14,867721.0,223,8,8
e69538fdbf491a97d3b34df88e8d389d,0.02219557762145996,13,18994488.0,9,5,1
e6a117d95eb96953dd486e5abe29b11c,0.1131617957726121,31,,14,10,3
e6a1f7ed9cf0ac23bfa85a63bf821738,0.005633234977722168,1,46416.0,13,2,3
e6aae832d388e1ce3c396641bd21003a,0.009723314084112644,2,1001779.0,52,3,9
e6ab580b1b19e1ab091f40da5c75ecb5,0.015619943849742413,1,17827830.0,1,,
e6c9bc1d0e7ae9584df69084e41c897b,0.03108938317745924,8,809085.0,115,9,5
e6cb5c04e525b875885e22f040383070,0.09471865743398666,1,25271208.0,16,3,7
e6d9c7d54d6c9c4ba90a79c266b0469d,0.00800000037997961,2,32375.0,34,4,2
e6dfd4c28ba0e6c259da986a1d98d50c,0.08397596492432058,15,40786.0,5,2,3
e6fa80381069fbc3dfc84ec6c6dc1c4c,0.02253487310372293,5,863647.0,116,4,9
e704e428a2105b5badfcb65a09c22e1b,0.010308057768270373,4,10100.0,5,2,9
e70721e8bb9618bc5d7e02cd01a7c127,0.0022591270972043276,1,2054.0,1,1,5
e70a0450822e075be6e135c983da8fef,0.041495822137221694,10,10583329.0,16,2,8
e71ca8f8451f465bf1b52ec1fa94b991,0.023232015606481582,49,590024.0,109,9,8
e7444a07fb34a05319302ae55ce1aa26,1.0275766849517822,2,197728.0,25,3,9
e751b2c8ffc74df4e5e34af7fd7819d5,0.004252255894243717,2,748.0,1,1,1
e75221bc0ed4a44d5268321e1b0d8423,0.0688037108629942,2,10036978.0,16,23,0
e7527e452f3783708a3ac12a03738ea4,0.3788112159818411,13,3578937.0,904,8,3
e753d1a13a31a22d08cc58804077a02b,0.004404991283081472,3,1428141.0,257,4,3
e775a2b0326c23f52019282e64ef4fba,0.022325867787003517,2,1988.0,2,1,7
e788c7040fdfedf4b1ce7d22b267e9f9,0.08057906478643417,1,29874267.0,1,,
e79662081ae207e7660e8661fbeebd67,0.007968100719153881,1,2048.0,1,2,0
e798dbc5d2e635882b5daf79458f3114,0.057595869177021086,29,102965.0,17,3,6
e79ae686ffd5cdb45caa8bb748becddc,0.1094960244372487,19,712414.0,148,6,7
e7a8aeacac517e49fcb25e3ebba01849,0.012180155143141747,1,237814.0,26,4,0
e7b7bb8fa66e8b428af499677ff7d3ee,0.046442276798188686,4,391674.0,188,6,3
e7bc175e1fad28bdad663148aa77f75c,0.079634073888883,16,2273767.0,600,10,9
e7c55a667790909be9cea4413fedd319,0.2380683496594429,2,298.0,1,1,1
e7cb3011e5d940037269fb8227ce25b3,0.17840843461453915,5,1556915.0,196,8,5
e7e1e37be01306956ca31df5958c0473,0.03660794114693999,8,16647.0,11,2,4
e7ecb69bfc04a67c9b7468fad179a1ee,1.889182485640049,22,57296.0,8,2,8
e7f332b021ba535b5fdb952a769a3e60,0.018742612563073635,34,4641435.0,616,13,0
e7faa9edad4ac4bb6854cac66dabeec8,0.005380712915211916,1,15258350.0,396,26,6
e800b4db9393677b42549da6a8395596,0.12431849772110581,14,317917.0,13,2,0
e809308d9b3a5b8b60b60533c75c3d8a,0.17452353052794933,5,966.0,2,1,1
e80d217f48f3101baa3cfb8c34f128fa,0.11277788830921054,48,,525,6,5
e81561b50a1a4c9f66c11615ad8504aa,0.044951565098017454,8,10257715.0,68,15,1
e82d07829efa2ae766c0c9bad31a0f8f,0.029269461520016193,2,2517048.0,535,10,0
e82ed90827bb10da1831ddc922f52663,0.011713220796082169,16,2213044.0,545,15,6
e837421f19158fc92132eb2c36e3a1f8,0.05361689254641533,2,611898.0,108,7,1
e83dcfca7723c43051e28bd444128fe7,0.25748655444476753,66,358952.0,170,4,7
e83f0a4243dd1fa1be487a60da0b55b7,0.010936965001747012,4,1488223.0,79,4,4
e855f8d72e23a286614103b464c2ff2d,0.2640085672028363,9,3370849.0,796,20,4
e864e15d08fe83e0c2c36ece6c462d8e,0.06684889690950513,8,7614012.0,167,13,2
e8a182a34db808cd689e5998f8fae0ed,0.02935294876806438,5,4854093.0,238,9,1
e8e20d827a98c6a792917d68a99259e5,0.004098699893802404,1,1508.0,3,1,2
e8e6185c24521206c96b8120b0e1b84b,0.05701403133571148,3,35222876.0,35,2,0
e8f9a5273b1fd464d28e3814429bc47b,0.26148796454072,5,10154.0,6,2,1
e91d49e46be20e41c488824a81cd6354,0.05613457947038114,18,18897.0,4,2,3
e9239dbb08d2fad535ec22dd4a11d178,0.025843476178124547,8,,35,26,0
e93c9ad2fef021a7eed4eff42146b8c3,0.03800647612661123,3,2120.0,2,1,2
e94b7355a23b81f32f86f1c0e7d9c1c4,0.16209229407832026,20,175879.0,24,2,1
e94c584ca1ae4d7afdc200299eaa6887,0.004048933275043964,1,516734.0,30,2,5
e950f7b0403e0688b0ec6217406b8dde,0.08622829848900437,9,1201411.0,196,4,6
e956e7528554b7bff0f87e13979b9708,0.01368887310673017,52,486532.0,67,5,0
e96526a409be1722b315b1ee2deb33db,0.18210549280047417,5,201201.0,25,2,3
e97fb4fc02c5f4fe5e9eeb180238f119,0.35133357159793377,25,3901801.0,1084,17,8
e98039fd59f272fcaa97e3f523eb0f46,0.4146082568913698,12,1147107.0,151,7,0
e99fd968393f38ddd8af4e4836f10bf7,0.049341849982738495,2,4850422.0,143,4,4
e9a4821070d1eff4a28fc10187b736e9,0.15269778133369982,46,1466644.0,38,6,8
e9a581d3914360ecb652929cc63a3783,0.26736027002334595,2,3283.0,2,2,1
e9afd05967fc13f062a7251292b037a8,0.12269985768944025,20,253514.0,31,4,2
e9b4cb61a36eff69a57cd521b3f6ac5a,0.10138414124958217,16,24292.0,17,2,1
e9bb437d4781c1284eb85a3e3793b413,0.008232500404119492,1,434263.0,74,4,1
e9c32634041f912adcc1ba1eff84efe4,0.021007783012464643,8,1075197.0,259,12,7
e9d88022a9234dd4b112839f3509cfe0,0.028531134128570557,2,1094.0,1,1,3
e9f74f053608162b5211adefd05e3b74,0.6930816103704274,82,1593465.0,178,11,0
e9f9449b89ddc97279b41208c4b45ff3,0.023404572624713182,5,30941597.0,409,12,0
ea02539786b2347e229a40501569d173,0.0012065795890521258,5,1774961.0,278,10,7
ea07a1f00094b1c73eeb24b1bdf08117,0.8093661181628704,25,471672.0,37,5,7
ea3edb58c0891e66bf54e0c92ea93912,0.06429762067273259,33,3366811.0,445,16,8
ea41c495be52ebcc6dbc54bdc1da008b,0.33874853095039725,19,490737.0,11,13,5
ea4330767f327ac5aca23d620a103795,0.4407573863863945,8,3189.0,2,1,3
ea5feb909c974f48a06589bbb9df2d94,0.1326006466988474,53,378988.0,85,5,0
ea6d217e86dcc2f62a1b39f3696e8974,0.011329753906466067,5,488940.0,38,3,3
ea7428976a7f5da0784421675bdb3572,0.00983199616894126,2,332793.0,56,4,7
ea8121e7b8c46a2bd44c88bbbdcf6b8a,0.008790175430476665,1,22141936.0,47,19,3
ea826d83993b52efd8b09463754b0e13,0.024479620158672333,1,333.0,1,1,1
ea886be5ea0b669eeb90ce5ed2c87d4d,0.17258694116026163,15,1783515.0,206,6,9
ea8c2b22caddf3b78af5fe0e638adf42,0.6742519252002239,25,117388.0,19,2,7
ea91511f7c8ee2478f289dd89a2137ac,0.17523775156587362,10,334332.0,45,3,4
ea9f9c3fa0c6377903ddabaee166d9c8,0.0385354682803154,1,1443824.0,155,6,3
eaa78115f3a0649951b40e80f6ac63db,0.009341266908450052,31,1518336.0,509,16,1
eaa961d3624ea411cb27d061cbd3542a,0.021382831037044525,2,5520798.0,966,24,1
eab21aea02144f00cd30d8373a55100e,0.01619799213949591,14,4524069.0,303,15,8
eabad7b5458f0d63eb9238decd0d7756,0.10981412511318922,16,828598.0,144,9,9
eac0090ece7bd5ebbe4db21e3aa260b8,0.09957845602184534,6,19454.0,3,2,1
eac0994f0b2fecc79bfbd0c5c1e292fd,0.033463597763329744,5,1928147.0,88,6,8
eac35a09d491f984b6e3a88323bcb5d2,0.023229955229908228,9,205226.0,42,2,9
eac435735ff8555b8f0583b4c5e2dd58,0.009622202720493078,2,981.0,1,2,0
ead449f6759cf9c245beced496701679,0.015472443890757859,9,1577616.0,245,6,2
ead935be8146fe03a4818968a79df745,0.04940693872049451,9,8524724.0,1185,16,0
eaf5660ea208d44b4280479b95e57685,0.3176099918782711,5,19148.0,4,2,0
eb0a5bfecff407c075841bbedb74a2dc,0.029342893976718187,4,29444113.0,1,2,3
eb0bc9ed04eea622f59d77bd498bab21,0.03290235251188278,2,1362.0,4,2,1
eb34d8039e8ddab8a9a338f57bb5f2a3,0.48184873908758163,5,107265.0,31,3,3
eb3f0568f21404c5a55b187f421b418f,0.9760983921587467,18,28314216.0,5,1,6
eb456b3ba2e78e905b413729759a3bdd,0.2708173203282058,22,908065.0,167,6,9
eb4d2885f3d3acd53252459f278c9650,0.005887320265173912,1,19532359.0,1,,
eb677cfda37974077d3fabe3da01f918,0.0958005974534899,33,21041.0,9,2,1
eb685252a1da231d4bb9424f91f96b43,0.012937311548739672,3,506865.0,40,4,3
eb6cde1572da41c33908e133fa511d91,0.0016636322252452374,1,27371500.0,7,,
eb6fbe3df48bbf6fcc663237c0e0f08c,0.01728610135614872,1,258.0,1,1,1
eb7197c3799b385c6632ceab778294fa,0.05850162956630811,37,718832.0,348,9,9
eb7e9831f247d696638cc15e93f3dfc4,0.002986513660289347,2,3262220.0,79,4,4
eb866434c217362053f517cb475ad342,0.0210617920383811,2,400113.0,89,5,3
eb86d5c210203421947be2f21ac2c66e,0.026626089587807655,4,36419.0,34,5,0
eb8f6df47f8a29e573f28e03d8137826,0.605587437748909,5,76149.0,6,,
eb9ab432a86508c73633d21842539330,0.7738551385700703,14,526102.0,3,8,1
eba16b3193139132445b932130c59a02,0.0034873270196840167,2,9647.0,4,1,7
ebb1a906cc701e27ca45990b55f4e6c2,0.01004743913654238,2,75003.0,4,2,2
ebc6447e4d286eb815e38e40368296c8,0.1283431202173233,1,1654227.0,186,9,6
ebdbb56506b3e1b029fdb59f81742c15,0.08279721398139372,110,330760.0,111,5,5
ebdf0f80289158d9d9b00a5a752f5d9a,0.2600325949024409,48,1043965.0,211,12,3
ebe4149aad6a686408b546817544bea1,0.018821008503437042,3,4207843.0,3,3,4
ebf6e076b71a5e730a56ad93a1d0e037,0.22059814259409904,14,3025422.0,357,9,7
ebf99fb5da3c8e49d9912a3825d346c4,0.3220998663455248,8,402903.0,82,4,7
ec0f4ea4e448f338f647717b90428a14,0.007518013473600149,3,228240.0,92,4,0
ec396aa46bf3b7ccecdd3c934e1e3980,0.045539943501353264,4,1717452.0,424,10,5
ec5311ae5c18cb78c8f48ca2ff621bd9,0.6919279284775257,30,291286.0,32,5,2
ec8265f422da9677903f284b63c1c58a,0.01470281311776489,15,424948.0,109,3,9
ec95d25b37f6bd64efded2627032f9ae,0.05025871656835079,5,2390703.0,12,9,9
ec9cb9feeea8ae2de2b5c46d2f34cde7,0.02112044848036021,13,1756560.0,363,11,6
ec9dc6649f5e9df2b2a833992c228f70,0.2610149197280407,17,801126.0,69,3,9
eca2d4f6981367263977d0c2b0841734,0.1470517361885868,30,1706359.0,182,11,9
ecbb25a43264175c27663b01350d1a84,0.007645175792276859,1,2206121.0,213,6,7
ecc77cbc914855b88673dd91a31a9612,0.6818449422717094,7,5918294.0,177,14,9
eccd750b1337cc00a09010cf51d69164,0.019121645018458366,1,720995.0,70,3,5
ecd787381f1b14a5314e8aa06707bdca,0.01858272423123708,78,2746043.0,70,19,3
ecf76f6feab9dcb53c7046bba3b13e72,0.009286298882216215,8,1985239.0,174,6,5
ed30e0f5c21250fad03f7d1dc7c905e1,0.9867294039577246,3,433121.0,105,4,7
ed386646fbac16b03b1cc1436c7dc60a,0.7967358827590942,1,25784530.0,1,1,5
ed3acaf6a799f08ab9b872c455c6d35a,0.057533993385732174,4,29687852.0,8,4,2
ed5473c32def9ef1335a512924949bca,0.10347172908950597,30,923268.0,160,6,5
ed56984e5d4f65c48d6f0f6e2b5bdb9e,0.018478356301784515,3,91083.0,7,1,7
ed629a5dca957c40f8630d20e236b626,0.2953612133860588,13,7991.0,5,1,9
ed70ed2a7fa73c901bb52608553e20cb,0.08073962177149951,31,300840.0,30,4,1
ed824c636dcbcedc5e2eddebf6c4b888,0.07797340827528387,71,1514247.0,327,12,4
ed8a7e7f86daecae5ecffd643a841658,0.0029905240517109632,1,30935455.0,9,17,4
ed8a91fb89f4ffdee1b5c6abaaed7331,0.009601813741028309,1,113662.0,38,3,7
ed9087f4b8415fa9da55df8c325587f0,0.5296319746412337,34,1705305.0,333,12,8
ed9c603b5537f31cbf68c0c243fafddd,0.09481387957930565,2,4069475.0,270,10,3
eda3e724609befaaa416d51091ed85f8,0.030068554915487766,2,444051.0,106,3,6
eda642bf938dc3a3e411210674c97229,0.006241669412702322,7,5475348.0,133,4,5
edc49151d0397244e440d06c10fceef1,0.027814799919724464,2,540756.0,263,5,2
edc73b1220075ec16eb8e053ffb28513,0.0841619074344635,4,866700.0,160,4,3
edcda6765dd70a32f219365466f055b7,0.012135842815041542,1,19611639.0,11,2,4
eddf8c9fd6d9b96b41fda43db320515b,0.4551517269574106,17,2496332.0,545,12,5
edf046fb3908722d470214c433a6c00e,0.016778410266852006,35,274435.0,25,3,5
edfa222f21bf8089f8d44d9f78c69e97,0.006759997922927141,2,2755508.0,234,6,8
edff6f032fe1ef7b6198a071fc26068c,0.03691850951872766,6,233230.0,475,48,4
ee0232219bf9decceac4bebff27726f2,1.7084367610514164,25,3968.0,3,1,2
ee22d4a2781e2075f02d82cc4b9d7301,0.2779053784906864,33,2014929.0,478,24,9
ee23e8fb32f6fb468f19ac6602cdc8b9,1.4931207299232483,2,2933171.0,391,23,2
ee26a797e7c71231f653da2cfb7bc9fe,0.44997438788414,2,482330.0,40,3,5
ee318377530050cb581305799b4bcd88,0.11851691151969135,26,5335499.0,390,12,9
ee474c01a69b3c37b1c58fedd33496ef,1.153590302914381,10,791277.0,287,8,5
ee4c2de9d588ee8d6a3493958f1f4149,0.011565187276573852,21,1576426.0,229,14,8
eec664d6f09ea9943780603c812f7642,0.34559512604027987,8,34499.0,7,2,0
eee40d6a6c11cf35a2121e54427db7bc,0.07964951824396849,21,649256.0,236,9,2
eef3b575e06901e09217a0f4e87eb47d,0.05954600032418966,4,997934.0,259,6,7
eef546da80f209ebb3d0a0567fa69ed9,0.3341122567653656,1,1527174.0,337,18,1
ef21ff20036d7942917cf4b561378f81,0.04157252941513434,26,5010337.0,1,,
ef6f133a9e621027e06f8b4a03896a68,0.09561402653343976,34,66779.0,18,3,1
ef8de15ba5917df76240f3e589a8875a,0.015621933969669044,12,752583.0,113,6,2
ef95dba755ee1ea2179e5b014679f5e6,0.09976667864248157,13,5399255.0,294,23,6
ef9ed72a7ad8ad0998af5454cd64789a,0.16829628497362137,6,41691.0,16,1,9
efaaf226abaf3542356f9f330ee091d3,0.050037119537591934,1,3530330.0,135,10,2
efbe48dfe2be1761990d76140cc61fef,0.017080548510421067,14,7369149.0,1471,6,2
efc18788af817746f0a0c6abf93ad951,0.12835577875375748,2,811.0,1,1,2
efc79e17b48d75eb351de0b09910ff42,0.015785887371748686,3,473948.0,6,3,7
efcdacc1f2e15b11aa37fe252c4e4d0b,0.3361728936433792,4,1733726.0,605,15,0
efd2324f83ed2526b23559fa9f38921a,0.1013226849026978,12,160105.0,24,2,6
efd9089249282616e361d884a7694199,0.038166294107213616,7,746835.0,142,6,2
efe0edf180a2e89e2645087f7bee4276,0.15217039827257395,4,6304987.0,1228,22,4
efe25efdff9fec25f12f7948257508e6,0.07398360827937722,14,305085.0,28,2,0
efe435b2e6a883e6e2f0ef5a63916094,0.8513529216870666,37,3492619.0,1074,10,6
efe5b90b1c9cfa8583cde31ae8580aca,0.04147263988852501,1,10422132.0,2,4,6
efedcfbd5a06f11700dfe4752f2d1f37,0.057256571017205715,7,38068.0,20,3,9
efff32e468018f0b75e35543798da93b,0.008154090261086822,3,6764065.0,635,16,7
f02e32f6524f24add71b2b8a241850b3,2.3730513602495193,24,10933.0,2,2,2
f0487681157a0b708f890fe532a33051,0.02154872426763177,4,3757399.0,515,7,4
f0564e6259ea30513cfaf87d128082ba,0.5784922172315419,104,414443.0,34,7,0
f058323cc2c5386b6a331caef4d402d3,0.015391880238894373,23,759688.0,108,7,4
f05dc9dc875ad449d65c24dd9cd02f3c,0.04024495207704604,14,897829.0,58,3,9
f05fddf26db4a1a6e1c87d0a15be3d6b,0.022386987111531198,13,1419475.0,271,7,7
f06eefe306215a8686d15aa0237cb3ce,0.005047163460403681,1,6851224.0,331,4,8
f08d46083184a37b70ea7eedd24ed9b7,0.038785012176958844,138,3806121.0,308,12,7
f0a88275ca9b5e8e05254d7c7d75d198,0.07371103251352906,66,1175783.0,245,6,0
f0cd92898c0aa8a07017a0889993deb4,0.003840899094939232,1,616836.0,215,7,5
f0d08e6b66c0e8e0420cae2e8b5e8f9d,0.0843229996971786,16,1331315.0,84,3,5
f0d941f3073e174d2b92601620c8ce84,0.035784950479865074,2,456338.0,46,3,8
f0de9c5ae92a79b7273fc81a87da25f5,0.03176469565369189,9,1104937.0,361,7,2
f0fb03dc5a4ff2f97b1d30f3775ddc11,0.05081815519952215,27,508151.0,64,3,2
f10195150abc43b525770e6ca0c5d5bb,0.006727462634444237,1,2276831.0,313,12,1
f1089a57f01acd6ffcb647583a38b92c,0.14041909016668797,2,170616.0,10,3,2
f114dabe32dfaf4954d6ca0a51cf9863,0.009162364294752479,3,6338.0,4,1,5
f1345c3708e1256c150dce4b95d507c0,0.10616704169660807,9,1115660.0,386,9,2
f13fbc13e4d43d928ed31e39148de0e1,0.26442280784249306,7,825312.0,48,5,6
f14499974f9927a5741899b1f0b70eac,0.5715131014585495,9,3078.0,3,1,6
f152ebc0527074c7c749925d2ba88662,0.0019147162092849612,1,33684.0,9,1,9
f155f0298340a0f2505b2633b1070a8c,3.0447084605693817,5,1487942.0,4,2,7
f156f7ba3430ed84070da31abddbecc9,0.12383254594169557,19,90085.0,8,2,0
f1572a20cad870f2049dedb5d402858a,0.2281846171244979,22,325436.0,82,4,2
f185da58521bb6907a7e89204b04b7e3,0.0021284075919538736,1,20346605.0,1,3,1
f18afd817143c427c9c74c96c1f8307c,0.06799561530351639,1,24764116.0,8,3,3
f18e905c764a9a8b242a4c7a7d8632f4,0.0,2,2884.0,1,2,2
f18f8ee8c376edbc3d0ea757ec445ae3,0.35863472055643797,37,6664978.0,48,5,4
f1976766eaea396fa0bf52529d450cc4,0.030650389729999006,25,18543499.0,69,7,2
f1a84919f902f78735690039bfa7fdf6,0.004201279021799564,1,1592919.0,30,4,6
f1c3a90acc455d3d53dfca15f2e237a4,0.1541385531600099,63,,179,11,7
f1d0d2c29d4726126a59c5eb7edf0f13,2.809111963957548,21,22460062.0,3,21,9
f1deba300410913fe7f98343d2678cf2,0.7569498522207141,18,1910773.0,237,9,1
f1e004327ecb9ecd22b893b9b1951ef1,0.04286533081904054,4,3754288.0,782,15,3
f1f2974211a946a4619e69eae497ce29,12.692671412602067,21,28512782.0,3,2,2
f2031f41f3f54cace38d0c03cfc5cbfa,1.2353791678324342,73,631248.0,82,8,7
f20a88474d9752aea04bf0ffa3554ed6,0.024148967291694134,19,56497.0,3,1,7
f20ff489308766fe5889fadc2be49c30,0.039432115852832794,1,360.0,1,,
f214a33b74d9cc3f16a4e90d2954fc0b,0.02137386007234454,3,,2611,39,7
f218bb0e63b05eaf83d378f67513c8df,1.7298296466469765,20,10595.0,1,1,4
f220ebfa8c91d0b8794ae2dbcdb92103,1.3043036311864853,9,186667.0,4,1,3
f2224a19e03419c6da62d8d442cf55bd,0.04806505562737584,13,3329251.0,136,5,5
f2340b95594c9fe29e370b74548ef6f8,0.0028840142767876387,1,1698487.0,158,6,5
f24b88ef7676151f45533ca1be6b0737,0.21657383302226663,23,468402.0,64,5,1
f260066ffd9e8dc52957709860fd55cd,0.012620450928807259,4,633.0,3,1,3
f26e7751a059131caf2008efa10fb64c,0.13959788158535957,3,3834815.0,552,21,0
f2721a1f8eaf4c8dfd63fa092713eeae,0.23050715774297714,3,800.0,1,1,2
f2729acf2d15d4bbc2eaabcfc1feab80,0.0069385066599352285,39,2947859.0,551,4,7
f29f49800323efe593e6187f9a4e9b7f,0.06489116745069623,27,2150857.0,262,11,0
f2c75cd7c65f8f8df90800c1fa52e177,0.7553995251655579,42,967920.0,53,3,4
f2c90016cf2338be6ebbb37dfd81b96b,0.08845484355697408,32,2488431.0,615,11,0
f2e5b0432dc0286437040bf1ba02be96,0.13124988228082657,2,12217694.0,30,7,7
f2e9106a614c29546114de645c6e017e,0.1948962367605418,36,3521551.0,188,11,0
f2f88ee14341ceb7801605e758b41b64,0.028460908302804455,65,10314979.0,293,40,3
f2fdf71a851a827ed9023daff98564b4,0.12177133280783892,3,2065532.0,190,7,4
f302bab499632e514b9ce238621ecbae,0.004364622989669442,3,668425.0,164,7,3
f304faa1a1ab416bb4e9a1d997ac9813,0.3025219487026334,18,1546937.0,518,26,3
f306f1ecd3513012b203e179bbaed716,0.06497032118932111,230,2029396.0,486,22,1
f308fd560639b3997a1be7c476d40bb2,0.24399950075894594,9,16736987.0,786,16,0
f310c2acee1a9b87546361176b51369f,0.01680549088632688,22,284358.0,150,6,0
f3262f11a908ace361c7e00162f5bfa8,0.004230621736496687,3,1156157.0,38,3,1
f33d4df0c20f4494cca2cdbbed8ae707,0.04322676040465012,24,1414604.0,130,10,4
f34cb6ae8a2add30adea6500875dc39e,0.00215823482722044,1,252703.0,68,5,4
f355b1c46bc193153e07b2f9c938adba,0.08898356149438769,32,33855.0,17,2,4
f35de5872a1070b3f18d2dfcb5865edf,0.029597801389172673,7,8139.0,3,2,0
f3916e976deb67c266a43bbeb02bc758,0.0018004385055974126,1,3779702.0,538,12,9
f3992158c70f70a2345827f0b762edf6,0.009286197484470904,22,1314890.0,278,7,7
f3b0ad9ad6512d7d1858dc6bc797aafb,0.1483602242078632,59,2305347.0,771,14,4
f3c4198856585bd47d6183d6070a1841,0.023651014547795057,13,533131.0,110,4,4
f3d036340bf69736fd7458e4b03e547f,0.05913644294196274,86,1830838.0,383,13,6
f3d7bffa38915fd2f0af211528328be5,0.0170387217640382,77,2720839.0,540,12,3
f3d99e50ef1392c4f25fded0cd6d65ed,0.015743692114483565,14,2636573.0,674,15,0
f3e3c17a2051ce6eed38b3c38bd08630,0.2503726724535227,27,4889.0,1,1,8
f3f17037b9387852825b63deee75e9cf,0.13562193978577852,22,3774496.0,414,16,8
f3fe5a653d9a3bc1239cca5e6cd60a4f,0.05181767977774143,2,52025.0,11,2,0
f41ec101393e83060e0eb2d12c5fb883,0.0860416367650032,1,3684037.0,51,13,8
f42838a442744fcab2bc5c3b4489d3d9,0.028667502338066697,11,277955.0,45,6,7
f428cc35a22dbc20b4535b2ee7bfa8be,0.009267567136703292,46,6963504.0,1612,36,2
f42b7d2cd2a8c0a260525233924799c2,0.036835502833127975,1,22788447.0,1,,
f438d0c0e26808c5945a3f1807d3daef,0.051985714584589005,4,1806680.0,229,5,7
f43afc3407a155f53ae65f6163040c76,0.027772083063609898,12,6869415.0,854,26,0
f4483898f132643c08551fff6fe38ed8,0.0017503928393125534,1,102542.0,28,4,0
f45e4dee430019f7bdc641364ce7ca2a,2.836160261183977,32,529423.0,113,11,0
f4636815c712969805a0d45b35fbb5cb,0.031884470605291426,14,1248540.0,248,8,5
f477fd27612126c78f041588e590e259,5.315597292035818,46,19216.0,6,3,0
f47b99ac84f91f8100594c8762e65f04,0.02624561730772257,2,131676.0,14,3,2
f481909498c41ac99c6cd76d3a307104,0.0020112143829464912,2,1187318.0,665,8,7
f4854b8fbc10ecaa82ad3f2e3feece31,0.011009063571691513,1,8862635.0,194,33,7
f4927a21b0e67f32f9b7d4fd53415014,0.02917920786421746,15,5483942.0,863,17,9
f4a9353357a4c9dc560ede1283629097,0.03556131140794605,28,964607.0,214,9,6
f4ad3a81f4660645904a506707bc5f08,0.023957258090376854,1,1146318.0,160,6,5
f4ae8a2580e512e0457fa60f0811965c,0.006591142126126215,8,7514969.0,356,19,6
f4d909dc875ad7eadd21dbecd24877ed,0.17673514783382416,7,552780.0,126,7,7
f4e29754d463b738db2381aa88d9efc8,0.0993394140386954,13,19996454.0,414,24,6
f4f1cdb0402fcb7d9b3983ea374d5164,0.18748625088483095,9,54038.0,6,2,1
f4f5f4d6fd86e1fbf2451a9b84d6036b,0.006209370505530387,5,4825888.0,967,25,2
f50b63027ce1f716f755e83a0859be8f,0.037638179026544094,9,2448386.0,664,19,6
f5110b4a319623c9c3131dac9cb5872a,0.3491081725805998,15,1294545.0,159,4,5
f51600e4eff8cee8d1d1ece46f9ab533,0.11312371963867918,94,208673.0,166,3,9
f51a2ddd599ba6c2c1a704e6d658413d,0.08535558450967073,13,8876505.0,27,22,3
f521b2526c8f536f7753572b1bb89a5e,0.004518202011240646,8,2352026.0,700,20,3
f558c319f9338ac3082911ff473d3e8d,0.3246016912162304,5,951080.0,39,5,0
f5609f6ceae5d9cc9bb80eb2ed1e4adc,0.012354680337011814,1,32812.0,26,2,4
f5782980edcb176e35d62e977626b224,0.005681999959051609,2,7343030.0,856,20,1
f59b74a8f395fba00e1856a87c23a92b,0.0035002166987396777,13,1655924.0,505,8,4
f59eb16b673c72d1b926a1163b862f3e,0.013974101457279176,9,22890333.0,78,7,6
f5a2e4ced139588c59aba3e1fa5fe604,0.24483616277575493,14,24640287.0,147,12,3
f5a6843691854e98ccd78436aa8b813f,0.0961494967341423,2,193661.0,32,2,7
f5ab16b3662cf60fce5fed71cdb37317,0.04296226054430008,2,27414285.0,133,3,0
f5ae86f3150c3b4fe88d8a857f19b59e,0.023338033817708492,2,5255.0,4,1,5
f5c24159355985db8d4660e1b804b2d9,0.4398663714528084,5,26432.0,3,2,1
f5e2e290b036762cb1f260f9d80d6008,3.0372339747846127,29,4876.0,4,1,4
f5ebd7d864a2810c1b7da32c834afd54,0.02351878583431244,1,1277891.0,165,10,2
f5f36679bba12f97362e67c291620870,0.034889203729107976,7,3076583.0,810,23,6
f600608067f11d072cb55b9bc6992d17,0.029816442169249058,3,2940451.0,658,20,0
f6198a36240537b9fa9acd9871933699,0.06521002249792218,36,1314610.0,93,7,8
f628e20974acce31ef6f78573c450eed,0.20249714702367783,5,15027121.0,24,17,8
f636fb14522f6020d7ce69c18d52f45f,0.3613714154344052,48,,420,23,9
f6381e46e0f576acdaaaffcf574b976d,0.14957809448242188,2,4163925.0,149,4,6
f63e9f7be9b8efba08d13a74abe21232,0.007627876126207411,7,22582.0,7,1,9
f63fbbf0cbdba879f2e47d602e71576e,0.0012678324128501117,3,2158246.0,248,7,7
f64ca35d30a330fc45a3907b28242432,0.025375000579515472,31,5227432.0,179,27,2
f65726a04ca063b295d58854c822be3a,0.05998415173962712,7,995.0,1,1,1
f658662632f2c870b1af1d74d7728f46,0.0029490144770534243,61,3324065.0,604,17,9
f6589d0ad3bb5a0876c4f6083c940daa,0.01633511029649526,14,4598082.0,141,16,7
f662cdb41b6cb8404f5e54b99648c2a2,0.04745292561710812,35,,757,12,8
f66f912dace9d7b374c250a79aef8380,1.251483895815909,61,920263.0,84,13,9
f673f413a8f96aa10fc97d682a10072f,0.14881481137126684,7,1884972.0,54,3,1
f68c1c1c66d93190d8f86675c97c61a4,0.008476672497636173,37,1299557.0,539,8,7
f68db3fd16cc2cb74a6a3e92b5696616,0.37625322194071487,245,757629.0,119,6,1
f6ab267da3af1acb432b3014b5030491,0.07714053057134151,12,28338170.0,150,6,5
f6bde9df69f9d9565996897c0e8638f0,0.021205490920692682,3,7253756.0,1217,42,8
f6f7c3dc6821b4dd2aca7e506b723080,1.3163536712527275,62,152098.0,54,2,9
f6ff30b2afe0059b03c95a355bf1f463,0.5362969152629375,72,1160283.0,644,9,2
f7070bf1a3efda938a4f8cc801a2178f,0.2264181151986122,7,3561790.0,326,10,5
f711afb335ea85774289e61ddf546421,0.6491717100143433,5,8946.0,2,1,3
f73aa6b49b2d7f04cf2acfc7572a0e80,0.29616955295205116,9,1558.0,2,1,2
f76c669386de7d84c5b01517ddc12bf0,0.1665695970878005,19,2486562.0,81,11,1
f7762f93ff7c74e81d8d6fe9b4b082fa,0.019420922617428005,13,235551.0,6,3,1
f77ad584080a853222d9828fe56fbe5c,0.0038016970502212644,3,125568.0,6,2,2
f79122f52805c5eebb601f6fef05626d,0.4647186226211488,41,999093.0,120,5,8
f79c779b773bed43fca420baa2ad421b,0.033815573900938034,6,234819.0,44,2,8
f7a078c9ae76e2f5dd8d8538163edb07,0.00384846911765635,1,2263469.0,511,12,2
f7ae324dc8547e65ff61280704375918,0.3246103348210454,19,933857.0,404,6,1
f7af5219b1b234998faef298f02b05f6,0.018090611323714256,2,1504043.0,204,5,6
f7ca5d652220294845e42abc0349792e,0.005022889003157616,1,405980.0,49,4,4
f7cbf4281046ff581f189f64f2e288ea,0.028196644969284534,2,512079.0,88,3,4
f7ccecb91f0fc523a554588d2bb31315,0.0709422267973423,5,7106558.0,144,8,2
f7ee906262477e6fc8922473fe92dfc7,0.0798783777281642,11,10008260.0,12,11,8
f82bbb9580d6df38efdb32d36364a8e7,0.0034130964195355773,5,5113126.0,1074,32,2
f8465d9e66130ee88b67b27d08886ec1,0.0607533868169412,32,27938470.0,37,9,0
f84fa62e608b75534d6d1c3295dc6cc5,0.26247421465814114,18,7702145.0,656,26,1
f85d95a5e5a194770bfcd3bca161f987,0.16018474381417036,8,1260.0,3,1,3
f86b7f61d06cc486971a6137a1902f5f,0.028992736130021513,11,1881857.0,307,7,3
f87161a41281bd57380423759b6a5a52,0.004531283397227526,4,245840.0,18,2,3
f897bfa50ce724c6165575c3840465ed,0.009999999776482582,1,11455985.0,372,19,5
f89ab6ec91bbcf653ba26a15013819eb,0.035463517531752586,2,477056.0,91,5,0
f8c6f83f6e3c884cd8b97003cc2a0049,0.010969307011691853,24,194425.0,26,3,4
f8c86eac2d8b0e38c2738c03010d5058,0.0782902892678976,3,1429083.0,124,5,0
f8d538fd26611abb2d691a113b455b17,0.0770556322822813,61,13669523.0,252,20,0
f8dc9f127fe052390e7e9d8414c251e1,0.0578911155462265,5,4084872.0,123,12,1
f8e136a6590488e46bb05ad5e77a48af,0.006777259608497843,15,2400874.0,364,17,0
f8f84237abb36b2b636c0c036fa45e73,0.07888907380402088,4,2323.0,2,1,2
f8fef7491942ed999fa97b8334e80ef7,0.05370284151285887,7,1448.0,1,1,2
f91939a4590c80aaf8a0f09ccfcef576,0.008363341446965933,3,20546.0,9,2,6
f93ec5bb94cdb283a12ccdccd24e6aa0,0.5150494845584035,38,1984667.0,26,4,8
f94bc982dcf97e50c976619c45ebbaf4,0.03891818970441818,1,11962409.0,43,14,9
f9557531b24d63b90eef02843a253605,0.20445792376995087,5,10865.0,2,1,9
f95fb06b135b74940670f0aab9afae42,0.017203699564561248,5,19583285.0,33,2,7
f9639931d99d526948c586df618fc915,0.060980379581451416,2,2889655.0,391,15,2
f9b023cf0399408962b6a5990601b1db,0.5682124588638544,20,1139761.0,42,6,1
f9d15bf69b6610d2c93a48548561eeeb,0.013663555961102247,4,7385495.0,1169,16,1
f9e427af706efdbce8a087dac5b316da,0.07652623998001218,31,183424.0,77,4,8
fa0a30cd4a1200448608238421a99c6e,0.006278015440329909,3,1070069.0,74,6,9
fa230102b6623f2d1aa66ec04afdb505,3.895491398870945,17,6087676.0,66,4,3
fa23aedb123f09e08795f18177e855d5,0.012609942816197872,1,551510.0,216,6,2
fa23b2832fa5a2a8cfd80be68aa1ccd7,0.014666285365819931,3,4550606.0,442,13,3
fa6c550a4957daff16db0169f7d5fdca,0.012388672912493348,5,15568164.0,152,5,1
fa75d988305c3fbf795c3eda8bb4bf2d,0.00834716553799808,4,688041.0,103,7,1
fa91d1fd97f99c13dff3001a430cb09c,0.021098387660458684,3,25455596.0,8,3,1
faa9d93724b2f6d5eb7bf9c81c087bcc,0.09727797843515873,3,2075831.0,352,8,0
fab51dde1f8eb89b42394862bac33a62,0.045028746011666954,21,9162383.0,2234,30,1
fac31fd40a73037443e35ede703bd15f,0.023124518804252148,4,22938215.0,35,2,8
fac97272e031a47fd14661f82dbd34cf,0.08547873981297016,5,14838.0,8,2,1
fad023905310a3a971a46c31218150ce,0.05306486692279577,5,1837174.0,295,5,8
fad1ecc2b9b2f66341fe8825b3b646a4,0.04566740244626999,9,4588255.0,244,20,0
fad6b9e370cdd5f5efd21299d86ac1cf,0.03119042853359133,11,781618.0,96,6,5
faef8475ab257f9a1ddd113abaa4e779,0.01712873170617968,8,8421281.0,2052,24,9
fafc221f2a8b5065ab108b2e05f2786a,0.004266828880645335,3,1192051.0,410,9,4
fb15305d0c30e27f41e03e34aa269604,0.15458314586430788,3,1913199.0,238,9,5
fb589c414a3038680a26044d2ac44861,0.8262738063931465,6,1788674.0,391,13,6
fb6de2496d2b9367cc266fa25d96216a,0.16410884726792574,5,13546643.0,22,12,6
fb7420c1185ad1658c4ec83c9ebaaa70,0.11055892705917358,2,3229.0,4,1,2
fb83b8a59847eae9949366a972704491,0.43971848487854004,5,73798.0,19,3,1
fb96bac12121df21880d0e9118526fda,0.003464177716523409,1,11903936.0,2337,30,7
fba94cbe5330e28058a3d9998574af18,0.05527946352958679,1,169203.0,13,2,5
fbc1da45cc74b97a727f8ad1ae39717f,0.24655033648014069,2,1684.0,1,1,7
fbcc7d79368923a34b23b1e8a9f192ff,0.04011441394686699,1,2484657.0,266,12,4
fbd0eaa0b7cbcfadad841df4b8f2f66b,0.11401149723678827,6,499539.0,65,6,6
fbd3828fa86464907cce8ed21b4c1057,0.16381940944120288,14,37847672.0,18,4,3
fbd58a05ef67cbd614fd3727b2c12b65,0.026376625464763492,34,956554.0,150,7,0
fbdf76f79eaba84de7f3438248f040ae,0.025599469081498682,10,10395302.0,551,11,1
fbe1486114d812811e5570f3a94fa9ad,0.0234321728348732,1,605.0,2,1,8
fbe31f555335142524be2ecd008e0b58,0.012904872186481953,2,9763577.0,1,1,1
fbfe30894f42d93cbff2ba1959973e7e,0.018525871710153297,31,,94,15,8
fc12506e3a521fffebd0a39789259765,0.19673879444599152,1,406.0,1,,
fc1c2ba1f58113b6930322c5f60c53d8,0.005017574148951098,6,4558567.0,112,17,7
fc1f95fb88e2c62f513a16cad15d1f2d,0.016367558389902115,2,1058.0,1,1,2
fc3547ef74ce035978e632f287ada7d2,0.05584552139043808,11,3043934.0,489,14,0
fc484c4fb241d51302169a4d5100a3d8,0.20263904053717852,19,1162509.0,328,10,8
fc4d4cd5c60aa397ac5b178167b45728,0.05736217205412686,9,4952729.0,738,13,3
fc6d6ba497735ac800326d69cff504b0,0.282500546425581,7,3660516.0,28,3,3
fc9cf433c1edff3c746fe4388b3ce738,0.8118099253624678,19,27539.0,12,2,2
fca61c11dca8cf5c6d0ae982e6ec1950,0.3734055161476135,6,11130686.0,1,1,1
fcace040ef7fee549a56381a23272ad4,0.02269589446950704,21,2404549.0,266,10,1
fcb0061e01daba8a04ebd10e74ce0931,0.01708059391239658,16,3128982.0,511,10,9
fcc326b7dd32d72115fa66aa760149c0,0.08565724513027817,41,438310.0,100,5,9
fcd5b8c03a4f74d676eae1b1cab2b1ca,0.0479015635792166,10,337204.0,87,5,5
fcd6da7046dd642cda0b9db282e91b5d,0.0524989654077217,35,4799560.0,365,20,4
fce33caf080106e24825c3320d995b82,0.017613375326618552,5,227105.0,22,2,6
fd02399ea4d31e0d93a7cfe9b59b7304,0.01913599099498242,13,1375846.0,302,9,2
fd202fadd06f9b792865c4f8cd11852f,0.21055200672708452,31,184263.0,29,3,6
fd336f620a2857f7a33801f9d8eda371,0.029225764446891844,16,1900242.0,390,14,9
fd35acce128ee019a52127b9f4457c34,0.09799886494874954,1,1508.0,1,1,4
fd3a8631481c52c70a013908af3f7a03,0.014482539147138596,2,920495.0,202,6,3
fd7a183d920b1d5eabb9dbea369b0677,0.028411991894245148,1,426709.0,53,5,6
fd887aa9e778838b14e8b7bd802a1a2a,0.13519931957125664,2,4340.0,1,1,6
fd8f62769a9a1cf990f32673a657fdce,0.006012499798089266,1,466.0,2,1,3
fda5fbaa71c872deda97aca08a6bef79,0.0027012000791728497,1,7045631.0,940,30,4
fdad593b088ad0bdb3ad36202a58a1af,0.007160930894315243,4,82960.0,12,2,2
fdb21ce2a3ebbaf270d8f1fdc84fcf1a,0.023066967725753784,9,4408733.0,967,22,0
fdd21d19aa7e79d096b1c8e0a9489e41,0.019336121040396392,15,4732423.0,879,28,5
fdd4db97204777d0a6060f3104093551,0.006616469472646713,20,676616.0,136,7,1
fdde31e21218f9c26972ebf8a0824faa,0.21826907573267817,17,5150249.0,746,18,0
fde4faee744e0a9fc56dbab194a891c6,0.023900952422991395,6,7004194.0,1032,24,8
fdf68d89822361cf8a1f66d2807819a9,0.0318550169467926,1,275.0,1,1,1
fe0f5a1f2661828b63631062865dd49d,0.06400000303983688,4,9761.0,11,3,0
fe28b48bc9f10193957a34811d5f6878,0.08864365890622139,2,1566121.0,108,8,6
fe43db60d710f5c7136fb41092e19f4c,0.09926400844415184,53,4441789.0,1812,11,8
fe66438902b21d7d166e9987f5829a40,0.021819345885887742,5,33829941.0,2,1,3
fe7d55ad9b81e6141bd13d9b1caf2f30,0.04722245782613754,2,3920.0,4,1,7
fe80fe73f0043d4de4afa60b8b9a0da9,0.4109856388531625,35,12400.0,4,2,2
fe927b98e51d89b7a11618e0344ad87f,0.016894862725166604,24,6255227.0,1131,10,3
feaf2485977adf6f173b3eb064c285c8,0.04298319248482585,7,7314288.0,130,7,6
febb0ed0791480207bab9f01dea901ef,0.05550484172999859,4,16635.0,8,1,7
feee56115c4b852689d2833d56fbb0cb,0.009516590973362327,6,3190730.0,441,14,2
ff100cea152ba81edf70cccd00021abe,0.15100452303886414,11,8887.0,2,1,3
ff1faa695e4d4bc9d6e41240ea1f0ab7,0.024710868834517896,19,,467,12,3
ff35e2761bac61ab862a0901fe019555,0.016159937120391987,62,,609,10,8
ff625b87faa411c097b51905d7fe620e,0.2441340535879135,1,1495.0,1,1,2
ff640ba5614fa418594c8f5862370487,0.01654438886907883,26,34174110.0,389,23,4
ff9019f4bbd62dd9882dad6911b25965,0.15279039600864053,15,10627.0,3,2,0
ff97aed0603fea72f549175b84b0c09e,0.024064262164756656,8,2849076.0,382,9,9
ffaddbaf22f217e0dc58c980e76fcc24,0.04004498175345361,10,25189.0,6,2,0
ffc9406265476de6bd9e87e33e198dcb,0.0438382918946445,12,814832.0,288,8,4
ffdd9e2bbdc317fc654fde7e659f817b,0.005207638256251812,1,891623.0,120,4,8
ffde88e1d89f6e75e80829d2bfa5d5a2,0.09409121470525861,26,111635.0,10,3,8
ffe0c63fd9eedf01a6a7bc31c4b2966f,0.0994328036904335,1,1720.0,2,1,2
ffee574b350fb2dcf1014a95724d5151,1.0190979428589344,8,11590.0,8,1,8
ffff88fce5d43b551e1e75cf28483545,0.007508517941460013,2,194603.0,15,3,1
006191b5ba167971d9bae405736725d1,,0,,1,1,1
00cf0db9b97c9a1f8661c63d63fe6bfb,,0,,1,,
00d8f71ce8e3d5e9fbe060a1170035d5,,0,,1,,
00e4acd70cd1a53e905a9b94644496cf,,0,,11,2,4
014001ecf727dc3ffc687942ea437e88,,0,,288,13,0
0163c70a1790b4dea54d5ae81a0d27cd,,0,,397,8,7
018a74d486dee06e15879d5c3c2bd6f8,,0,,1,,
01cac371a2ac06b535708d1cfde022bd,,0,,909,22,8
01fe7b15a3c153055ae40cd1a4dbe551,,0,,4,1,4
02169c2508fe6bb9f0618fc29924746e,,0,,4,2,5
02b4f0902897334d4e8dec1cf57490cf,,0,,2,1,3
02d3bba3654ab506d12b67d787bd42e9,,0,,3,1,4
0310dd37eb6e180db2932f0fd84c6486,,0,,89,3,6
033a91cc4cb6d34d8f19709e9efba7e8,,0,,7,1,5
0367ccca8af84a58824d77ea18230b93,,0,,89,6,1
03c8dd8bb7713ff9bc8e8a8e61e3a8be,,0,,1,1,1
03d6d2d14294bfbdda1e8a2788f0fdcf,,0,,2107,21,4
03f2db3ad1629472ce6ab47fb28102a9,,0,,36,3,2
0400df9bc969c298253d57bcb9e95cb8,,0,,460,7,5
0411ca7405041002d8845a8e76edb658,,0,,1,1,1
046ef62dc07997a143bb02470263433d,,0,,956,5,0
048ab44c1d2b2ff88a55cf775ec8a049,,0,,37,3,2
04E5DCA7B7E942CD85C5987841486474,,0,,1,1,1
04b4f3be17a4164c20abd7cfe4c22a8b,,0,,5,2,0
04c9eddb86e9ea41c6132266739e3682,,0,,19,3,9
04e5d6be3e6a16b579c31559d917b49c,,0,,17,3,6
0505fffbc42aad3e74d5aa225a51c680,,0,,1,1,3
0511b553c966f8247b222fb058651dbf,,0,,263,7,0
055f410e52b3c3c0ad31ab220a5956a0,,0,,1,1,1
0569d225ba8da7534344fdfef517c18f,,0,,11,3,2
059cb5f61be2cb4644ec9d16ca4d7de2,,0,,1141,19,1
05C716CF6BB345F480306D9B991FC89B,,0,,9,2,8
05C733A940EC48498B4A55CFC7347338,,0,,29,3,3
05DBDC7D85FA466E97D636AF8DC3AAA4,,0,,16,3,3
05a6bba2d82b3b238bcac5aa1df05e12,,0,,33,4,4
05ea6b63d5027c343313fa86303e3460,,0,,15,8,1
0607fb10bbd3f50cb34f6874630a0de3,,0,,325,9,4
0634331062d0075fef6e035ec421f3d4,,0,,5,1,5
064c5ba9cb1350e0c51c285d83f3e857,,0,,2,1,2
0658BB2AFC944B639782D3FB0B9A2110,,0,,665,6,7
069c660098b7f0fd7e2a72ad78b03f56,,0,,320,11,7
069fa485563c768cb0cf02b31121b214,,0,,1,1,3
06aa994eae0c51b51d9fb49e7cbdc72e,,0,,1,,
06af17a888bae375a25f82b8272f53de,,0,,1637,23,1
06cbac1370051b6ac27b85d8860d1130,,0,,3,1,5
06e7589bdc1bb802e4a22466806ae183,,0,,665,12,9
06f19fc1513402179dd730e539b1899e,,0,,22,7,3
070c525dbd55e39f0c028b28c83a0d68,,0,,142,6,5
070e4472cefb024d2b361adc31960f9d,,0,,1,,
075dcacd7a1361b16bd26d1ba1d1e4a4,,0,,28,3,4
077b5e5312fcdf996ad85390a9290689,,0,,261,9,0
07821ca5ab893406c77039b0429deb84,,0,,692,6,3
078361d570b74ae3f9705303b2937739,,0,,58,6,1
078614651ca9d2ec12f650b4956131c2,,0,,2751,25,0
078FF75FE4E44589831CA2DF37CB8B6F,,0,,1,1,1
07F9EB18BD4F4994AEB7637E81B7E3F6,,0,,392,9,0
07a994f21827866b923ebe1f306ecc2e,,0,,26,2,3
084acdac453388b992775f7e0c032026,,0,,1,,
084bd727648572e8c79a714687930439,,0,,4,14,0
088d6b9494488dd11f3be1d515669636,,0,,1405,23,3
08c165c0c39e987ddcddf125ac09b94a,,0,,1,,
08dcf56995eea3f3d5d7ab733586eee0,,0,,26,3,6
08f5c046d431aebcef22a8693ddfdad6,,0,,8,2,6
096870b220ca4f6ffe83d5bc85a49d89,,0,,23,1,7
0969c49e2a0fc2b100d860ac2c254326,,0,,3,1,3
099873212a8abaabff2e46470846a8c0,,0,,1,2,7
09AEACA5A72C4A22A0C0DD4120E727AF,,0,,1,,
09C0C59221814E95AD59A955B1595AAD,,0,,1,,
09f7c855727c55c7ce3398d2556c316f,,0,,1,,
09fcc441e8766dc15eb8f4d570149f64,,0,,1,,
0AB4851685A2494A854AED13431A3E3B,,0,,108,2,5
0B1C3F41F739481EB7423DF3276007DF,,0,,41,6,3
0E3BDB3E9E754E7F98A6164AC1EC7F05,,0,,4,1,4
0F7912BD99004E169284C9C4F8A506DB,,0,,1,1,1
0a0b0b0c4d2994a66a27b05c7e4590dd,,0,,11,2,1
0a1a7d76901cb943297b0229dc1eaffe,,0,,4,1,9
0a3e7d4647825f7c22f23f7bbaa81365,,0,,1,,
0a416e05abb4013da066ef4f7bbf5615,,0,,121,12,4
0a55fb39cb7f84530439f77189bb8a8a,,0,,158,24,6
0a69131808933033b3b02dff5bb65e80,,0,,1,1,1
0a878f8ac783b40e98dcabe5ca5fbaca,,0,,1,,
0ac21deda0965ff9d9d55ad1efcb87fa,,0,,8,2,0
0ac6e40ac833a0c8e34f5c100a865144,,0,,14,2,3
0ae23c4822e70704c5a09c5640b4a056,,0,,32,9,4
0ae7e4d44efccd9313dbb8d7153aa64d,,0,,1,1,1
0b1a380496d2b6bdcc1d005f63918d3d,,0,,697,11,6
0b4253cdb99bde8c6166a20487bb859c,,0,,1,1,1
0b43b641bb8a6b20898ca2b619429cde,,0,,1,1,1
0b86848ab6739a8a769ac9909381aef0,,0,,1,1,1
0b95669bee3b9c4b55a8481aa2775d75,,0,,49,4,3
0ba50c05946b85f0f054b2e3de516241,,0,,1,,
0ba87207a1e95d2286f7e6ef05e2d383,,0,,118,2,1
0bbc90d4f8bec023df35d3de3c7c10c5,,0,,1,,
0bf2c872869b7d6121769fb2e3f6498d,,0,,1,,
0cc38f519c415ad329d57c0347a99f8f,,0,,4,5,3
0cfba9d23c810ab93dbd33fd6259e97d,,0,,1,,
0d00bc562e072ace4efa10329df2dac9,,0,,1,,
0d0c11469819d65b52806f1b65e29cd6,,0,,86,2,6
0d122dd39079eb4ad44ab59e13da567f,,0,,1,1,1
0d28b3f2d0de2c07cdeca68d2dda3a12,,0,,149,11,2
0d8591b3ed2307e435538aff27169a90,,0,,1446,30,9
0dfa79439d21745366dc15e4877f84a8,,0,,136,7,7
0dfc049ccdd6e7d56d3b33fd3b2eb8d7,,0,,8,7,8
0e51dcf6708421d3cdb36a69c92c03b8,,0,,199,6,2
0e85f0417cb25c9ae3777a97096a30b6,,0,,1,1,1
0ed5fbc2364762a87aebab3d52d65a27,,0,,1,1,1
0ef0a0f3923d7a05a4605c70e44b6883,,0,,1,,
0ef5518dfa0e8014dad4ad814c160732,,0,,1,,
0f6c2a934b15712f43367b834f3dcb59,,0,,1101,29,7
0f7facf72f9af5baf982f2b0c25d1d87,,0,,168,3,5
0fe0c227ca10d1df32302b25c236d874,,0,,1,,
0ff8971f8c52b6eeaf6e96ec906a3519,,0,,328,12,5
10084eb898554ba5f85312af0b60ab84,,0,,8,2,1
103e30e3358731252c6c10071d50f8da,,0,,1,,
105f8df04647cac54e2233b2dd5ec2e0,,0,,39,22,5
110d881dcbcbcb622e58f7abefd029c4,,0,,258,6,8
114653e9293915093e39964155ccb6c1,,0,,1018,50,6
1157bdd4d455071bd69c0723167b2d1d,,0,,2,,
118727C36B8B45F0ABDDDA5842D53394,,0,,163,6,6
11a13dc57a2b9a352b815e7e65cd2aa2,,0,,74,5,9
11baf06bc5c7b8e06159a69879c86336,,0,,560,12,1
11ca1e0d8a83829c73ed76cd94570d56,,0,,3,1,3
11e3bfe09fa2ae7d0a63aae4dc7424de,,0,,27,3,9
11e8f239077e85ac4475edc2719e8057,,0,,406,9,6
1234a08a2e49682dcdefd965d923dca0,,0,,45,6,3
124cfa3d0f7f463a07e393e1f3980d30,,0,,4,2,4
1291a77e3866719e7f41c6d7df46abdd,,0,,4,2,0
12E36EE0D9CA428D9A43D9CE6D9A6DDF,,0,,129,4,6
12bafef2e71bc9a0d7295e86bf84341d,,0,,1,1,1
12bdd70971dc5090696a56070908dd90,,0,,2,1,1
12ceae28451028c04edd935d8e5c282a,,0,,1,,
132991609d413f29eb825a6698f7a6e0,,0,,1,,
1350e3973e3012fabbf87fb2ef223c9e,,0,,36,12,0
13ab032d666e8034cc9edb7e7b28d588,,0,,1,1,1
13efec972f51e52b9cf0296d1992e22a,,0,,1,1,1
14199532BF8D44338E6B5DCABBBEBB71,,0,,1,,
142795f5f180f44565292d22cb7c15e4,,0,,626,26,1
144881e2157a4a9634c5e9a68972d941,,0,,232,6,1
1450196e11fd0f54e21b47d5c9e6aa24,,0,,1,1,1
14621c679ed66ec5d90c28c8b6e74b71,,0,,833,12,1
14728363EA0F493DA19AC50B5FC445D5,,0,,3,,
148803cdf7b1ac8d4c91efdebbdcc5f2,,0,,897,13,5
14b02eaf08e44cd5d6171a6f4a2bf353,,0,,2,,
153689DA650F42878C10C6BFD9324424,,0,,1361,25,9
15385e5583152f6f900e4d2cd7648c3c,,0,,1,,
1544707b5326d4052f650bda9ac857b7,,0,,898,11,6
15477136012f5925f54f23b7dffacc31,,0,,3,1,3
1552d0365580192a2365870cbda713eb,,0,,3,,
157bf476d39eaa945634b7cfeea80494,,0,,1,1,1
15c7b9fabd11109e21008c78676a0df9,,0,,1,1,1
15edd54dbf81df8e956c3d8df6532e25,,0,,978,13,8
164b7f93e5988e29c88eb66d565b55c1,,0,,1,,
1657feb9a3c21fb7a43de7defe59c8cb,,0,,5,1,6
169c86d6a33888d3d424a8f935b57a14,,0,,314,7,5
16af4da4d243ddbd7f0b8858e8dfd36d,,0,,4,2,0
174303efd8d4e5564c0901350d6cd6f6,,0,,2,1,7
17449535e66c88910147bef582948590,,0,,1,,
177b2952ded9f17d60cb0ba91fbbd5ac,,0,,1,1,1
17813d2da0273d6ab8c6e4c81005a6ae,,0,,44,4,8
17b766cea6d7e3ae7f2c200e60052830,,0,,139,8,0
17c4b7ea32cf453cbf514c4bfb56743d,,0,,4,1,4
17de190146b5ec064e67c668570922da,,0,,2,1,1
181e42c435a7fa4ebf1914a04dee8e85,,0,,631,5,0
1825332238b4063b50a46df64a2685bb,,0,,2,,
18497df0736f9251c7db2ec59747b10f,,0,,187,6,3
18757c1e0278fec82f83eee86ef975b2,,0,,1,1,1
187cc6ea00ebd14d30e6127225fdb158,,0,,7,1,8
18a4ba6310ff4f6af4554b53c0bb5663,,0,,716,16,2
18b26d2705bc02b360d891b30b701fe7,,0,,686,11,9
18d6eb7e9e2ddd3ae662ada90bb823d1,,0,,25,3,6
1918b5108b2f3b3f5aba24e9ba3e2fa8,,0,,864,9,2
192157a02f4523aa3f5789ba7a76236a,,0,,354,9,1
194ba0120318c8ba0374d84e46ec6414,,0,,9,1,7
1950bddb9d4df30b9cc8a605e61e379f,,0,,1,1,1
1954c0e7e39d29dfb498faf2923d1200,,0,,1,1,1
195661eecee03b6b1790c8acf21ef11d,,0,,20,2,4
195b558f17f5f6e2228426d702988157,,0,,1,1,3
196481607AEE4189A3C9C7097C79DB41,,0,,335,8,9
198a0f835a635bf767bdac50d6ce573e,,0,,74,3,5
198f7cfaf382f36937a40a2094b10152,,0,,302,6,0
19ada4bed38e9d04d5b710c24a1aa19a,,0,,177,10,8
19b05f186820d67fd880731dfec36068,,0,,9,,
19c9f6592b46ee285c4c05aad4ac7e4b,,0,,335,5,0
19ea2c28a0f0316a344b4fc6a2c1ac97,,0,,1,,
1BE131217D3E482A865E0FF42A53C786,,0,,182,10,1
1C87DAAA5EBD48E7AA02797A963AA85E,,0,,1,1,1
1C883188AF14448FAC44DF7355CC1580,,0,,38,3,3
1DBA8AF2040A416184E0A563D54D2A12,,0,,53,2,6
1FF3422EA3B344DAA64DFDE6F8F5FD82,,0,,1,1,8
1FF9CC6A93DF4246AC49A3D389F718E0,,0,,3,1,9
1a1ce06a39e40c42046df02d38b67c7a,,0,,1,1,1
1a64357f8cd52bfbf69b77685ea3487a,,0,,1,1,2
1a89ee2d17056e67901f4ac91a27442c,,0,,65,5,4
1a992f6b08979a2cc20e723e6f5648f4,,0,,83,8,5
1ab16ee2a2248c7451f0042eb528e4af,,0,,5,1,9
1ae2b3265a705313bba4039bc5e6f44f,,0,,68,3,3
1af4b0eca3238a5cf672f407f2171b78,,0,,69,5,5
1b1d01be2b8274d9390cc04f8f899b54,,0,,1,,
1b3a02aced60530731a3944cbed234e8,,0,,1425,21,5
1b9f6c5ace6803bdb632072b140d7e5e,,0,,1,19,9
1ba2eb26537e14b94b136accf48ab58c,,0,,519,29,9
1ba2ef6232c3bcba157021c714ae77d3,,0,,1,,
1bace3772a25d5952e632089ae21f1fb,,0,,1,,
1bb367a952cc9b4c3153a8dfc2c19392,,0,,7,3,8
1bf2799904d20de9ac9c141523576556,,0,,1112,19,3
1c145e2a5a1169215f0638b8a4e72961,,0,,2,1,6
1c15919156e8d6cb7807bd9542ee366d,,0,,1441,51,6
1c3412a16cbd214ddeb61562c554ccb4,,0,,1,1,2
1c9127d01cc3461b29a02df4227c9531,,0,,1,,
1c91d47a541e157a1d52f0b4d958610e,,0,,117,6,0
1ca0b29b009391304c9cccd5660f20bd,,0,,1,1,1
1ca32b5be5914e3bdaf98357455d3710,,0,,19,2,1
1ca9c2dda8edd1901da62d1aa2fcbf53,,0,,1,10,7
1d07b1b82ca0995bf13994841d43c8d2,,0,,1106,36,2
1d198808c8df946291a16a8fdf04779a,,0,,1124,31,2
1d8565df899e8dd2c4d58c746edb7b4c,,0,,1,,
1d8813cea8f1ea13adf497bc5ac1f8de,,0,,245,11,9
1d90cd8fb100e093a2bc78cb1b0e5062,,0,,8,2,2
1dba31fc872384434da8543dbdfeb2b0,,0,,6,1,7
1dbc275100ee24b1e26198c70d344f45,,0,,1,1,1
1dc20b4d3f3e378362177870d33544ac,,0,,162,8,5
1ded6f195a9765e07803868828f3a618,,0,,2,,
1e24a6a70714e49f9f8ce5d418451cf7,,0,,1,,
1e3010609ee2a4788d8319d4fa735bcb,,0,,51,4,1
1e6cb19af859d18bd9e8ed7824170469,,0,,152,3,6
1e9427b88454c8c3f1e277340cbc6aaa,,0,,10,2,0
1eaa33bc363fb17256071f673d184f7c,,0,,1,,
1f0480ca5eb0ef11073ceca7283dbccb,,0,,19,3,0
1f0d20be14e35b727acd085426408594,,0,,6,4,7
1f355905b041556f41e08f83d7d06503,,0,,134,6,5
1f3cb9266cbfa070981457564c03dd2d,,0,,2,1,3
1f57a6c0c723ff4c3f1c95a6fdcf8c66,,0,,611,30,0
1f785e3576f3149540c57c973d613fef,,0,,96,4,9
1f86a5839b33392dd11b8f0b2d0b33c0,,0,,433,10,6
1f9b1b6a5a84bcbadfaa7044137f449e,,0,,191,5,8
1fb92cac9ababdbc673f906c3b843b32,,0,,84,4,7
1fedd6110634529e6c924d4ec80bb35d,,0,,1,,
1ff8f2066c77f9332091bf1c85e8f510,,0,,274,5,2
200eda8d8b68741f7cd94053f1400fe2,,0,,93,8,2
207cf08cf9747172dd33e2f439f075a7,,0,,1,1,6
2088A00B14A74FFF81D8D88AD3102841,,0,,1,1,4
20c837dd43e39de46fa4de2160e673f8,,0,,28,11,7
20cfeb31d939215cb806961bf4a0ef58,,0,,1,1,1
210facba9ad748f866c7486f14795f58,,0,,1,1,1
21242b263b9c08b518a08d5ead6a6117,,0,,8,2,7
212cdc16e7034b4c96c6996e7833b471,,0,,4,,
213a16508086dbba3bfe407f2f1d8298,,0,,167,9,6
217550FF73A54C6D917E21DC09522930,,0,,41,4,0
21987c2b0b0e74f027524115e2576c18,,0,,14,2,3
21b69f66f908dbde1325d6e06847eed2,,0,,2121,38,7
21cfee76dffccdcd732c547ec711c30a,,0,,38,3,1
22184cc105249d394b5a334b088d72f7,,0,,242,21,2
22316d27366ec052b40ac91156a6ab93,,0,,2,1,1
223a706571a4f64412db9bd1c4c1ca05,,0,,443,13,6
225535b3359029f1d3327ffa3a0715df,,0,,248,5,2
226a110161807bee8f58117b5bc037d5,,0,,392,2,9
2280438db4e663aafe4f0eeb9cd56adb,,0,,1,,
22d1ee24cf3ab9bcd0bda69e17acad57,,0,,1,,
23266952f8f46b964532d76e18555acf,,0,,1,,
2337995fa49d80fb8d2ccaad0568530c,,0,,215,26,0
239be1877a7b2eec8f740704c60ad57c,,0,,2,1,2
23D0AC1BDD6D48C288B1BF1397FAAB6B,,0,,58,2,2
23b74f00324c3b4862d820bd0474a04a,,0,,1,,
23c5cdad0203637112b161680efa1617,,0,,1,,
24097312e933f04b14c62669ff5ff539,,0,,37,2,1
241211fcbda21ac3c855a38f0cd246c8,,0,,4,1,2
2439CA6B6B064DD1BDAAA06C3B70A26D,,0,,1,,
243d3c5450cc50733da083cba7f39c60,,0,,234,24,2
24413a1b5bb71c93f427e42809601777,,0,,44,13,9
244808ee8fccad87b8dbd6bed5463885,,0,,1,1,3
2460672794b7d8d7487817e8aedd0e5f,,0,,371,11,0
246e05f1b3f5e33e4d9a4f50e56b89d8,,0,,150,12,4
24738a7ae9e934b811d733852030fa83,,0,,474,5,0
255f947053906dd1c8b8a33503f95dd7,,0,,1,,
25713fe1d9585352eddf2a5e32eca8ea,,0,,274,6,3
2576d4913c2e613276681ed3a3bc0085,,0,,169,6,0
25865abed944c1b42767838bebac27ed,,0,,1,1,4
2599268094bc744ad497b46ddd2ef87d,,0,,1,1,1
259c110c0879487b9da66df5646da408,,0,,1,,
25e797278f8db8c3272551a3e2cf2fd3,,0,,1,,
25fb350cd11e5480ba11271b34857813,,0,,164,8,6
26198bb30c80f7e2e6fab21c907e076c,,0,,33,12,4
26499a215e13f5ecfd7eb6204fa04f05,,0,,29,3,3
26b1e60780e617fad1f69b6990f0fca5,,0,,1,1,1
26cc0b9c7a57e16bb49bbccf27e5e098,,0,,5,2,5
26d7e3e1925899369aae42fc9972ffa6,,0,,1,,
26ead65e4951fcb73b3e8499dc203827,,0,,789,27,0
27180728d222c8e42430ab3a2464336e,,0,,754,25,7
272cb4adcc847cdbb41f5733112a6b61,,0,,1,,
2739a85057f319034d68be551f6f9762,,0,,128,4,6
2772e5364650a116df79352f19771d87,,0,,1,1,2
2783b687198aefae05507427532065e5,,0,,1,1,3
27997ad27e8518356749267e704b0129,,0,,1,,
27a73f400ec5b8833eb4f5254e08f5ab,,0,,5,1,7
27f0a9ce64c8518ae4460125bfc55ade,,0,,1,,
280591f289816cb17773ba182779382d,,0,,228,11,9
28237d100cd74da565e52bacf7aa3a97,,0,,15,4,0
28aeba237b6162afb54a9f6770c0d07c,,0,,54,4,1
28cab2e058a8e3fbcd62b54e21ff96ef,,0,,1,,
294d9c1fc9c47ed5de558090ad2a321a,,0,,8,2,1
29835583a3aded630662f490cf549d25,,0,,4,2,0
29ae9715742cb96de422f9514a3198c6,,0,,1,1,2
29c3b21dd40a485c99d3095c7ffb9215,,0,,1,1,5
29cff5c1de2c4f4ccb9acbfe9c55a09f,,0,,3,1,7
29e317dffaad4f9e6a25fca427887e4e,,0,,352,8,5
29e485f741700e4d588c029600231e8c,,0,,1,,
29f7d3d20023bdb59f7137de91f8317a,,0,,422,9,1
2A9A1971446243639DAE34AD6D9273D5,,0,,1,,
2CF467B5CCE745D1A17F888F297A8672,,0,,1,1,1
2D37EFDB1ABF436FA12FBFEB6C07B796,,0,,4,1,4
2DE07531E71D44708239B31919870814,,0,,95,3,4
2E6A410949A64855AF34150F049E1BE2,,0,,1,,
2E9C971F70914AF3AD79B4CF86619AF8,,0,,1,1,1
2a269ef4d0c0d03460355d262475fa26,,0,,145,15,8
2a3dd265303a90051bd02e3f74878aea,,0,,166,4,0
2a5b879ddc3c46864369138cd3a7ba34,,0,,27,3,3
2a73f3560bfadeba1740d1407fc3fbeb,,0,,1088,15,9
2ae90e95e9cebe5cfcb4a7d1c7cab2d4,,0,,1,,
2af531447fbc945dd32811960c974e71,,0,,1,1,1
2b2be142b39df2d2865a7e04cf112d4c,,0,,44,3,1
2b3146fb5cdeefc73d452dd4455acd7a,,0,,21,2,4
2b3b99ff77ae89ef34ca2cee7795e76c,,0,,1,,
2b512dc34380c5b1b43cd0673c7a92f0,,0,,1,1,1
2b73e25a6797be7b1148ffd9d064fd95,,0,,1,1,1
2c082d66ebe512a792928f18db03f3cd,,0,,235,10,4
2c290b1a319f2cf2c7b0ac0a44cee53e,,0,,269,6,1
2c5844a232ce2a4941db83879a39faac,,0,,26,1,7
2c96143a94ddae609c5646a107b934da,,0,,1,,
2c97471f2c9ea5d985738e27a68e6252,,0,,799,28,8
2ca695596a2aef3cdf4152cb6f2113d9,,0,,305,24,1
2cacd4131dcd6f8a81dcd4de555094a5,,0,,525,3,0
2cad1d8a54206bbdd92277fe18187577,,0,,1,1,5
2cc2edd5110763b4123cb1eba409f901,,0,,1,,
2cdb52afb1c43e020ba40e893d339a3a,,0,,283,9,0
2cf5fcdcb9d82664bd25a7f34e56e277,,0,,44,13,3
2d174f264a3e952ee1a64efd521fb255,,0,,208,13,4
2da3987f5127b5221d0c3facb6694833,,0,,74,7,5
2ddb0e46a5ccf3daf49828d0fd913aac,,0,,100,25,0
2df123e23492d083f28c1e956bf3c8ad,,0,,25,4,3
2df5018cd3eb6ab51efa2b1fd30b59b6,,0,,1,1,1
2dfa57db3ebbf3fc219c4de243a24f04,,0,,1,,
2e018065db25483c79b037300a031d95,,0,,1097,15,1
2e1084579f0ba060e2fb40444c0e503f,,0,,1,,
2e992ed580debee00caabeaf7c9968bf,,0,,1,,
2eabc6614e8353b8cc4fd08f90b48a72,,0,,1846,5,0
2ebae8854373426ace5b6d5ee5dbe7ba,,0,,1,1,7
2ed5eab0d15d6bdddb91db02f39b8098,,0,,344,9,6
2eddec2a7d9d9ea3478580672ac2cf66,,0,,1,,
2f161804563539ea4ee46b337a3be379,,0,,506,25,1
2f1c258fce944687391e85ba04ba451f,,0,,1,,
2f1c81f617263a7cf015bceb34fc72f2,,0,,1,1,3
2f1cd3ccc76d0026328a7f3ecd4ddfb2,,0,,246,9,2
2f37f27cdf49f671dfb83668990d4c0b,,0,,10,2,1
2f611455adfb22d5830c82087c30f58e,,0,,2,1,2
2f8116e33928c0a9babc93bd8674fccf,,0,,1,1,1
2fb18c683ec121248468dfbaee04a2a9,,0,,16,2,9
2fbd17fa4f72af41063fc2186cd1cdd6,,0,,1,,
2fd1ae4c8207c62523e1f50cce00e063,,0,,1,1,1
303c94dd85a3b3b5a8ff23fc99f2cca8,,0,,17,3,1
30433c69ee4ca374cbdc853858bdd7f3,,0,,1731,30,1
304D95CE6DB847FBB1DC027302549AF9,,0,,200,6,0
305ceb37679a3b1acb93929edbcc716f,,0,,163,8,8
307e34794ef5fb9610e4676964eb340e,,0,,43,2,9
30d15bcdcd354543b2595564773b2ef5,,0,,169,7,3
311c71042ba67490b5aed1079bc4c67b,,0,,1,,
313457f01d88369dac25f42a76010b3a,,0,,384,10,7
31389875E0FD480EB0C36694A5CA4AD8,,0,,1,1,4
313e9a52e9ef8039ada5a2bf60130dd4,,0,,592,11,3
3162f333173abf81dffe2ec69e80c5ac,,0,,2,24,0
316dfbc666f26d25fd75b3cd8d79b98e,,0,,1,,
31942669a085f850b39ae35d4a6013ef,,0,,1,1,3
31a53ac63f1fe3413ee32114f6e9007b,,0,,70,4,6
31a5b4780fa3c1df4587c10e21d20941,,0,,19,3,0
31bf568a563047262775a5cbcca31a97,,0,,1,,
320450F16BC24AF7B77F3A254B09E3CA,,0,,1,,
321d78fd4e16ee1b4fb63801a6a63704,,0,,201,12,4
326a9f74d97689ce23fdc7f0012d4c01,,0,,152,8,8
3283dacd5e714132e871a8412fe6dd2f,,0,,1,,
328b146585e75db8d9c3cadce0aa8b22,,0,,380,5,0
32a920672866582f4c5f9ea5c6805848,,0,,1,1,2
32cf45beea819fe560b942afc3fbff3f,,0,,57,5,0
32e06725503aa9474d5fb0d4a866c21f,,0,,1299,22,2
32f38ba5742e73f97f4e70b6f8349aa3,,0,,105,24,1
33392f6e4b62ca2f9aeb1bedb009f7a5,,0,,3,8,6
3373c3436e06068d7e76188e62ad482d,,0,,763,26,0
33A6BFB9789343C48EBE9D5A74C4964A,,0,,1,,
33D74E4F7F3142EA91D594CC686E5981,,0,,144,14,7
33d46f19ff151ef2e3957a724809238a,,0,,1,,
3415354eb380cc077998c748bba19754,,0,,268,6,7
3435dbf7536f525cf648a37f7eb2e1ef,,0,,1,,
3462bced59919c69eaa4fdd8c628d132,,0,,163,6,0
34bce01e63eb715c5b843a860a87aa34,,0,,304,4,8
34d503604303096f5567a666d9888b5d,,0,,690,37,7
350fc5409773116ba33d524d6abaf6ad,,0,,1,,
3514b86edb65a61c44d9fc5167dabee5,,0,,1,1,5
3524047ff065e294aa2da0a541e3380d,,0,,21,3,6
35805db7d4023aa1f1c0aae54b0ad26c,,0,,7,1,5
3584b5ef653c38127d635a3eac5b8fc4,,0,,512,9,2
358b46b0d6ec4cd5636cb3fb16bd729d,,0,,1728,13,8
35D3BD11AE454E429372966FCFA2D83D,,0,,1,,
35c9425afae3415d088fc3ca08d09e75,,0,,1,,
35e2c3f5ab92044d6f2b0e6c4153c46a,,0,,944,5,8
35e4d7fb2a3f74bcc4afa557a7d686c8,,0,,1,,
360f42445210894e5c2453ac7e2ea6f2,,0,,1601,5,0
366f19666482ee5efb51d58dcafdb728,,0,,1,,
368eac0e1e578d59afc4e814a4fe6ce2,,0,,8,2,8
369792019c6e10604b503539bfd06415,,0,,243,8,6
369a402b08e3587382ecc10b1300e8e9,,0,,1,,
36c84a24a47031c0af1c4831ac04b981,,0,,47,4,7
36dabaafce03f71ec5946eb8842d5a3b,,0,,1,1,1
36e45834f027ff29d12818585ebb83a6,,0,,1,,
36ec99e4d6f8ab204fbf90de649a9b3f,,0,,41,4,2
36f65e297f2aab511fa9fd4128732d55,,0,,21,3,2
37061c4c30e171c96e119faee7f5ba28,,0,,68,4,5
371e19a838f100d2fe465a48cb7e3ae0,,0,,2,,
372404d349dc787c182447fbce457f4d,,0,,278,6,5
372644CD2C4D40D8AE3CE527A86FC26C,,0,,1,1,2
3757985cda12f356eb3346f8ba5b7406,,0,,193,10,2
377389f40d2ab034b28d30cf69f815dc,,0,,1,,
377edcf7987f8139d728b222eed1cc30,,0,,15,2,0
37922c4fcd7d413a5cdcd9e0869750b6,,0,,1,,
37aac085443eb301d1184573f60a9f78,,0,,77,2,9
37b9b4b58ac467828df61ff8ddc9bf8e,,0,,84,7,6
3828809fce7dd2e7ebf4cad65de8f6ef,,0,,283,13,9
383dfdf04921c69ca0fb90407bb882c2,,0,,89,6,5
3842702a2d34b4bc7862a3ce414ea6ab,,0,,1,1,1
38505f5c69c0adb17cd88ac775e641a5,,0,,154,16,1
38b5aed82011081f5f4ce7860cc329eb,,0,,1230,23,9
38ec4691111753fa19dffccecce00b45,,0,,206,7,0
3919f41df027e879f78d7ea9b877d208,,0,,111,6,1
39aa53a45323dc84ba2e70817ea6fbf2,,0,,641,23,3
39cec758c368eebcbabd1126ce5e1a25,,0,,1,,
3A2474A5D1DA4AC09031E79DF33E34A5,,0,,1,,
3AD9948E426A4C279A3B14C13C2815AD,,0,,1,,
3B279221BE4640C79BCAA4DA226336DC,,0,,1,11,1
3BF801116A40410E8C15D3596FCB4A56,,0,,80,3,8
3C7F751BC141471894E44D8181EA56B8,,0,,1,1,1
3D1122209987471DAA727B9767427957,,0,,1,1,5
3D66E49709E647EA91F90B6AE40281E8,,0,,1,,
3F7520B8CB25402BB9026A347BB7B7A6,,0,,1,1,2
3a11ddbd03555372932d04b8ad95b441,,0,,1,,
3a88b15a03579371ae46e4d69003b9a1,,0,,82,5,0
3a8af59b7a3f981194261dfd7f05bcd5,,0,,530,16,3
3a98b3ac759c0979adb04c397588470d,,0,,95,4,6
3aa648bf97d6e1fbee3ce6872d09abcf,,0,,28,3,1
3b077771cf0cf4859d9469ab136ffee7,,0,,113,4,8
3b86aff3ef3242d15129e4657cdf9a3e,,0,,9,2,1
3ba081f3ddf9752c5c4214b1d1a60aab,,0,,2,,
3bb227e8d3ed45536beac23f42e6d883,,0,,1,,
3bd67678b7bda62acb5c3c93dae42240,,0,,1,,
3c2b7843e597fb85685b3d7f76859132,,0,,84,6,3
3c52499be069c472d5a10aa7172484d0,,0,,1,,
3c99796b015adbb2e61bdaae8dca6481,,0,,1,1,3
3caaf63eaff44b56b14a18393ae70df7,,0,,1,1,4
3ced8a9a057ab28bde105e06674b4057,,0,,1,,
3d023dbc53b3c864465378e1c0aee40f,,0,,1,,
3d0cad4eea591abe42cdffbcfbadebac,,0,,9,1,9
3d1e64de4a8ed3de864b70b10915d881,,0,,20,3,0
3d48bae526a2588e8c75342c3f5c2ef1,,0,,169,13,3
3d8e321a0ef469bc6a0e485a5a837cd6,,0,,1,1,1
3df46d9636f3ea4761981ab48cd3ed14,,0,,16,3,7
3e0068c4262a9594395a24b7a0360b5b,,0,,1049,26,9
3e13a46d27d174a5fc49274c5aa7917f,,0,,6,1,9
3e152c8c1729e056874f2d078ad047eb,,0,,1,2,1
3e1e902e65aad436be16463e40197df1,,0,,3,1,6
3e24db462e542f9552401060c3d06d9b,,0,,1,1,1
3e2d71a1bee72d2fd14552b984df164a,,0,,103,15,4
3e553049a3aa04a5b3532c6c3b6b1770,,0,,1,,
3e6b0d7490510f2b276b3b00a58f9b7b,,0,,40,2,7
3f43510b02e01a986c03ee8d95439982,,0,,347,6,1
3f6a8100aee9437dad50fb31ddaa0f9f,,0,,2808,29,6
3f7638155f6a5d817b2da6dae7c57cce,,0,,1,1,3
3f8b3fea48dd20af5905ea2a19cfbd93,,0,,369,27,0
3f977653a51fad30dc943f556758e005,,0,,25,3,3
40134b0d73236f10fcbee38bcca5268e,,0,,1,1,2
4024e828d4f69c8050fb025f04d7ad45,,0,,1,,
4037f3c224364c6c96f0ae1b0fb6adc5,,0,,2,1,1
405c350d9a22b00cb2720f5be6a6a3fb,,0,,3,,
4085eecdeef5b6641cf6c5f420a05ef7,,0,,1,,
408e1f9bc5c1e2e08ebe06ec6b0fc136,,0,,234,5,0
40B3F92D12324A99B1753DE38D385D7B,,0,,17,2,3
40C7E49CC1AC4BC48129FA6662E1DD89,,0,,1,,
40FE2279255543F78F2AFED1003C3273,,0,,28,3,3
40b69cf6dafeddbe693f842050201ce2,,0,,1,,
40febc14fd21a4b14d8a6ff556a77cef,,0,,1,1,1
411153c76c8b8ff5d8418c57994abb76,,0,,4,2,3
41164706e26ebdc486a3d753ad5143d5,,0,,58,3,9
412a4c397539641989c3f2565c73451b,,0,,3,1,3
4131a29888c92b80bbb15dfb8874d09d,,0,,419,23,8
419961814e42430a71f4954ca64bd03f,,0,,11,2,0
41a17a95f3f8b5dbd76dd78ef4ed764a,,0,,460,15,8
41a6e1b9d31ee03859a4585e12a4ba66,,0,,1,1,2
41a82f8fc5215c3d1504cca108af2b6a,,0,,1,,
41b0426609e5eb7b16f3154ad07243bf,,0,,159,7,5
41df097000c0ee574445fae602b8b1ab,,0,,1,1,2
420F8BBFC70442D5A39C7A10DFDA6B2A,,0,,1058,8,2
421569067092918084e439fa831e8840,,0,,3,1,4
4270a9c41edfd8cc314ffbadfab8b21d,,0,,5,2,8
4282344597874176635a1d3313ff523c,,0,,41,4,9
42923a239a98d5324f6c8e80ce09b54b,,0,,57,3,8
42a55558e843a1ad7a5716031c228182,,0,,608,23,9
42b6ba6efd83cc22e4c4fe8a4ba97bb7,,0,,1,,
4302d1fac085eca90bb241a41b54b3d3,,0,,12,2,0
43072c80fead0b0982c63444d1eed97a,,0,,1,1,1
43114ef1de98d252748edd12a35742ae,,0,,1,,
4326bc51e8d249accbec5c4dbda278c3,,0,,1,1,2
433b0d2612ab3fd96762a25fde0acc40,,0,,1,1,1
4346d43ec561ac9006632dd2a0c96a80,,0,,218,12,7
435946426fdb7cd960f732a5972d261f,,0,,177,6,1
436bb5272b1737577aa77a97d3918f73,,0,,2,,
4370478f2f1b49c3daa7804b89cc725d,,0,,704,17,7
43a684a6279b2031fd9f2414d67acd2c,,0,,59,5,0
43c50f6dc1522e8b1a2b1b94c91e1bd4,,0,,2,1,2
43c62cce40b9dbdc24a16d574b1a3c18,,0,,148,10,4
4453AA2AAC2649888E32BCDF93820835,,0,,306,8,4
448557c2d8863331336ed847b73be141,,0,,1,1,2
44d156d8381aa477f5bc9c3aa8bf1307,,0,,1,,
45130f711897634b31e79ec4b23bb417,,0,,244,,
455bc798596721fd4d8c35aac0ad9f0b,,0,,2,,
45740525e6162b9e2d05901b4c10281c,,0,,1,,
4577333C3E33409A9F99B1E843DFD866,,0,,417,6,8
458ad698350959becc4c03bd21fb5400,,0,,864,25,4
458af3d5823a7b6206ef888c0c6eb4d7,,0,,2,1,6
45a0a062a0d1f068026b587ab9210d30,,0,,300,16,5
460b4ce72b01ff637d1e2c5e09b95f95,,0,,19,2,5
4613683d8503d3a5a8836a23b79a1717,,0,,99,10,5
469f2ce2fb1f74b6baff52ab9cc0e0f9,,0,,8,2,0
46a38e1981a9c09483bfa753bc5381c8,,0,,176,20,1
46b427ae392e73e7fff30e3902b92897,,0,,1,1,4
46c41f074d0752a64caa5bae2f867ac7,,0,,1,1,1
46e6cc04a67da08dd44e0e529bbfc5ff,,0,,1,,
46eb7ca8b50c010a8986a82c6f038963,,0,,1,1,4
470f927bc7a699236d35e8d2467273c9,,0,,181,6,1
4719ee80313f446710428e626ba2155e,,0,,1,1,2
475fe4aae2154d2d6aa5f3c0a040c561,,0,,220,7,5
47656c3473bd61530a517572807838dc,,0,,2,1,1
479852890c2d51ddd0e18933f56696ac,,0,,137,19,1
479e499a0aa426efde65e1e0d9e598d1,,0,,17,5,1
48197F3FADF74DA6B097F036AF0481A5,,0,,689,9,3
485eff597adceb033c973069f22caaa6,,0,,32,13,4
48731c610a8a35d4bb74effb292dc201,,0,,1,2,1
4892d3f6effba3a2a4afeb49ec531155,,0,,299,20,7
48b876ce4fbde77a3cad75c9bc37475b,,0,,173,8,4
48e049d56db4d1d8b62f24db4b295e4e,,0,,1,,
48fd20cb5dc1b3b11af84fb7cc48c315,,0,,1,,
4950df44989d870c20660aeb18c63ff2,,0,,1,1,4
496cc3b2b5cdfa075af07f72a7f2df99,,0,,1584,29,4
498a5f1316d29e3a417070ea96e99769,,0,,15,3,0
4A6BA68B01D946B7A135C35557C6A044,,0,,1,1,1
4BB41B2FBEEC4FD8A21B910CC58409BD,,0,,20,8,7
4a5809d9dfd60ab70c13dac78b3b36e9,,0,,306,7,4
4a5ef92a7223c42f80e008df2d146848,,0,,1,1,1
4a91e74abd83bb8b971b87a6215d2e75,,0,,7,1,9
4ac9f961b55f5a10859438689fbd0023,,0,,1,,
4b0590360be9267129ae323801a1a7b9,,0,,1,,
4b1380c1033f71e002fe295a208e18f4,,0,,7,,
4b1d9cdf4305e52608aa2276ad1b53be,,0,,1,,
4b6f84691aab6de7b6afb5f4e34b3db2,,0,,2,1,2
4b8a817ddd7a7075f6991809dc9c63a2,,0,,1,,
4b9532533aaf2989b33d220e174cd1dc,,0,,47,22,0
4bce5f9d9086f985db178cc2e7f2b0b6,,0,,288,12,0
4bee937924e0772f5e0c1df84a2f52fb,,0,,39,16,9
4bfe9175c90330f46e9c03890fc5d6ea,,0,,39,3,9
4c05a884769d6e5511cc8aa854222ace,,0,,1241,25,0
4c09bb27d39d36781605304974bc4468,,0,,11,3,8
4c20badaec4517664d8fdb5ae6043cc5,,0,,1,,
4c5d411631eb52a585db05da30d1695a,,0,,78,5,0
4c787f40ddd4815c0c18acd1b943e4c2,,0,,2,,
4cca0dd3207450cb7c90e81d9aa4be9c,,0,,148,8,2
4cced755e2f017373ccb6e71349f2f00,,0,,842,18,9
4ce1bfa9379dfb0eb0253fff629d8a01,,0,,3,1,2
4cfa49e584f908394516ecdd84c6092d,,0,,1,,
4d07244dbdfbcab62fb150910042f18d,,0,,1,1,2
4d207355833617f37f644c2e4fb2393d,,0,,1,,
4d27862c523230050bc688a6d8cc05a1,,0,,202,13,9
4d38650ac2af6745ba09b964ebdc539e,,0,,717,17,9
4d401eb2489ae11d65525b1e49842490,,0,,19,3,3
4d997ca6c6706bda6373bb90df59434e,,0,,680,29,5
4d99b12399c58695755661ecbda86f1d,,0,,278,7,5
4d9e0c2b7e2cc338d753acebc98d1dd4,,0,,166,8,2
4dc0bdad59d02d44eb9e0999045585bf,,0,,482,22,6
4dcb8b820b23dd662e781cf2384e9279,,0,,43,3,1
4dd769d3b63adfa94cf0341b311b7a95,,0,,1,,
4ddfd6908ae4a872e05e83ad288ac962,,0,,14,3,0
4df247d26631309a03bde6ecf484b097,,0,,9,2,6
4e2d79440a837be9f93fc31b1e248974,,0,,160,5,0
4e4a3fcaef3f9ff379b6719de9ca19b2,,0,,257,5,9
4e75d2072bd7504618d3269fcef1da0f,,0,,6,2,8
4ebefa1a9e6da230fc44a4404343435b,,0,,370,7,9
4ebfb0e333749f0d8dea9e8f1117e6c7,,0,,1,,
4ec65fed140a4d966ebae6b7b7c06c27,,0,,5,2,1
4ec81db490f42ac0f24eab2a0643e944,,0,,1,,
4f22c335fa18c4fa6845cb1146335df5,,0,,19,3,0
4f5605db982bf17a0f8808a5dce834ef,,0,,276,9,7
4f593c4a723aaaed70080de0d2fe2337,,0,,36,2,7
4f805dff0ab17e34f03f51da6b047d7f,,0,,2,1,1
4fcabaadd606043d93394cdeabc493fb,,0,,257,6,1
4ff668c742067c39cd7a184492e1dcf4,,0,,96,13,6
502239f8a271bc7158f7924a6c15b0ef,,0,,47,3,2
50347509cbc4f83c64b41eb675bc8359,,0,,9,2,9
5034ee99e9c1d422d31f1b19c880900f,,0,,124,6,7
503cf4849bda1bc70a1fd2bd95c7f352,,0,,16,5,0
5050089D0AC64C57B9F66733B24D4284,,0,,206,11,1
50589bd10d9ae1769f6a0ba12c298042,,0,,1,,
507166f9d35e180c2e178ee941f88199,,0,,1,,
50c7e542740532f4b623be5e1ce34175,,0,,1,1,1
50d6f18d1f89c8fb561f52b2c46dbb5b,,0,,12,3,3
50e4236596158ae18ca276695e362dfe,,0,,124,6,6
50f1cd0eedd3b62dc7402dca6df9711f,,0,,1,,
511273327efaef5d25a055460568ee8e,,0,,1,1,2
51463cdf3945a7361a2df7e2432907b8,,0,,31,5,3
516ae39b2d77f4810d082e4c4e529882,,0,,1,1,1
518259e7d3ad526a7e74f1bacfd25fb6,,0,,409,6,2
51c1075b406c26da3cc1330d5c52c640,,0,,1,,
51c21c245246e01f9522f0e6c4c0b1ca,,0,,258,13,5
51e5b5697404489f1b420aeeea7d20d8,,0,,20,2,4
51ebab558b692d3e2af9f9c4b3db354b,,0,,1,,
524939437f90f626eb445e2d9c9e7177,,0,,9,2,2
52721889e74fabf1b9caa4492168cf16,,0,,19,2,9
5297c8d9b9eee21fb6fa85846fa926c7,,0,,1,1,1
52b68244fb5145445d520d50a226ab80,,0,,1,,
52bb9ef53ca7a86671ae88e6b68fa0e3,,0,,383,12,7
52cd64124781942b359eac8d2302e7cd,,0,,1,1,1
53077490d650b6693540ed9f52fa29bc,,0,,1,1,3
53194fed5a1a36ebf2b95d9bed44954e,,0,,40,4,4
533d4fe7cf3b9a2ecfb383a00d49f80c,,0,,1,1,2
5345FEA4726848279945D234B9F9C2E4,,0,,1,,
53CAD0FA3B154F149F6A58F5BDF37A9D,,0,,2,1,2
53CB9354101C4FE3A15C613547F15054,,0,,600,18,4
53b5422e7a4d5d91c51b854d1633918d,,0,,1,1,1
53b5a3d92e26608a29be2b74e40acc54,,0,,19,7,2
53c6550f73e7cb4bb0b9355647064dd2,,0,,38,6,9
53c9cb21252e0da94c803ad16a6944b5,,0,,329,12,5
53d4d7eed7f7d0cf1019802e18836451,,0,,2,3,0
53f2bffb20e6d0509f99b94861e371ad,,0,,56,3,3
53f323049bbc4ea39e4fdaa351440a24,,0,,1,,
53fdcb26c898d51784b0e53598e93388,,0,,136,4,8
540c289e627281cdfff3251eeaf36a82,,0,,2,1,4
5410f1932dec7ba7ead4177e0289553d,,0,,5,1,6
541607eb7cc2ea671d613e09c769fcd1,,0,,83,6,0
5450c93fbb060b50bda7ff9d2492e476,,0,,1101,29,1
546381934d0d551b05768213df69d3a3,,0,,1,1,1
54932556b10d0f0c9b90ed29f46ac75d,,0,,1,1,2
5499390f8e54bed34fc80e91ec7baf9b,,0,,1,1,1
54EFB00CA9014007852BEE3B44517433,,0,,1,1,9
54b26c8848b47d9249d3e173b0deed7e,,0,,4,1,5
54cb1991f7b309057cdd9e598b09a9d1,,0,,103,4,5
54fd5c971f65fbb5c9bf060f162b9b68,,0,,1,,
552a0695261c27c20898186804617046,,0,,194,27,7
555053cdb84b65a0f8e9b28561ffa1d5,,0,,716,20,9
555691456c0d8279be4a5532852130c3,,0,,28,4,6
5557c8a7eee86a3ebf3d74bc4cc9127d,,0,,116,8,1
55599888f2fad755f0cbe7007c2a0a43,,0,,1,1,1
5561161301d54b24eca4111e2940a872,,0,,63,4,9
557d60d55afb2f0fc2097de12a98c16e,,0,,1,,
55ad327fd0d07e3037ab166ae59020d6,,0,,2,1,1
55c22882ca74907e0045f5f19ca42174,,0,,156,13,4
55c2e2666920eacaf8c5717fafac9c03,,0,,352,19,7
5624d8e30b162f683cbefd3a4e4132e3,,0,,5,1,7
5640C57508F74C7BAF969C81681F15E4,,0,,1,1,7
5651ed6392dd1f523db00fb197658ad5,,0,,2,,
56558eff805ea97f9113723a5312d807,,0,,1,,
5742f339b4d7c39bb232d7736e87136e,,0,,2,1,1
5754C5E1CDF14289BA07B4167D9B8944,,0,,372,11,1
57958fc4a975cf5fa9493a7c05f2e7c3,,0,,1,,
57F6C364DD64468E94512FC777E357BC,,0,,2,,
57c551c887bbe081a6ae8ae822781ca0,,0,,1,1,6
57f13f600f27998736a55f0ef6d3e7cb,,0,,2,1,7
57fe9afef98f3b7c37019fe5b9726c3a,,0,,289,6,7
5825bbb26e00acfae2eecca858d2ccfc,,0,,2,,
584caac98bcddd26294f0f54be34ce8e,,0,,1,,
58569f9a3c6818fdbefb423c715d9cf1,,0,,3,1,2
585eeb3984b99ae92b2a3e5daeee81af,,0,,1,,
5861811bb586f3b8bc7e52801aece2f2,,0,,5,5,7
58694a0252e420ebdb3f90bed96343cc,,0,,52,11,8
586ebf54006028abee479ee2c47b0a86,,0,,51,2,1
58b7d031b26f2f5553749794bfe5d5e4,,0,,1,,
58c2bda3b189b83a709c3747e99a625d,,0,,1,1,4
58c96603d8ddcbdb2819c9fc749cd1c0,,0,,1,1,1
58f117e61e88b813d7ee083d7c705509,,0,,55,3,3
590960db7fe18d40fda31a0281e8aacb,,0,,338,9,9
591374e4b87c32b1ca1990d74f815f36,,0,,1,,
591e661c684f8cc1999be97877b2a021,,0,,103,4,1
59364839a8cd3f6ca82a4f77be3b4886,,0,,49,4,5
5979f90bde48ff24215241b2c53c0eb1,,0,,1,,
597a0f174bd5d2f6d0f1ad0624db93d6,,0,,6,2,0
599A0AC6D977491EBAF154EC9D7F3D1D,,0,,275,13,7
599c7269b9d82a04bb443dd6641b9aa5,,0,,332,6,9
59b27c2f55132edce2c36fa4cec8a3c1,,0,,2,6,2
59c76767863d7f9e9a5c9c19808cb079,,0,,2,1,6
59d54208dfcd454bb99113a5f26da7c1,,0,,1,1,2
5AFF87FBD7EE42549D33F0705C9215C4,,0,,6,2,1
5C835CC1B69740119EEBB83564BC4B47,,0,,33,3,6
5D157467AE2D4E7C90782552FAAC531F,,0,,1,,
5E9FDF5F28184A068E84E9790BB70B39,,0,,1,,
5a077ab7741c5fd2a5e5c836bf9c0c74,,0,,19,4,3
5a0c290409d6b36e94a62ab9106753c6,,0,,1,,
5a391e11074da9cb7c555f0bbba3ca1b,,0,,1,,
5a619a8bc3edd457037c3ae8ef5af922,,0,,11,2,0
5a9ba6c804f57c233044d6a473113384,,0,,7,1,6
5b37deb7c3446c2ac31560a4d9d223bc,,0,,249,6,5
5b3cd6673cfe0a7ebd693b1396ead196,,0,,1,,
5b83f1ff73f93cec4f9cef3299e267ea,,0,,366,12,3
5baacf262cd8340005beb2b0deefae29,,0,,2,1,2
5bbbe4d0b725bb6c0e99899258a25e88,,0,,1,1,1
5bc19e368268ecf210ba8227d3745271,,0,,5,1,4
5bc363ab65295561f9a29a87467e389b,,0,,122,11,2
5bcabde8be6f9d62e2e026522046e8a6,,0,,62,5,4
5be642cd4f14c5ce703a8822c1411081,,0,,160,5,0
5bfb6412a5b549b726adc89a44136aa3,,0,,1,1,4
5c7636b89ae6d4f2aca805c075072f5b,,0,,1,,
5c8b9d01745a8b57f5eb166fc43c4f8d,,0,,1,,
5c989ef9b8dfa08b766b26be66938322,,0,,8,2,5
5ca7f794bed9faccc5297063d1b81f07,,0,,9,1,6
5ccc45eb3c29e9f334c43f15b959c8e4,,0,,25,1,8
5ce9e566d6e27d37ca7bd03a88c5d930,,0,,1,1,1
5cefe5e417410caa64102b24c2840a15,,0,,794,9,9
5cf388456bff7d89de79135274d47786,,0,,4,2,5
5cf6f82177e897d1a93beff0c8dfa01c,,0,,1,,
5d0222d8de2b7db82dd5ce7ce609e4b3,,0,,279,11,8
5d2f4f1e078ef3e31603bb5ae6ff8ebd,,0,,705,27,7
5d71b583b6c4354b4a586dd119773599,,0,,113,4,8
5d805b9fd3e2a52dc9617494547b0122,,0,,89,3,8
5ddc8c23226193bcef4472f8b26793f2,,0,,1,1,1
5e46a0773e1832c0a8ef383ce5d0f95c,,0,,341,6,5
5e654d9faf9a8fc4d837aea1026880f2,,0,,52,7,4
5e81db21f4f138d4969489bf41dab83d,,0,,1,1,1
5ea2f72bfcd06b228ac7d7979a06e888,,0,,20,2,2
5f0543dda3b03ecf2621c847c3b026a0,,0,,1,,
5f18fd2f9d4bfb58f1b1efb2b07ea3c2,,0,,1,,
5f3343e8f967f7f9b7557770e8a65c8b,,0,,1,,
5f7613f6ecfad4e60e3ad2f9d52f15b6,,0,,1,,
5f7855ad9f990f3b057fd185e127e1ab,,0,,1,,
5f81deee8e4bcae9b29e55d2085ca602,,0,,1,,
5fb7fa07dcc5b0a6b98b0c4fd055fd9c,,0,,23,2,8
5fcd82f720659e1d2550eb271e094a4a,,0,,3,1,5
5ff15359313ae5b36dfa693c8a0c4c3f,,0,,7,3,1
607252f15eb0e4f6ba94a04f7519a4ea,,0,,95,7,4
609491cb790da6d9bc0002756df1dcfa,,0,,5,2,2
60a9b31cdab2c10f69fdee1d9eb42b41,,0,,1,,
6135b06b1a00bee51802bf2da066af36,,0,,1,,
614b60085341629f97191c779a324119,,0,,344,28,0
615377a3183762ef370fc4f2d5a8367a,,0,,712,17,8
615A29F81D894CC5BD286E326F148755,,0,,11,1,8
616610ff32a8592c0a46de3fba3da2d5,,0,,549,6,3
6180023e6fcd6a3ca89dcaafbf790ac8,,0,,1,,
61817B5953DE40C69931E1ACD0A4A68F,,0,,358,27,8
619c6b61dd7d686e84dadef25af7929e,,0,,1,,
61cb0866defce2091b47651a77e00860,,0,,1,,
61e456e603cb24716659ec2d0dd71fb9,,0,,575,15,0
6202f2e37bbb86ff5d8ce4f85690cdc2,,0,,154,15,0
620bc9771f21ed8f141506543e91a3f8,,0,,2,,
6231E4D1A65C400FB068F627FD3B640C,,0,,38,3,1
6255adbad4cc411737b27c6f95105cbb,,0,,60,13,3
62c2dbfaf11539f943e5a725fa1736e0,,0,,1,,
62ed0471349b05f3981b5e85944ada85,,0,,2,,
633DB892FBFC4417BA1220AE8E8A6FCA,,0,,1,1,1
634AABEE5F4242DB8FC56FF1CDC71293,,0,,2,,
634f81f74bce3b9b85c0e985bb081199,,0,,149,4,8
635718648c24803e5a7dfcc9845c12c0,,0,,12,3,0
6365b34310dbc3a93f0cfd3b557321f8,,0,,1,,
639388fc3e52e942a3b43963f6b9fc79,,0,,1218,28,8
63b03e40340e98b335ccd770f33c67b4,,0,,1,1,2
63b84e32a51b72635ecd68d2c192a25e,,0,,55,4,6
63b96bac3c5754015f65932621d587cb,,0,,13,1,5
6420b2ba53f820717674749fee1917dc,,0,,2,,
642c77d445566e9ab2847cfe9712a8cf,,0,,1,,
643A2E4B0C5F473ABCA7288D085BD0A7,,0,,1156,24,9
644fafb2a304d649c5c30b0a5ea57daa,,0,,22,2,4
646d48d7c90c11a2d0a459a78809faa6,,0,,1,,
6489fba51c903f1c58e7445417e6e6ee,,0,,255,6,6
64C666EB65CD43BEBBAC3A22D0DAAACF,,0,,151,7,5
64c7cb8f36b93ba409492bd0515eed5c,,0,,12,3,0
64d28686b8b684ca4ca6519e7eb82f1e,,0,,26,2,1
64e2a1d1365730303d8b06a1bbe0c195,,0,,1,1,1
6504b68239831860f5ef88950a7bf00c,,0,,1,,
650e255952207906f62e49b3aef6d23a,,0,,1,,
652b6dae57344e09f4a1d8c8bd77b60b,,0,,678,27,2
65513eac5785e51778af15831cf7ec16,,0,,2,,
655A9ED624AA497585C2FDC18254F02D,,0,,164,4,4
6582630f1a97107704c1c17cb9406723,,0,,30,2,9
659a22bb146684fbbc8d0f7baafb910b,,0,,11,1,9
65a0a2ceba9d08d9ccd6ce6e9a5e4035,,0,,107,6,7
65aa6b9eb701b1de2583446423a1d7bb,,0,,176,6,2
65b6da777e68d9534bb8e7aea7d29288,,0,,1,1,3
661b343c77f71c0429dc93da0625de69,,0,,2,1,1
667ef7d9e629b5ee1e38bbe5e505863b,,0,,1,1,1
66937864526c5d018613db73614ebe86,,0,,178,11,2
66a14c40e166cf3700726d04b8a15e28,,0,,117,4,3
66d15e0d26f7638dbaaa71818c52c12f,,0,,32,29,6
66f190e72b64da9cceacad24dad63fbb,,0,,1,,
66fd31353b94083c41ffeef09d139f65,,0,,1,,
670bfde48d3ed3adaeedd888d2a9685b,,0,,1,1,1
67162d7199da7190efff189c0273bff8,,0,,64,3,8
671b318ffc1f72927985217d893cb2fb,,0,,1,,
673c4f0e07f76dd0556ca471422ab534,,0,,1,,
675025bf60aa3d9efb205a97ea37b542,,0,,24,9,9
677551c1fbf51edf74ba7a367911dde1,,0,,3,1,5
67b13352ecfbad98ae9066394f42b94d,,0,,1,1,1
67e1e8e125f1a0efc551570d33d38850,,0,,475,14,2
681401d927aba85fd2b9a3a7c0d360fc,,0,,1,,
6822d8db798ebd46ebd6dc783222d4f9,,0,,820,32,6
682bf5bc61d9c8e73a5c3c57b87b2924,,0,,1,,
682c083d76c0e73985a480b3f4984506,,0,,6,10,1
683281350dfe0d21687957644fe1527c,,0,,9,5,7
683dc3bf272d50dbf6f26ce520d5ef99,,0,,5,2,1
684cd37f467308f44cf95a4b8967c1bf,,0,,237,8,8
6853447fe9860d697af1492a6e6e75f7,,0,,1,,
685a64b1020c6f7338deed43bccab5cd,,0,,110,6,1
688e9b4aa9427329f4b19ff8f5425c6e,,0,,502,29,0
68a741e3a4d8a55475382ec920c7f54f,,0,,1,1,2
68b58d79d9b273562a62f79fff869bd9,,0,,191,4,5
68d103c7a31ef3adb6dc101096144ed4,,0,,174,4,2
68e184fe774f118dedf22a9a0df2d255,,0,,1,,
68f99f818d2ef22b803331ff3c4a8882,,0,,2,1,4
6902480a39c35cadec229275cd90cf2b,,0,,18,2,9
69176333aa36468ef0cb95ff091c8780,,0,,1,1,1
6920BA578D3E40F5AAC96D7AC39EAEB5,,0,,540,15,4
69355ba69109b9c8e416d4342ce99287,,0,,921,38,0
69ea0f9062ffe3857112398ebe4f345b,,0,,834,17,2
6B73901C431C48F49EE45DB436B05037,,0,,3,1,5
6BE3E3A66EC748908D4C3B2EFF8B34BC,,0,,789,17,2
6D3E1E0AD1B14E9485250D61A055968A,,0,,143,11,5
6D967A90FF274E63A2AC45F09CB3F999,,0,,584,14,5
6DB125EF38D242E989138CED01F92F5F,,0,,1,,
6F0901942B984B278BCAF41057442E23,,0,,21,4,2
6F66437038164418A50F21649FF5A138,,0,,1,,
6a0f407dd2c8b26dadadb800b3f55b3b,,0,,499,14,1
6a5a24744f6bde371987e274f37b19ca,,0,,14,6,8
6a7e1b780dda68ec347b8d57cd54b8a2,,0,,53,9,0
6aa41f489e8e6da8fc4286b8e972c4ef,,0,,1,1,1
6ac419d1798a91c64d9a8b6010615686,,0,,63,3,1
6b111319b344116eae2637cbc4260f58,,0,,1,,
6b6a06b31a944f27962d05cc8a5485a6,,0,,1,,
6b906497efe981fa100ede73cb587c6e,,0,,1,1,4
6badc7a242ad164b16118253603e7c97,,0,,116,4,7
6bb1b1bdfb4efe67139e2b6d2040a85f,,0,,39,4,6
6bc37920e7f749283656c84fe1611c3a,,0,,2,,
6c02bed7adbf11eca021598726cd33c7,,0,,48,7,4
6c171876e66446fadac6ccefbd444503,,0,,2,2,0
6c389be1fdb329d8d98d3419c8c4af6d,,0,,3,2,5
6c504cf0bb645e9e09dc47053e4c310a,,0,,1,,
6c7fccc0646fd35178cf06b1deeea81d,,0,,1,,
6c909b5143ee64d663287d6a3ae2d8f0,,0,,1,,
6ce4b05c744e46c10b43ff8c4a747883,,0,,1,1,8
6d3cbb25f7f3c5744c650ebb548679be,,0,,1,1,2
6d5446bad4bd96fd71a7e2def573b566,,0,,337,7,5
6d8bd59f86fdd59075c1c2aed57d88a3,,0,,44,3,6
6dc87fa2e7e530727c708d6fecd91d24,,0,,8,3,6
6e25304e6bd2513af5dcd6cd6b5ef070,,0,,1,,
6e313788d65185bf10b608453b4638fb,,0,,416,19,7
6e3676da10bff9440b35d3c6aba47d8b,,0,,80,7,0
6e7f8e238a9be262bac65b879ffb09b0,,0,,69,6,3
6eb9cc6da6d858028562245edd7a9262,,0,,1,,
6ec36a25f4f41352a0a9952d963db3a5,,0,,1,,
6f53670a0c0893dda1f230ff44f690f3,,0,,1,,
6f5d834cab23f470a07db3bba750f835,,0,,1101,49,5
6f9b324f1015af811d2f42201bb25991,,0,,2,1,8
700236cde3ae356bfd15fe8c1264f05a,,0,,1,,
700c8a84aaa5b1ededd53288b7aa2eb9,,0,,1,,
701902c22203d41af065b3256be76fd5,,0,,586,17,5
7042d29a696e6966478b0da8687071e6,,0,,220,9,0
705fa1952db7fa2e06a86b88150082fa,,0,,340,12,7
707e67a39a458bd05bcf9bb00cbfa8fe,,0,,715,14,4
7091082ed6ded6b505a35a9a1ad71f46,,0,,5,1,3
709daaf2c2cc79edf43f1152d9e0fab6,,0,,1,,
7110eccbaa690959ae10370b65990907,,0,,2,3,0
711E4CC00E094034BE357F8D29D3647E,,0,,3,1,7
7140f67bab38a1eda8c03ca760de09b6,,0,,6,1,7
719e3af7ed77bc23d508a348cc6a9147,,0,,613,7,0
71c0dafdb532533f4f6cf935d906256d,,0,,32,3,0
71e1d2d349182829ae43749fb8fda5c1,,0,,1522,19,3
71f092e4f60677b67fadd72f44cf6c79,,0,,190,7,1
71f19efef58385d9a68697ad6cf89576,,0,,1,,
7207DA1909AF4748BAF4D7480FEC74E5,,0,,78,4,8
72537cbc523a2d5af9672238edf05a75,,0,,264,12,1
726685DAD54147E0B783F82BB7724193,,0,,45,3,6
728d760107e33037e8d57f5901447737,,0,,1,1,1
72ab1d85ef43af67dd1687ca52826ea5,,0,,549,11,3
72ce7cea437099982914059f1e5b9cf5,,0,,1,1,1
72ec59549b8ec49f1173a6dd956b9ab9,,0,,1,1,1
730775bb45221a53d275b7f2be909bb3,,0,,4,,
735bc72ea891b58bcda0d8e361ffd642,,0,,83,4,5
739b747103a9302eb013e07c81d6475b,,0,,4,1,6
73a391b52c5ef1b7b9297059ea78901a,,0,,1,1,1
73c09ef613c358e491e10a15160fea08,,0,,1,1,1
73c4cad24f0c02e49bae03bc69e681f4,,0,,382,24,9
73e9767ef783acfe6a30526b34c50c78,,0,,1,,
740d3907b61d31b660a115d1609f0343,,0,,4,2,0
742768d98f21f426894ac379b1f5dc77,,0,,32,3,9
744283e8adcae1fee4a13c6db14b4745,,0,,275,8,6
7467e36511122d6aa90561b685ae113e,,0,,403,10,3
74793bff770bc89b739b456ee97721d9,,0,,1,1,1
749367f07fee26bed15b406bd2ac7a65,,0,,1,,
749cc68985d9f4b156f7abdada9c4e9f,,0,,2,1,1
74acb993bcd87705c9f21d4558c866de,,0,,160,9,1
74c24bb0df76c20242bc1d930c4c6b08,,0,,12,2,1
74e853c966bfc8d8d7b274708d30c01d,,0,,523,16,5
74edb8cbbd7845e89ad3b7171bbe4032,,0,,1,1,4
7548fe82b61ddadf3adbd12eccbc34d1,,0,,206,6,6
7550ff813adc6b43e0fc156fbfb07ad1,,0,,1,,
757833bf4593712ccb5fe11914513699,,0,,3,1,4
758d69af00099979604fe69bd5d2a5c5,,0,,971,14,3
75E7F06CBDA447FFAA0D2174DBAED739,,0,,1,,
75c7ff1a18a9575d6fc2cae7372172c3,,0,,148,4,9
76081aca296169a4d3815b8aa09904ae,,0,,17,3,6
760EAD00DA5A47C4A855719B94D86548,,0,,67,14,0
7613b4eab857c0194808b16302a8bea1,,0,,2,,
762ea5e814ff83b9f9659517c1c174c2,,0,,79,6,1
76318F70D86A455ABD392050AB49C136,,0,,128,7,0
766955571b7af4a1e13bc43f22b1e165,,0,,63,3,9
76a64a1744b2d31275aba4a176b327f4,,0,,4,1,5
76b11f5c91946aeba45b20df59576dc9,,0,,1,,
76e90799fc82a30b562701ac4d4e7f47,,0,,1,,
76f2f01892bd383ec75c38db49a263ca,,0,,511,11,5
76f5f9fff7acefc62b705cf5d157a5b1,,0,,1416,29,4
770800249d370eec8f9e56bd98ed64ad,,0,,28,3,8
7764a99ed35555291e0eef05ca49b5c0,,0,,71,12,1
778c9b364a7fea7d286b588275720475,,0,,35,2,9
77DF641AAC1E462080EC6FA8DFEA95A6,,0,,81,18,8
77c752cff4293fe1dae04ab6f0233c44,,0,,1,1,1
77d61fbe317086bb38df7dde15ae7329,,0,,29,3,0
77d768daf9d13cd0e66dee232222fe48,,0,,50,6,6
77f863b7e15526baf01f58bfa536359d,,0,,458,36,7
7807e7220d1816c6fc5351f444794bbe,,0,,929,11,7
7808ca84df1b9b0e14aa5017b42764d3,,0,,73,11,4
781E9DF6D0A049A189E3C1F6770179DA,,0,,155,8,2
782f07a5d7ad00ae06abd20adf16cd55,,0,,181,5,8
784375eb519fa86d884439a5d31eee8d,,0,,1,1,2
784b779cd8bb72fb44013f52dfca985c,,0,,1,1,1
78752e819c3730d3682de04fca10ba73,,0,,7,2,2
7888c7e8a76c33bcdf0958e3ceba1e04,,0,,56,4,5
78a48a945b04e959e1345be70e2dcb40,,0,,1119,35,8
78c878309302c69ba7eebb7237d5d857,,0,,1,,
78d7549b676c702d8848ed09600945d5,,0,,590,12,1
78ecbf2625f7115ed5502d15f78df059,,0,,1,,
78f6b7d15d7c27d0b2921bd02c858505,,0,,78,3,0
790dfd74b3b408b6815e64ec8197e3ac,,0,,77,4,5
792d50f63c75364b6e384b08c2f41c6d,,0,,116,7,8
793a2c92295df208f14f13adce493395,,0,,1,1,1
7940511c65c7a8fc23fd0605fa75210c,,0,,68,6,3
7953bf54be900e061bde7c31386e4f9a,,0,,2,,
795B0D2E1F944099A18839689A2C9375,,0,,57,4,0
795ed2e593fdc4b06e9a659780ad12b9,,0,,71,,
796afdac9a00f1b9fa9f1f414c26304a,,0,,3,1,4
79b35e6033f2bcf8fed1203971e18a52,,0,,133,6,8
79bf42e9a13af530180a4115db7435b0,,0,,1,1,1
79e3cb6cda4d775146dc4d024eb9510e,,0,,1,1,2
7A7A036E446B4CCC8F32DEB6CE1F976B,,0,,774,18,4
7AE5CDFF2F664C089B161AD7D2092935,,0,,121,5,3
7B8057EC60BE484A96766DE3FDF51D21,,0,,1,1,1
7E7B90E4BCB047ADB2FD5318AC4F365A,,0,,200,7,4
7F0298E73CDF4C58B01013D4DDD3AA97,,0,,1,1,1
7a2f68a9bb2b04f6249b930c195d2011,,0,,1,,
7a3808b2107d02604e1b2086e61fa6ea,,0,,1,,
7a3ecf067b3f0a8af2f0529d78744527,,0,,246,9,1
7a3ed961673083be9ff8cc982448e68c,,0,,89,8,2
7a519f5f187b5bc5db44bf3891bcb604,,0,,1,1,5
7a5bca42e227612ff960e2a270e3cae6,,0,,1,,
7a6d636d258e769dc4f5868c28d7d1ac,,0,,1,1,2
7ac4bc11dae59e1e336b1fc364249a3e,,0,,4,2,0
7ad0b3e648df31cbc7bfe2d9726acd39,,0,,1,1,1
7af220bae43db91da7501554da9bb293,,0,,1,,
7b02db576137cbb376f4b9071f8cb4bb,,0,,18,3,0
7b0cbb92b6154567f27f51c8398f0e57,,0,,32,3,2
7b1dbdcdba7794feed89d54d7047a4ec,,0,,1,,
7b262f1bf03641ce418b8d73f0522af6,,0,,449,15,8
7b4f166c4caf833ce2b499cd52435012,,0,,1,,
7b5fe9acf0aa8ae694ae45fbe67ddd97,,0,,723,15,6
7bab59285d8911f2bc03a77b64812141,,0,,82,4,7
7bbe68a1d7cc775675f14645bd29bb50,,0,,14,9,1
7bd2e0a93a6a8fa290b45a41891a2c3f,,0,,1,,
7c03ce96add214899aadc12a4c6b4adc,,0,,32,5,0
7c097144d1c71f5ef33bbdc28514950e,,0,,1,,
7c4efc5b18dab4c0be3844cb1ab57302,,0,,438,29,0
7c7de1149be2288f8eb1356eeb9b945d,,0,,137,6,5
7c8fa1592aa195b156eeb6668a09a24f,,0,,41,3,3
7c903c4e36c8ec0c6e8c7bc725c59efa,,0,,27,3,7
7d0b2d7c284997a95b650cc2f9185d65,,0,,1,,
7d384d22a59f2622f3b04406fc6161d2,,0,,185,7,4
7d8b83d3912a2aa1d559adcb432f4898,,0,,87,4,1
7da9ff81669929afc8e29ff7e8535ee4,,0,,48,6,0
7db0eb4b875649ee057e3d3d61281177,,0,,1,,
7dbffaf2eb0bee2c69128e3fd57b4325,,0,,1,,
7dc845ee277b58e5d7b803ab5f498863,,0,,1,,
7e1b3b881e5239272d5fe848178156ce,,0,,1,1,3
7e1b60bb58abdd75da517794e1e87148,,0,,1,,
7e23cb219ffcaedce1f6d19ea19f40cc,,0,,4010,33,3
7e33b93597c05fb56c9f585d6500b846,,0,,28,2,6
7e6890ce148f079126b040cc3c82c413,,0,,22,3,9
7e82f9e2555d7386e6a77a9c4321c2c2,,0,,144,6,5
7ea458eecc2b499a33302fa5e7f5d4ea,,0,,131,7,0
7f019529d5484ae905e07e50fc84496e,,0,,330,6,8
7f66f38ced0213e9d49509ea21dd4c70,,0,,34,3,8
7f99ce8677ca98a3c3594f9ae23ad2ea,,0,,312,8,1
7fd233b307349e189dba1d900f4b5a9c,,0,,955,22,0
7fdc47754d834c3af263648c1627efe4,,0,,1,1,1
80247d0ae6ac722393f61eeef3322d8d,,0,,1,1,1
802cde4d6a0985b1090c54404f7b1491,,0,,1,,
80665b56aa4a64094fffdf020a140c4d,,0,,1,,
807fa71e98c5868f9b54ccb7e3fefd01,,0,,988,18,2
80A51DA10899413493AA647CA28E129D,,0,,1,,
80a065fbf5e57beec4710cf70d23af6d,,0,,520,15,7
80d266b552e241792b165f145927dd9a,,0,,1474,32,8
80d3291868c3502b418d585f1c33f2d1,,0,,1,7,0
80e87741e24d47c2ecb171ebcdd2ea8d,,0,,28,5,2
80ec1ed44e23dedb8dc105f8a0d651df,,0,,102,4,4
813214033917bec602e97f43d5debdda,,0,,4,17,2
8161d616bacee420aa145ed8e015479e,,0,,10,2,3
81924b44437a9e0317d448b9eb4f0d06,,0,,536,8,0
8192bb0ac9fd4a55773071b2925b5029,,0,,1,1,1
819d1017cb7975ee8cf9299400d08ca2,,0,,452,12,4
81bcecf17dd6bab6d8e2310df36e3f32,,0,,519,25,6
81be316ef4aae74894051001bcb72041,,0,,1,1,1
81d88e0f9d22bf72d35d8af4b3a0ec92,,0,,15,6,7
82083e8ea8f48d5817bfb4e96dd522f0,,0,,1,1,1
826F2F43171F48689D3D26BC05B6AD95,,0,,1,1,1
82876a29fc6eba34abf3333ce6509821,,0,,103,5,5
8291fe0937df7e18a823ceb0b049e012,,0,,61,2,4
82995d56b804ff0a429009a2b4df09a6,,0,,423,11,4
82b5bcc407d53914f948cdeff57f81a3,,0,,505,21,5
82f023c2ebf4db3f097672a916890498,,0,,1,1,1
82fdfc858ed7ccd417ca173c34a6858f,,0,,3,,
832e112ee292d143351d0466d87f1d1b,,0,,2,1,4
835ebc885c23cf6fe2c5691d08c62c3a,,0,,173,15,2
837900f8ed8a166c18c549d7eab36771,,0,,1,,
838602ace42e8fc81260ba7c6412329e,,0,,1,,
838FF713F9AC4A48ACE843517355AD10,,0,,13,1,6
8390ddf2c47d03f1aca91980d45dfa1e,,0,,599,17,2
8396be13ad493bfb5fa84f18e9f108f8,,0,,9,2,6
83AE06EBBC0F417D9540828FD6581D79,,0,,299,9,7
840504c25e531650871010fdb60d8107,,0,,90,6,3
842EDFB2AA8F484DAF8D8C480B4950D2,,0,,29,2,8
84371d663e4a7a5e4b381ccb3915b63b,,0,,1,1,1
843edf7d58325599d5d08ea69e7c6b58,,0,,150,11,4
8443458654019ff7c4353904fac4da4f,,0,,74,5,3
84449BCA3EBC44EE9BDD8A39D1CF7259,,0,,67,6,2
8476b2cb258b3118e9ed74aadee64aa7,,0,,9,2,3
849d190cf14d9c5ffea09aaea1070808,,0,,212,9,6
84aa2700ce1a63fa969f93b723d792d3,,0,,15,10,5
84b39ea75f2720fdfe2132833723f655,,0,,1248,26,0
84df252419f8c65da1067a9e140588a5,,0,,1,,
8522d6c8d08c244d67499684bb8282f7,,0,,9,5,0
853c7319783427172a8f6e7c809a1062,,0,,91,7,0
855f728bdabf503a2f10ff74e15f870a,,0,,25,2,1
85876f84da15ce4822609d4316f74e57,,0,,201,6,3
8587d9f4adbbda18388891e839dead4c,,0,,2,1,2
85e479d2917e342587be3c6e9c8556c1,,0,,114,13,9
85ea08259bfe1558ff7fba6901d9b1a9,,0,,34,6,1
85f3313a27c50d8095d2bddc3e385b3e,,0,,1,,
8614a4183fd26bbc28bcf38b7c8e596a,,0,,10,2,0
8627a6025e277978823fce23c39ba6bc,,0,,19,2,3
862d358e49c502b97be5d5520e5e2296,,0,,1,1,1
865ec384e3d212422f6fb9f41146647b,,0,,154,7,6
86780979F20341B888112644342EE885,,0,,571,10,7
8693cb8af16bac8c62bdfcdce0a82c1d,,0,,1,,
86c38cd24d3b8e6dbb29389916ae2825,,0,,5,,
87155bafa91a2e43629cd597619a49ef,,0,,53,4,2
8717f96c4a921b6628b5d51a68043bbb,,0,,322,13,2
8737637f0195b0605d4a4fc902b6c090,,0,,93,7,8
87574b1e5ea0726c37926879760e163e,,0,,1,,
877acfdb495277c1229e4e6e3409a126,,0,,898,28,0
87B019BAEEB346B2A68ABC07B1A26359,,0,,1,1,4
87bdfe10f482eb85d5811e86570072ce,,0,,255,8,0
87c6fbfd901877eee1f4fcfe92a67102,,0,,25,2,4
87d1b03d2a41561530eefa2452a4aa50,,0,,1,,
881779049e2f23572fecfab26f386f37,,0,,627,11,8
881abd52e4e8d0b4888eda5946ba3b70,,0,,6,2,1
8874a275387c69082db226cb77f618c7,,0,,154,6,4
8884828d708b11324c602ebc554e820b,,0,,25,3,1
889f2ee7efc521407dee8703a911a9c3,,0,,1,,
892266b020eb3749089e823669dbc415,,0,,1169,20,5
89310cfebe804b00278102566a78651c,,0,,2,,
894f8ad39d1e69d5c9f7ca7fa3a66baf,,0,,5,1,5
89529407211cb9a3752ad00605f259a1,,0,,1,,
8A0AA1FD1BB24D3DA94FD95B2D7D5B65,,0,,7,1,5
8AAE799B557A4F298893583C91B63181,,0,,5,2,7
8AB10B8231FC4FEF82872077E3F75B4E,,0,,2,1,4
8ABE9481267C45AC8B74FEC2891B07D0,,0,,2,,
8F50DE68767E43C7AE4B3579A1CF12DA,,0,,29,2,2
8F710E05BDFF4136AD171C372E6E348E,,0,,442,9,1
8FDE2A4038684B5FA37112340F5BF03F,,0,,1,1,1
8a5fd7843384847bbc9d6755c12239e6,,0,,90,4,5
8a7a8ac6ca01407eda5d028609403f0e,,0,,1,,
8ac7d36bc0c4652970c2550f6c8fc956,,0,,1,1,1
8aedc7b95956bdf88c5cc71cecf3392d,,0,,1,,
8bcb1b98854e58498a44cfad6d4551d4,,0,,1824,30,2
8bf2ce4c64d179f28d8a3581b231ba4b,,0,,2,1,5
8c1d5b1998300eb42ddcd6e99fe6a7b6,,0,,11,1,9
8c65a45533725d5ec71263039630f4f7,,0,,85,4,3
8c7f9c0f000a14f8a210022c1b82c828,,0,,1,,
8c86048cecd96b9ee1f612f8134bce9c,,0,,2376,59,1
8cbd6fad092e461e71b13db2b9d816b5,,0,,1,,
8ccb06f8f9fb0b085033725435725e98,,0,,121,6,7
8d55ae51998680eaae6f864a6f4dafb8,,0,,6,1,8
8d731e390622036ed446aaca6ef7028e,,0,,376,7,6
8d8e9d8eb8c291562594f5be61ea86c4,,0,,24,2,7
8dc19251970a38eb1fd89aa707b5f2fc,,0,,140,8,3
8de647a43a4056b21551f94f54f8911c,,0,,1,,
8df6550fe3bf1ad1bdd6dd327c7a8d25,,0,,57,12,8
8e0659b7000519c3c7ed96a7873b3730,,0,,794,26,2
8e1ae7d72e8e90626f6f76aff2a60735,,0,,8,2,9
8e5e5328502d51f863ffc10eaba890d1,,0,,60,3,8
8efd699ce63b0d6e08b88a9cddd432b4,,0,,770,11,1
8f181d45b1292e6ba7bb44a0691dea10,,0,,1,,
8f3e5ecf63bf824a3944bd941b143179,,0,,729,27,9
8f5c671e8b189cd32787246a822d736b,,0,,163,8,1
8f6d37d5b8bfbc6c71be5a29c3297c50,,0,,35,3,1
8f8bc0c3e286e29e3adcc6f105ff5345,,0,,3,2,0
8fdc152f9055646413a19df13e74477a,,0,,201,9,7
8fe4e861b7b9765107a5831a78fcf925,,0,,18,2,3
9007493dd5fcf4c08c058f8cf51967b2,,0,,1,1,2
901af5e823011a1a800707fe5f9ff0cd,,0,,2,1,3
9051db672c95b5ffd67e4d9dbc2f5d00,,0,,1,,
90656db8139774fd29afd57277325ad3,,0,,1,,
907D920C140F41E8AF3156397F259335,,0,,114,16,0
9099fe318d228e25c31ec1ab51461a3e,,0,,375,8,4
90C0811CB3874AF387BA88028ADDF42E,,0,,10,2,1
90a12ba3af051c9df3529c29dd4fc23b,,0,,1,,
90d95c16725417bcc9c0ca4e2e1bfcf4,,0,,103,7,3
9121c07fac23d4ddd77afc763745df64,,0,,1,1,1
912de7e2b849c9e74eae5968c7e8e2d2,,0,,2381,24,7
9137b832755988df13746631444dba74,,0,,1,,
916c013389d5396638b3283696608792,,0,,1,,
919084ca9db678b8f86fefbb2a843d7e,,0,,1,1,1
91bf4f5a5ea2723e73cd22437a3adb62,,0,,1122,12,9
91d66fb55f43f37c87f4f358c487b2a3,,0,,205,7,3
920651582982fa170980e916ea43c26d,,0,,1,,
92386d4020fe1fa7c2d24f07a10bb8dc,,0,,1,1,1
9245a4ef907c9cad79a49be5d8ae6c9e,,0,,11,2,6
924b02b38c43d787b5bc0cb136f0d861,,0,,2,1,3
927cbfafe3fbaefacc461dddc05f88da,,0,,95,4,2
92EF550497C54235A56999798DF421CA,,0,,25,4,5
92a18e770cd92fb999cb8977b359319d,,0,,1346,22,1
92d99bbcdd7a974b064256103c6b99d0,,0,,1,,
92f41a8e4900e0cf0bbc003739c4dbf5,,0,,1,,
92fdb5ab83bb8f25179327fe410a8f64,,0,,123,11,6
9334bde39e21e1d668d0a081de6900cb,,0,,103,4,8
934673da6b129710f5fabb60406a03ec,,0,,138,18,5
93690e03251a6b447615bd1424b4e691,,0,,22,2,4
93acf4036d751ba03856c57e4c6e9c0a,,0,,1,,
9472C9E9BCF142739476D747D0F965F1,,0,,13,2,5
9498d1a9f528686f3e57c4714b069618,,0,,117,7,4
94d6b9866b188281f88b935316e94284,,0,,1,,
9501dd1a2d8eee5cf07fd6c631b41e8f,,0,,72,8,2
95145a9afd2f9ab1113f8d9668ed9312,,0,,1,,
955119b0f6907bff832c506aa96bf59f,,0,,417,9,6
9568B53C405C47FA80E86CF94B717C82,,0,,4,1,5
95817C365F3C48299A7D077400E67E88,,0,,620,17,4
9582aa598848501b1b3695a99fba90df,,0,,2,,
95a3d7b06d00144c9f096313fbae2262,,0,,223,6,0
95b33d8841c57b56e38389f177b3e29f,,0,,3,2,0
95c7fbcf3328d1cffb617b6732af0370,,0,,1,,
963329445b083bf4cabbf74af63f359e,,0,,4,1,8
9637b725c0213cf8f2bcde7642ced7b7,,0,,40,12,4
964f29945b0e2c745d7a1f2a8c34751e,,0,,1,1,1
96d9401c1fca07e008d5f763a3a7e1b8,,0,,1,1,5
96eb355c5a54da43d4d57d1e9715eca7,,0,,1,,
97057e52ae477121013d78715b81a7d6,,0,,1,1,2
974dadcb9fc5cf9f0ab4238642dfdc33,,0,,1,1,1
97600e7dd4baca110fc51a06d5681af6,,0,,1376,23,8
976744e07e2f708ce1161ec6c0a16cd8,,0,,239,8,9
97a3ffe049fcdfb6aed6b84fe45dbe7e,,0,,1,,
97a992dc33042959425711d655e5fbc6,,0,,30,2,8
97be8e95fa3ff472a4e7a7d7f3d105e4,,0,,3,2,5
97c772e301cd6e347e3f91ce545b4652,,0,,85,6,1
97cb9f25e713c5eb518df7a19d64761e,,0,,7,1,7
982181de5927bb928eab43e731f4c23e,,0,,874,24,9
9836eb08dce6ed4e01c9516b8ad90230,,0,,1,1,1
983a093256aba79d1bfd722808006fc5,,0,,321,16,4
9841ac8d14e52b4a31b487927d5b7bb1,,0,,1,1,1
984e8d2799e114205c83e57029f331ed,,0,,100,6,3
98ab3d85cb062f64c36e6d7660837449,,0,,100,8,1
98bf5db15414de7da7333e30cc4deac8,,0,,1,,
98c70fbbc1ceb5289e087feab74ddb2b,,0,,1,,
99361d0f9cc4fb9390bf802252431e7a,,0,,1,,
99456cfb6833fdae61645607f2cf1836,,0,,108,7,0
994740f38328377f62b8d7a01da32918,,0,,22,4,0
9956372a11b0e256080754a53a9f4c68,,0,,40,5,0
9964417f2134b37a5afc5006980a400b,,0,,61,5,9
998E8C0E43894AF8B3CB858B4B04E53D,,0,,16,2,7
9991CF9A9C2B43708CE3EF91656A02C1,,0,,7,2,2
999517e941f3b188ad53cc66ee35f502,,0,,18,2,1
99985aec275f25e70a144dd916f51c30,,0,,1,,
9A3DD1534F404C51AB5F9DA4C8B85F2A,,0,,213,9,7
9AE21D9DD5A6432DB3F5E03019CF07D5,,0,,1,,
9C91683086584B05A511B9A5243293BC,,0,,456,21,4
9D152EABA2E94D3BA9616CE1EF86B78E,,0,,5,2,0
9F6CCB6D706849D6B33EDCB9A7BC9737,,0,,174,8,8
9FE028B8D8344660B1161B49DEAACA07,,0,,1,1,2
9a829054fd7d58f87190d05dedbdf5ea,,0,,376,9,0
9aa09819ffa67e908951e8f2946e6230,,0,,1,1,1
9afd37040b1ceab6aca84c844084697d,,0,,79,5,8
9b2489237810210001a3f8c0486d83b6,,0,,349,7,8
9b26c3e680437983579b5470f3637697,,0,,154,3,8
9b34ba08ef3c670dd77195b49bb66b76,,0,,1,,
9b3b54e8fb8fb64b8cfa92594e78d7e0,,0,,24,5,9
9b441aac0086596a867f8ed5e48bd59c,,0,,1,,
9b6c38fed9e04430c6f5e7be46ed7d8c,,0,,527,16,1
9b800fa37c9297934b68b9c518ccda02,,0,,1,1,5
9b91821957d162dec2abbe1152c28b5c,,0,,9,1,6
9bc71a20a4d2e308013e760d593fe851,,0,,1,,
9c35eb3bc5dde1e9ff2ed6f8b0d9802f,,0,,8,1,7
9c48fbf79cc6e769e97d0bcd75ff66be,,0,,2,,
9c62bfbab32395cfeac9db1d58d7182d,,0,,1,,
9c7a9a776e9da508fab4a83cd5b94d1d,,0,,5,2,6
9c9ea37456d87f472e8de75c1841ce01,,0,,14,2,0
9cc324b75035f3df039b91dc2418c1af,,0,,29,2,3
9d7fa2ac461324d650f1fde0afe3ab85,,0,,145,7,1
9df9ab0ba0c08bd17a0dc04ab72016db,,0,,40,2,5
9e258dfff0aa242fffac68bc4ef1242e,,0,,188,11,4
9e377e7e055cedfa75b2ad2e0e5eb574,,0,,6,1,9
9e4e044d04f924a67496b31abcc66033,,0,,532,12,2
9e5483aab98549bd3ccf99ee9d7bc1eb,,0,,1,1,1
9e5c16ba70e50c244350184cdd4c70c4,,0,,1,,
9e72e17b41e703d8acfb92311795f9e2,,0,,2,1,9
9e7863c02569abb197f3d9a4416995a2,,0,,82,4,3
9e8fc02f1425a7acbb3657a685ebb461,,0,,99,4,9
9eac7e0405613c77236302453026d3ac,,0,,1,1,2
9f26542a6d0ce23df736ec474a853db7,,0,,66,8,7
9f5dea74066e50182a267b11b705159c,,0,,1,,
9f9456279872e3b2b99f238854f2e379,,0,,124,9,5
9fc5dfd7645ba03249ef868e7ee1ed07,,0,,550,23,7
9fccf336e744dd4ee7e082d4bb1bafdd,,0,,25,3,1
A0DB00572EFB4900981EEA761ED250D0,,0,,2,1,1
A1DC2FA69ED6495A96D7BCFD86A40008,,0,,2,,
A2B15DE9C6BF4267BAD0B254331599B1,,0,,1,,
A33EFDFF609C411D87B53031748E562B,,0,,19,2,7
A4A28C0A79174097866B8E6327DA7C4E,,0,,1,,
A65ECB51790E4D58BEBAAE4D570A41A6,,0,,289,16,5
A8F16413BEA6463F9279BBB4001B044C,,0,,5,1,9
AA46657B20224ABEAF4FD5180E6CC603,,0,,1,1,1
AB6D53498801441DB0761B72DBAC2D72,,0,,189,6,1
AB76F58AA19D49418C9D0B800DAB489D,,0,,105,6,2
AF4CEAD12ED84AA3888A34A825B1AD9F,,0,,26,3,8
AFBEA88ED8A24D829C35279614150E22,,0,,2,1,8
B0B7A29F7E824537AC7A56D6C26DA12A,,0,,1,,
B14E11BF3A0C446680977CAF465E0958,,0,,380,13,6
B2751941B7EA4DC69FC4660026BD5FBF,,0,,6,2,0
B2C31A327AA64E5BBFF273D3B8FA04EA,,0,,7,1,9
B2E0379BFB32499AA1B63D7D992DF888,,0,,72,2,1
B3704EFF570B439E9B30B5336A0F260A,,0,,1,,
B49F4E1140BC4769A7EC7B5E0B5ECC68,,0,,8,2,0
B5DC24A5391C4FC5972315DB7539381E,,0,,1,,
B708E58718F748F4B743AAA9EC80E851,,0,,1081,24,2
B7359814E3E0470A9B836191F49DF49A,,0,,284,8,4
B8D1C34864F840F78E74BCA8C40674F1,,0,,82,12,8
BB345B007B354D6AAC69FAB3BA98C0D2,,0,,150,2,4
BD1234F0880F45AA9E30D2DF28133673,,0,,94,3,7
BDC97D5C70B74B49839A611A9734546D,,0,,132,6,8
BF90E94593E54CA8A6D52F24E2E68E8B,,0,,1,,
C01B29BD33DB46F68862DDCABF85F8D7,,0,,1,3,8
C06F4E9858874952B93C9E7D07E7F647,,0,,97,6,4
C07183A2650249C6BA3D571297341504,,0,,360,12,2
C0E861A3205E48F3AFFEC8367AAD79E9,,0,,1,1,1
C1FEFD5F26BD4F398B4CDE9430EAD0C6,,0,,53,2,7
C2209F47291D4A5595FE56A0DCFB46DF,,0,,1,1,1
C2DB974350284E9A90F19DEE96DC0290,,0,,86,4,5
C2E821C32FCA4F67AF36D11779E9E1B9,,0,,134,14,3
C33B8D1B7D82418B8D3B178249831642,,0,,142,4,9
C444FB43F90E4C159A1531B3A4FF6570,,0,,195,6,2
C578BB6892254A81AE29B3DE4067070D,,0,,1,,
C5FE58EE44BA4863899A52A1BECBAEFA,,0,,2,1,2
C763F5A936D04B589EE25252A4855767,,0,,1,,
C9518EC2927144CF8070641831E6CBD1,,0,,1,1,1
CB1C275531AC420DA0508BB4B5ACF0C4,,0,,1,1,1
CF5ADC9E13B74841ABF6EB8B44BA0F5A,,0,,821,38,9
D00B052AFB754D9798CE8B288C065D37,,0,,2,1,3
D08279BA8BEA46A59B500D9CCF52FB7F,,0,,226,6,5
D2D1AE04BB274FFCA8D0A05B071D8A98,,0,,102,4,7
D3F61544971B44B88B922EC4661F759D,,0,,1,,
D49868E55A3F4F509FEF2F564456E12A,,0,,1,,
D65FF58EFCB5412BADC8863CD657182E,,0,,38,24,6
D7F245E41074456184E4123354766018,,0,,32,6,5
D99667D9F0364349B75A23D3B93D4A94,,0,,1,1,1
DA2924E921064DEA8E65F3B332446184,,0,,60,6,1
DA84D433DCC94D37A8E07B6B4F3E5844,,0,,1,1,1
DBA43C8B34624E62BD66F3AC60A4D668,,0,,1,1,4
DE813D92139F4C27A07F1CE2D148BA12,,0,,161,7,0
DF4E0EAE198842D6AC1BB9ECF5677A2B,,0,,312,13,6
E28F332AD69848588B73F083D1433CE8,,0,,14,2,9
E2DEF07466034808B1602367603555FF,,0,,15,2,9
E5FD7518C76E464DA61532EBE16E0584,,0,,509,8,5
E6F93D9DEE3B43F383239642764DD382,,0,,1,,
E71AADA3A81846B3B46F9BF222153BFC,,0,,122,4,8
E74F54D5BDB9418D86CC15C771E0EEC9,,0,,15,2,9
E8EC9743F0304A00A4E430CAECF7785E,,0,,202,8,3
EB41970697B6446693A4F3AC76FEF23C,,0,,1,1,1
EB6E97DDF61E4006B58049C1D6748F26,,0,,4,1,3
ECC3F0B81B334153ABB95F29B8DC5D8C,,0,,18,2,0
EE55291C87B84353AB063A75665E15A9,,0,,268,10,1
EEDBA18134944078B74AFA42B00BEC71,,0,,185,7,1
F051523C3FFF46DEA5A28707F42B818F,,0,,20,3,1
F0F632D9A3D04BC886B502CB3C7C1402,,0,,1,1,1
F3C5A3C5C6D542E1878C8C772AE3416B,,0,,1,1,1
F51107AAE8C5458B8DE8403B1A0FCA0A,,0,,1,1,1
F6D40594233D4D9AA06B6036F55177A9,,0,,1,,
F78A1F202A614DF8B79E1D5DD7B518B2,,0,,1,1,2
F7F1B0495F884BF2BEEEEA82C37CDFDF,,0,,1,,
F851C77B60464826B7A61C5846E0B4C8,,0,,455,4,5
F9933C09053E44B48B84E4010B6D3719,,0,,62,4,4
F9973D8A8B1C4C7487C048249B1B89BA,,0,,14,2,1
F9A1C0DCE32C40C9982B0EADD65F4422,,0,,1,,
F9F52C785FD14ACDB29A4F6FC5095883,,0,,202,5,7
FB78D3603624430697B70D7341472B74,,0,,339,7,6
FBA1FDD1BDA84591A4677EA3F11DAC09,,0,,1,,
FCC75966D3944FB481001B14D64DC9AC,,0,,1,,
FE4B761B624C47A7A4E2D07406A5631D,,0,,463,8,7
a0194b8d1a06ac031bd623915bd73873,,0,,129,7,4
a020795927cad60f9476efcfcf10255b,,0,,286,7,8
a03df26b1c1cf6ba00fdaedbb886d67c,,0,,56,4,2
a042cee3fc87f38bf4e4c71ca7fa20e8,,0,,1,1,3
a06c31ee7a46df99cf721284983b2713,,0,,241,11,0
a0e3982b7817dc07d85de43e3afb2f25,,0,,452,13,5
a0f21e83c8f8c72ee6c821c4dc7e5f7b,,0,,1,1,1
a0f6f77dded4e12d00cad21e6f04a177,,0,,138,8,3
a12b6b37d206f360a7a6f7fee63a3a37,,0,,1,,
a14c5291c4f610ae3d554bc2fd0fa55f,,0,,2,,
a16a94a2137bed7197060d9346141ee3,,0,,3,1,6
a1975671ddd939c0007bfb302a30698b,,0,,7,2,1
a1b9735bf8cbed6369154fb3e431ff5d,,0,,376,10,3
a230c745cd6faf6274102df5f9e72728,,0,,502,16,6
a239fb3dc005ca9ab89023779fd1ae96,,0,,21,2,8
a2475685596cc2dd2d346047f525871b,,0,,231,9,7
a2743b5e5a2499cdd3d19f9c88b22126,,0,,265,14,9
a28a9f4a699df8a075f12f5e146bf16e,,0,,106,8,1
a29367e56c5442d5ba07384ad5517cd0,,0,,1,1,1
a2a0b3e9a93ca79bf95d20bd565a543c,,0,,6,2,0
a2d9d069ab2e258243d0e5f0f8699c64,,0,,287,4,7
a2f93068adb23fe92007c45cd5d1865a,,0,,1,,
a32bc4d97543ef25ff38a6a3b96da2d3,,0,,167,10,4
a35145f568fdedb8980c85015667d8e1,,0,,29,3,2
a3715f36b6f428c8157ccf29a9c80d53,,0,,376,25,8
a38e26c6f69adfab11f4ad52fdafd5cf,,0,,289,13,6
a3e29cd0a57288a3b385e83a068216d9,,0,,1,1,1
a3ebacd8585db7515b96f6c8f1c81ef8,,0,,17,6,1
a41380190396558ee81e20091c4a991a,,0,,1,,
a43a5570f2ba266205ff11470ea8af39,,0,,1,1,1
a46184b5a598d3c4a7cba93a600bb4c6,,0,,176,6,3
a49970ed563e9056c28e12e06c1b2598,,0,,1,1,3
a4a75a5b512e4bedb8d811a96e164af1,,0,,1,,
a4b1e0e69c8aa23cc3d7aa80062dae63,,0,,602,10,6
a4c38d5753da1b7879ae048f832e7746,,0,,1465,17,3
a52964eb5a1d1765ac1542b2e054014a,,0,,5,2,3
a531101552012701b0f57fc76d66f6d9,,0,,1,,
a552d4b0a6f26ecd014a38773eb4fa72,,0,,169,6,0
a560a6403c7206a237b6626f7443d4a8,,0,,1,,
a56377e74b228dd9d97e1de9feb87439,,0,,2,1,2
a5f4fcc98557f0f5e023f1ea0b33081b,,0,,148,9,3
a5fd5edc641caf1858815c4f0037979a,,0,,152,5,2
a631a440130efa546cd044f85f8ffafe,,0,,5,2,3
a632c63b3a7d72aeaf229fb0187a6d2a,,0,,1,1,1
a65c845ef61b68923a6b81defb868886,,0,,71,5,4
a691c9648713b882cd0ebcc0e835857f,,0,,1,1,1
a6bfd1f024087809ec0900261eeabb2b,,0,,475,28,3
a6eb1d7f2c7cc798132f0662905c581b,,0,,1,1,1
a7054dc81f737322bcf8f69fd5a0da34,,0,,104,3,8
a722c3839214bb16e0d5b4d684f78eb3,,0,,34,3,1
a723adf43d6c6bd1085fa9567ac1160e,,0,,2,,
a75250e547c9c68c729339e04df5f9c5,,0,,221,21,3
a75da77c4aae37a4602e3b41d6fc4b2d,,0,,2,2,0
a78c5df11274bea43ec52b707afefa88,,0,,1,,
a7902cab04083a0cfbce081fcca23ad7,,0,,224,14,5
a7a29451054359fcae113340fd27d391,,0,,84,6,2
a7b7df038e93285843fa6f18f7271d14,,0,,1,1,1
a7ef4824fcf7b7714053361fc14812da,,0,,1,,
a7fcfa60ded5f917db6ad2910419ba20,,0,,1,,
a7fda80f14b2208130bdbd005fed8eaa,,0,,1,,
a80e37b0e9426c2b127205656b2ab3cd,,0,,1,1,3
a849e549bc27a131be7251441f148a93,,0,,44,3,2
a84a0ae58786c69f2e5daa44a1df8644,,0,,177,14,4
a8b443cc580b8ca4c280c2bc5f99e41f,,0,,727,18,2
a8bb7fd0b27234a700d7c0348215604d,,0,,9,2,0
a8bf11efbe9e3103246ddd8752367638,,0,,1,,
a8d445c0a6835716bd6e0b46b7aee553,,0,,1,2,0
a9453b86db718b1afdd16ba6b4d65e1a,,0,,481,5,2
a95308d07baa34629d3637d6d9247476,,0,,2,1,6
a9994e1d5a164d867e6eef33236be584,,0,,170,6,5
a9a501a4da926ba8007517feca799126,,0,,373,9,0
a9ad7cf21c4a9db0bfab51eaa67944b6,,0,,1,1,2
a9ba45c68e1dba30a0b7ad94bb3d72e5,,0,,140,6,1
a9bbe533416a0a82af837ee1f4543312,,0,,9,2,1
a9c91cb1fcb10f6c06520bff6b468e25,,0,,224,6,9
aa155fdbf8c7db1ed504b2ace5a10a95,,0,,70,3,3
aa31365f3f14f45310f1d73eacacc56e,,0,,1418,17,1
aa48d2fa604d52696d7ae74b509e0e19,,0,,950,23,4
aa97dafcf8cc06c9bf8ab283c971ae68,,0,,1,1,1
aaa173eb31274ebe53013282ee3b6c90,,0,,34,3,3
aac05acea1a1895bf74be47b58202c60,,0,,88,4,1
ab003c6908b15960453fc510906ee88f,,0,,296,17,3
ab0815f877a6a49384a75db2afecf360,,0,,111,7,9
ab26a9540fa715dc60270ff786f2bd9e,,0,,2,1,1
ab4c1631f1697b400dcfa01e3797b992,,0,,1,1,7
ac10c1dfc4b116a984fde2727e38876d,,0,,2,,
ac452e37060ceabccf49c713d00e1266,,0,,150,5,1
ac52668c5e636ed7173b356480f8466e,,0,,600,33,3
ac96c3e86d1d5d947710f2160bd8a633,,0,,1,,
acabc6b3ec597a21e00aeb2d61ffaee3,,0,,4,2,0
acb0496fae8e267b42890c625775d92c,,0,,1,,
ace2a64f8924e844def8fbf3fe7a45a6,,0,,1,,
ad1081f5e3b0d398d88a8da77169018f,,0,,59,13,6
ad133ffa10eb6226e3f61cbd5a08f21a,,0,,7,1,6
ad19a1a6da58575894e8f845b61c627b,,0,,1,,
ad22a72fffb922ab9aeaa23849384aad,,0,,548,5,4
ad26dca8180f842e9b8a3e9d5654892f,,0,,131,17,7
ad3bd46744c63dc8b5a4f176d910b05a,,0,,1,,
ad6163de8a0ac94e96aa101ed80ca410,,0,,455,46,4
ad89c5d9010f6fb4d3c372cacde4c33b,,0,,7,7,6
ad98c968d46908f84f908d21a198300b,,0,,45,2,9
ade1717c3c8be72450185abf450ac7e8,,0,,1,,
ade58bd1972a83db8c6431abc08b03ce,,0,,73,4,1
ae04a6d02d73dbd8d4efd2752c0e096e,,0,,8,1,4
aead3992d858037c0441759003870c42,,0,,534,16,8
aeb79cd6534075dbfe732dfbe5910c1f,,0,,1,1,2
aee2d53b9c1393f190c89b0fb41c548b,,0,,27,2,9
af1e37c95cc922528d297bb143464eaa,,0,,4,1,7
af3b63ed3264426fe47995bdf54c2f13,,0,,260,13,9
af8b8bec12528159cc58a69301a6aff2,,0,,340,3,9
af94a48baa4160fc68a1c60cb6ad58ab,,0,,416,9,1
afb97ead3ddd43ba651c8a1b094d02d1,,0,,257,10,0
b01ebd2681a204a98cac48a21c681ba8,,0,,62,5,0
b04654c755fd5831464a9a071d72633b,,0,,34,3,5
b069d663c516f2aa9fd2de8e51f5df03,,0,,88,4,9
b06df84cc783c44d358ce534174cdf7f,,0,,17,2,0
b0762f29f3fa9afc863d41aab9378983,,0,,1,,
b0ac6bbc21df28c0299716b342d356c8,,0,,12,2,0
b0e701ff790a8d75068b6a4f4531e8da,,0,,1,1,1
b0f8d4e4313f56cd7058e7deac76a0b6,,0,,550,9,0
b11842a29dd8131ec5ccde1ab37bfdb8,,0,,4,2,0
b11e2b2ebef4abc42d5314bb84e41681,,0,,1,,
b14ed60d7e46dc62f1fd7a8a48a35eaa,,0,,1,,
b16f721a6cb9355836594c8d2a0102f5,,0,,1,,
b1a4f37ce38d52333f91daa296535d14,,0,,1,,
b211304b30ab57fd2fa26cf5012787ee,,0,,1,,
b24e2d84577399a827722fec66241769,,0,,4,1,3
b265cc1024a030a641c90dbaa88acecf,,0,,1,,
b26766fdf275e20f40ec00e39fc35707,,0,,1,,
b29bc56a34d0f322bfa2cf1d7a448dd1,,0,,1,,
b2bbea9b31d2c7fce144e8f26c126b77,,0,,2,1,2
b2ea8dfada551c37ea3b236f65946532,,0,,1,1,1
b2f70b1878dc1989b9f747d8fbeebce7,,0,,1184,26,2
b335236e322cb0169f9d1b742180443d,,0,,8,2,4
b3374d5c5ac4c82c17d18c293abef274,,0,,18,3,3
b358ca7c4e6fb136639a78be715256b0,,0,,584,5,0
b36e27df772441e0cb4fbdcbbb9cf212,,0,,7,2,1
b3cbd58ef9537d04f57ada169cc651f6,,0,,1149,13,3
b3e45d79045e38890092823aa8baa9d4,,0,,1,1,1
b4613e1e444bd52d8e7d7bf1751d213c,,0,,1,1,2
b485505aaab4a7c05d807ec6feeea20b,,0,,668,30,8
b4fa798de7ecffaa747123695ffbbc15,,0,,637,24,2
b4fc95f1dd8a2ac24cbd20d4482f35aa,,0,,1,,
b508783c7c905fd5e16d31c9b9ddc4c3,,0,,280,6,1
b50be086c051e1da28acbc5929b18f80,,0,,1,,
b512ca03cabf1a050ed5be3fa5b087a3,,0,,28,4,0
b5177502befe13a0330fed3a0747df34,,0,,1,1,1
b57bd1e9ebee6eb3fc1ee4f273e1b231,,0,,11,2,2
b59676d84e0228dba91693ed430bb56e,,0,,376,7,8
b59d29fb2e22e69742241a1fd1562885,,0,,11,2,5
b5bab8e16628bdfaedf8fe26a6ecad10,,0,,1,,
b5bc62e01479cac491818666c69991ee,,0,,1,1,1
b5cce5e95f0f21d4fd2d5b17df4ca877,,0,,38,4,2
b5f203e00379abdb8d48ff6aee513358,,0,,1,,
b5f2e9cdfd2f1e5db6546d6b958af6c2,,0,,8,2,1
b6e1ce58a1ac3a01b6db31dcc9791b5e,,0,,145,6,5
b7389641c293ad0dbc2031a78d184933,,0,,11,2,5
b74fa478546fc575cdaff359178e1d30,,0,,257,7,2
b77bc00c3fa0ce25590d5f4f305c2ce0,,0,,1,1,3
b7a6998347554e411fc9d98fb34da2c6,,0,,1,1,2
b7cdfb70c0f96e93bca3a79b7cd27843,,0,,686,18,6
b7d5f3f154cf37340c267e1f26ba8bde,,0,,60,3,0
b814fa7f60343a8ad8f2749500fc26ae,,0,,702,11,0
b820ac9bde305c46c6df50b11583f1c8,,0,,195,7,2
b8387242e6d3c1bf18aa5183057045f1,,0,,2,1,2
b853b0f1f16eb775e6c6fcd18935758b,,0,,2,1,2
b85f73452f2719b8d144b9f72e33ee0e,,0,,12,2,8
b8628d5e641eb4531dec92f7cf165e17,,0,,85,3,9
b879b79e1477780cc1eb4d2b83f432da,,0,,752,,
b87fcdd3dd3ac8b1ad8c7af35d1b7857,,0,,2,1,4
b8c37b7facdf998bf02f9065f42735e7,,0,,90,4,6
b8fa69201c41f4386195b348977048f6,,0,,284,6,5
b90ff27bbf81a2874dc272fe1c9a32ef,,0,,178,12,1
b946df8f342e4f2e0c01ca651d84cb3d,,0,,258,8,4
b94e0b92dc3be5ead412b39d3e490d91,,0,,782,22,1
b97df3e021d5f9af81e1bd2c723dedb6,,0,,108,4,9
b97fda747e32e937c28d8b3163e6e78d,,0,,270,19,6
b9b308a9a8d6abc735625a53115b95f5,,0,,2,,
b9dd0a0c85ef3d502d8421c93f7ec9d2,,0,,26,3,7
b9fa4fad67f9f99daea6c8541fa42af7,,0,,7,1,1
ba0a9cdf20d9a3682e168f8c866edb81,,0,,2,1,1
ba2801433891bc0f8981d62ecddd8f9c,,0,,1,,
ba300dbaddbf0e5caecba626058ebbf4,,0,,171,4,4
ba418523e033615df0f4ce0e3c80980b,,0,,120,6,7
ba8e8ed64ed80d8f6d0036845a9cd84b,,0,,379,6,2
bac4e22745e753d8610ba80c5028a224,,0,,1,1,1
bacb51b9032bedaae2665e23ed2112b6,,0,,1,17,4
bad234e8fd724c130c8dcad7dc80cab0,,0,,14,2,8
bae9478aa9b04015f34a984f2e071373,,0,,5,2,3
bb0b5004d3280f8263e892984cf5d23d,,0,,17,3,0
bb2b1425f5f9d5803219f34752c35b56,,0,,671,8,2
bb35a66e04c031824028b0e9cc74b90b,,0,,2,1,4
bb4396173b36b05226b961fc8910c4ae,,0,,6,2,0
bb56251b5091f323d183d528852ac196,,0,,153,8,0
bba04280f16229a96549133c6d4dbc79,,0,,99,4,9
bbee46927870695174a75c68344183d7,,0,,116,17,0
bc499aa7afa60658faa5acadb37d0a7a,,0,,74,5,8
bc5a496129409cc30e1636d558d61345,,0,,1,,
bc8ef5992a0e229ec141bf816df6904d,,0,,1,,
bcad2e0e28be871c850c29d8cd5d69c8,,0,,120,7,3
bcb8683d721960eb85decd0570adc7f2,,0,,2,2,4
bd210b62ae2b36ba8f9ade05df89f27e,,0,,1,,
bd3d4debb911e49b9047d5be6f9f4d76,,0,,255,7,8
bd4c37be3a858c5d5ed84027951979f6,,0,,1,,
bdc7fbff6df3c15595329a913d536566,,0,,532,20,8
bdfe39270e184a7d3293a52acc17b01b,,0,,1,,
be46f606f454d23f734c38dc3c08bd0e,,0,,1,,
be96f9b2d6f8e4dee87eb2830a2cf3d0,,0,,223,7,4
beb859042ebd97564b26ea482b543006,,0,,1,1,1
bef50f28a0484993f61d5fd5292f96d1,,0,,28,3,7
bf1750b0b8fcd8152e17bf4cdbde67e7,,0,,2,17,4
bf7db7b82a4dae7c718604da0f37b167,,0,,1,,
c01d6a323130d5ba08453738b4c5a0c8,,0,,1,,
c02b1d596a0838f8699f8ab46dd0a1d0,,0,,49,5,0
c02e939a60cf4c91e014316a5fba59b8,,0,,2,1,1
c03f8800a220e1f4e3732b04cd532515,,0,,1,1,1
c0634243fc63e098bd43b6e1a4341aa9,,0,,116,6,9
c079c585373ec4dfdf524abed18e4eb0,,0,,1,,
c0a8012ec348df8095b6a28c9685adb0,,0,,1,1,4
c0e4772201a76236417bc802f02faa80,,0,,127,5,3
c0fc355a2fc5475f167eadc7ec7391d7,,0,,75,5,1
c109120a8acaa72bfc0fa81d3ba2152c,,0,,4,1,1
c129b0411fe9b5c3875b36caecd2f868,,0,,558,24,9
c1329f05f4e308af023849acb8751436,,0,,26,4,3
c1443d79e2e8be26db07c2f8b6698e0a,,0,,17,4,6
c145b376cf88321b7f85181b315b6758,,0,,2,1,2
c15a9471dc352827cb579d7f9ea46ac1,,0,,1,,
c1739c663bf0a7ec474b3f55cb3b11fe,,0,,179,21,2
c179973e9c090983079325f261ae259e,,0,,240,6,2
c1ceabe417ccf2030bbfd060a7a31411,,0,,1,,
c1f1178b5b6a5a46ede0b647977eb881,,0,,1,,
c2129edac3e1c8ef0a9ad7dcd69534e1,,0,,252,9,7
c215f3048dbca4c8a64d6e765294f260,,0,,4,1,7
c22eac507324a537f40bcd100acfa159,,0,,9,2,9
c2570fd97ac6c7a36bb4de1b5f00dacf,,0,,1,1,1
c264d6185cf4aca566c63056f8bf9c57,,0,,131,6,6
c267b90862c8d35482cc1cd9e70a07fb,,0,,1,1,1
c269a2d40685fd24515995eef69d4737,,0,,147,4,1
c26cd2146aa7a5b8e705a338fa59c9c4,,0,,5,2,2
c28050153e3bfa25160fddac63acde5b,,0,,1,,
c292f7a126407cb0d1ceeb8b292ff899,,0,,40,30,0
c29fa6c052060121ccfab0990abfaa3d,,0,,426,10,2
c2a00ae1468d01b723d68ccf50135b85,,0,,1121,15,7
c2a3f244260735c7504d4581bed06cfa,,0,,1,,
c2faa9670cd6a91a21666f4cf2ba8ae8,,0,,69,4,8
c2fe7a0a1779530d6e7e2ca81f127f37,,0,,7,1,7
c35d7868dac5086f248aa2cba60fc292,,0,,17,1,8
c3dad4c2115de2386a8d42c60dfca300,,0,,4,2,2
c41cbc369fa69e1d791922b65f475ab9,,0,,33,21,4
c43375902f29745337dc4c699192acdc,,0,,2,1,4
c47459721ddc235e070382b2fd29a692,,0,,1,1,1
c49ef5993101a37ae2d59de66a77153d,,0,,23,13,2
c4c53421572a8783e2bf7019ec3fb23e,,0,,1,1,3
c4c6db5500310d15622d63697ae2188d,,0,,1,,
c4c72709bdb83a3c1855b24fcc3edfca,,0,,28,4,5
c53c8860fd9b04b61a7d21714edd5a03,,0,,2,,
c5a629b99dd0821ee8995decc435c958,,0,,1,,
c621b55bd0013fdc4c29ca1f82c9fc97,,0,,1,,
c62aff0684b4adb0defc2ea8f4286f7b,,0,,541,10,3
c62dd47a5e6ee558ca4473fc0ae6e9c8,,0,,1,,
c630bcae4894bf559083b5b24575650f,,0,,2,1,5
c66dd1827dffed21758920a7bc323072,,0,,1,,
c681852b35f6aa8f19e812de9d29093f,,0,,10,2,4
c6b49ba0e3fcfa29a80df9e21e4e3dea,,0,,22,4,7
c6da51207473e3be723642b6826c9562,,0,,60,6,2
c6f6658d084a086bea0bd33235ffd465,,0,,226,5,0
c73c03ae7b3553cbca09ab93a0e93c34,,0,,12,2,5
c76740412d0a7f3014731e7a6b231734,,0,,1446,29,3
c7880f6d17860b5f1c3a4d8176400b07,,0,,322,16,9
c7944ca4c3b1e0cbc6ece5c7288a2f87,,0,,609,39,1
c7b5e065a074fc4b24e2f88aa0381469,,0,,784,13,2
c8323d82a8d7048289efa6f4e0b917f2,,0,,1,,
c8642b5e26562e930c3a56af7816b71c,,0,,131,11,0
c8ac5e4ec670108523ea7512073ba66f,,0,,244,24,4
c8b417a6f7db1132392d36b36af86d86,,0,,24,3,0
c8bc5f0d204a731754fcf57ed4c95fb2,,0,,1,,
c8cfc78c0c4cf05dc71118ca621e7bab,,0,,386,19,3
c8edc2659fff4ffd13ac8b7aac1fd255,,0,,109,6,5
c905e64d6a0a0ff19e89e0e82d0afe76,,0,,1,,
c91b852876b313629f7113058e22d268,,0,,208,10,5
c95fb21a0468933c313e0dbebe0c5075,,0,,1,1,1
c9b1163b2dbd964d1ec7c2e2123f3dc5,,0,,7,2,1
c9c90393abbb4095d9b285d51a5c3d29,,0,,1,,
c9cd14bad1ec0fbf6e28ce13f1b5c527,,0,,23,7,2
c9e02b942acf4de59e832558166017f9,,0,,1,1,1
c9f63179bccfcc4a5b73b465282c20a4,,0,,413,13,7
ca16340f80ec4d823d7bda8f2b7406b9,,0,,2,1,1
ca165ea69483e68fe4121d23d0e83b78,,0,,1,,
ca292ffd4dc87240cc3740a31f2451ab,,0,,1,1,1
ca63563f5f9fc9c0c3cd87f282de4d4e,,0,,963,28,9
cadf0e04fffc2183fc567e76678d39d1,,0,,986,30,6
caf68a8748e6e104930b5647a5fc254f,,0,,566,15,6
cb071a5be2a43a76fb6879286edc18cc,,0,,3,1,3
cb1379e9a515d2ab34cbb2f7217fe73e,,0,,4,1,4
cb2b3d19d557606daff674a7ddb0a466,,0,,1,1,1
cb49407e6e50709425b19a75d6d055bb,,0,,2,1,4
cb6ceaa7297f6c9f86518832db2efe2a,,0,,1,1,4
cb8c00ccbc36e90edc1686cac02e8265,,0,,2,,
cba5e203239fdc6fa093b581bab9b0a7,,0,,1,1,3
cbeeb2b21ea7d4d93db7c138cbb7afc9,,0,,1,,
cc203cfe2e1daab3e547e912a4b2ffb6,,0,,203,3,0
cc8002a232c99ce4a1b6fb79bdaa8eca,,0,,1,,
ccbcd4a3c9aaf77310142f06cb6047e8,,0,,139,29,4
ccf71e1984a1c9ebb40006a0d720d04a,,0,,3,1,4
cd04b0e01cb7e7770775e03a738ce00d,,0,,1,1,1
cd1495956769d2a2ba517935494a6540,,0,,290,12,5
cd1aa694ab64f7988066c530d2d72926,,0,,1,,
cd1cde3e3578372efc2f09bc4856722f,,0,,47,3,7
cd281dada456811cb06ccb67c046effc,,0,,5,2,0
cd66a497ad7ce20746b28cdae3b2d67a,,0,,1,,
cd79e31ea47e2c38745f09149db5c2f3,,0,,1,1,3
cdc0b4c4997064df702ae4b97a433d65,,0,,1,,
cdcc91518c065c8d7d6966907fb097b5,,0,,2,4,2
cdcf3c9cd3e33061bf395c6706ca060f,,0,,1,,
cdd51ddd12bc88458ab487e540bc1d86,,0,,136,15,5
cdd6bf7f7e9a39a2d72c365a9bc1f1c6,,0,,1,,
ce11e20c729dcbf16940aaba48a686c0,,0,,150,7,7
ce1b693beb69cb5384c85b89baa6e12e,,0,,152,8,3
ce1f9ad021e4301bab07b36a9f1f19f4,,0,,24,4,3
ce5163a20027ce13d33043ebe7dcb11a,,0,,58,2,7
ce7ed2634d8aed05fd789740cf16ab6f,,0,,208,5,2
ce7fb19860175860472c21b99d745b7f,,0,,133,9,9
ce8214091e5a33ce176d8c031ca8ab39,,0,,33,2,6
cee28109895c791ced1eb50de42f000a,,0,,142,6,5
cf2c0c1ad9a6adab8aebd835674aec7f,,0,,1,,
cf4b657a8b95d9653ac2c580ed2bc525,,0,,1,,
cfd295e9b42c6c7aada6f4ea10bfe9cd,,0,,253,10,3
d005a6e99066f42dc8d1ebfdca174fb7,,0,,19,3,4
d05f440922bb9ece843f1089fd255097,,0,,1,,
d0866ec72a567b2159cdc468a7dbdda9,,0,,35,3,1
d098c20466dc82df7c0e0524d726d1af,,0,,1,,
d0f651d1ccc6880b5aba43638f65ff2f,,0,,2,1,1
d119612610e84157d7db74f0593e6b27,,0,,19,2,2
d1376df9610818d2c58428ba625ae81b,,0,,1,,
d1788b93f6b28e989901796caa1b7505,,0,,1,,
d1e59265abc364bd95ee5f9d621cc02a,,0,,57,4,0
d1e96cd5004568bd8278ffeeadb2c164,,0,,1,1,8
d1ec432e6ffb60a4866b85c5ee7f2607,,0,,14,1,9
d222c2de088997065f5e82ef1686e77f,,0,,2,2,2
d2384e3f0076ebc3daee39d230183cc4,,0,,1,1,1
d23a12245f16028b657e0befd2b4e556,,0,,3,4,4
d23a9a79f3dd36c6fda48428b180aebe,,0,,36,4,8
d23ba30beb332df4cb1f4381bd857362,,0,,19,2,9
d250209834cd2b004690f8d2259ce858,,0,,1,,
d271e12bd039772089e12a770086bfad,,0,,1,1,2
d27d1e1164c8722af27db70012a222a8,,0,,67,4,5
d282e2543a5d9730efcf73b65082d8a0,,0,,1,1,4
d2bd4c0ee8aa7c0768158244790b1bd7,,0,,1451,35,7
d2eb3fa528fec9720c9f2c9397eb7e93,,0,,2,,
d2f325ffd9d2a0b292a8d7f39bc2d350,,0,,1,,
d31895ad7fbaf7340edc7c31c32330c8,,0,,2,1,1
d31a68c49b0284e2c9a59ab587d9eabc,,0,,1575,27,2
d337cd711fc8789768d5e0abd8f62e5f,,0,,21,3,6
d353120ac2ea71d81562ce49fbc0d7ac,,0,,16,3,0
d36bcd95abb24336f3675fa6ebae1a04,,0,,1,,
d38acc87c354612e4c6dc15d592a10ed,,0,,570,37,2
d3bc4213e947876762de882c3ce51a46,,0,,44,6,8
d3c06af24a1adf004261c55f9b411efa,,0,,1,,
d3d6cc77192d60b7bd91e56ec4f2d0de,,0,,99,4,4
d40c4762f19d5ea9d441fa8a81a51e35,,0,,1,,
d43e8be05e0eecfc7ba876bb3f1d1c73,,0,,2,1,8
d470b5c225324f317f322ec0e9010f45,,0,,237,8,4
d4ad5601597b770c4eec3c7bc3814469,,0,,846,23,5
d4e7d421fd6f47d3525983f4da2c7eaa,,0,,143,12,2
d4f10fbedf089b287e0ee52d05f2b3b9,,0,,2,1,3
d5056aebb77af347b7d7bb3d259025be,,0,,139,6,9
d507001605528eb5f81e5db5fbcd8ab0,,0,,62,20,3
d50805198ea254e9fe2f2b21375ea67c,,0,,51,8,1
d50cf8a71027ede9392a16aec07ff85c,,0,,1038,39,8
d51a2d32db696478ecf01cda2254d654,,0,,340,14,1
d53dada63e0475124cf36d6527c3ab80,,0,,101,20,1
d546a25cbcc504646717e5b5584115e7,,0,,808,23,4
d57c2df5169e46ea5d9e38c38024531b,,0,,235,9,2
d5936830799d4eba000c55a0fab3be10,,0,,108,9,1
d5aab9dffd7fbc526139339615dd943a,,0,,9,8,6
d5c9dd58f68c11dedb90f3514e1f8430,,0,,1,,
d5ee7059796a666572b7afc6ae6a7af4,,0,,632,11,6
d5f8018bfa8e03b6ea53b3d82a67387d,,0,,593,9,0
d638208e484c534c09d9a06d0b135863,,0,,112,6,9
d63a5c035d4c0ec192975308c41c40f9,,0,,391,6,9
d67b194a2141100fcb3e659c5004e0b7,,0,,1101,26,0
d6c10cce79ee388366ece4a8faa2c1ed,,0,,3,1,6
d6dc8773c21ab4fc81aa0dc24708c2e7,,0,,227,17,5
d6df3f470fc236744c3703b99525e313,,0,,5,,
d6ecd7da1d0670b7d44023f7e007b660,,0,,877,23,2
d6f1075d152d8a72874668f763f38468,,0,,1,,
d729f2f7ade71f461072c81c99f2c7b7,,0,,41,7,0
d78366a8efd336862120ea17f24ad10a,,0,,276,12,8
d7bb119f33cbb0b63cddae214ebd569a,,0,,116,4,7
d7e383bbb1b2d781bc049b9634f6d74c,,0,,696,23,8
d7e9919faca336dc24f1cbf8c1060238,,0,,396,8,7
d81b8222750f3d8a1ab8a22b94d8fd3b,,0,,10,2,7
d857e594414404c4e91ceb174cf59a8e,,0,,1,,
d85cfbf3df2549abc821f5563b20da32,,0,,392,6,1
d87d36062d06d8f0183c3b1bab538a8f,,0,,286,9,4
d881e1c14ea8e6b3a442c1554ce91507,,0,,1,1,2
d8a2b0b706c391b402a1b1d55a3c67ad,,0,,416,9,2
d8aa2a1798a3eebcfceaee5cd0651cc9,,0,,1022,12,0
d8e5ae38998266a03294a8010456585b,,0,,8,1,6
d95ab5ed87af28b3e24a78136cfcd669,,0,,21,3,5
d979f77b8dbc05df618ae9eb47636895,,0,,1,,
d9dbf03eaeea369ed36bec352ea77d78,,0,,16,1,7
d9ecba37eed3b88119da858a3ef1ca48,,0,,1121,26,4
d9f603dc99293d7d85ca822041b67ae5,,0,,12,2,7
da6136ddfbfb20788a552d6c3d5eb308,,0,,4,1,6
dab07b6f199ecf400a65a4081e24dee0,,0,,1446,30,8
dac2e4aa634925a293eb9d1356fd66df,,0,,535,13,9
dae558335667ee430def532c87132a87,,0,,1,1,4
dbbcbbefa7f1e5dea2459471c623d3d1,,0,,133,5,0
dbf15205f528efd8079e9100cef40c74,,0,,3,7,4
dc363c0e43ccc0528284d398500db865,,0,,27,3,1
dc53902ec47a5914254585cbdffc87f0,,0,,780,31,4
dc5794614132b5f409091178c74adb06,,0,,1,,
dc6aafc942fe69f265d7921ddf9e302e,,0,,1,,
dc6aeceab67bc3ae6bad5d24612c8249,,0,,95,10,8
dc74062c2a24fc6dcef6aae1b5b19637,,0,,591,6,2
dc7c856c31ccf58ae861f562c6980f74,,0,,597,18,5
dc831cc1dce493db64b84e952bf30707,,0,,711,26,5
dc8389f693236782cf896040ad706ed1,,0,,355,13,9
dc940fdc1e4d96df4fc1c7e43532ed83,,0,,1,,
dcdb5c3918eb2c70b859390591cab3aa,,0,,170,7,1
dce766fac664f7f828b90cf067a9b92a,,0,,1,,
dd1b61c51e24db18711cb11234ea9345,,0,,1,,
ddb5be878ed83e1fd59162a5223455ca,,0,,121,4,8
dddd859496107c0bb192128be9cdd045,,0,,60,4,0
de280b4ba7330eb3522a8c368c5394cf,,0,,4,2,0
de28ad51ff3444f41ac8ad9fb5634391,,0,,628,15,0
de2fcc46c68028949a1b3f9993c08415,,0,,1,2,4
de3980b9f4bb84af7d92efa570167e98,,0,,91,10,2
de653be7a85487f16b0c51b76034e5f5,,0,,1,1,2
de883b1c24df5d7f69f434adda5a777e,,0,,1,,
defc2fc0270b1c47929f28ddc1677fb7,,0,,2,1,4
df0d008055fa6db8c7999a7898dfd014,,0,,126,5,4
df13776e8ff6f8d0d95a8275c8b496f3,,0,,1,,
dfb423ad2d10222497675558678c0872,,0,,170,9,7
dfbc7b8d4d570a3e8a315bc2ba3ec796,,0,,205,7,2
dfc1292a42e0778d49bd72138d64bd2f,,0,,17,2,9
e00a3ef14a9a7a8f6c649ccf881db7d7,,0,,1,,
e0467d3691833ad97e87271aa7af4f78,,0,,681,26,0
e075d04997fdc1348fede45af40417f2,,0,,163,12,1
e076e7d8aba73822dbf5e3d288852355,,0,,78,8,2
e0ff85949cdfbe0f1ba102974191b162,,0,,18,11,3
e1106cd8bc8719ec91c1cb2d02a11c0c,,0,,1,,
e1259201a536438b7487ea10c104f113,,0,,119,7,6
e16e99110e140b4edc6c0180fb2fa370,,0,,398,9,6
e17ac26dc7ea4d6a31d1c7942daaa609,,0,,61,5,6
e189d6a474a885187ecbc9a89198b0cc,,0,,1,,
e1a0b7c1d29113edd1bc8e7f8b7d8826,,0,,52,5,4
e1a59c41cb9afa327845a91970c8c243,,0,,1,,
e1b65e663a4e75977cdf75ca41da6eb9,,0,,1,,
e2a84cbe9cc67110c70788f487555b48,,0,,1,,
e2d37aad0bb5a5694dc4f05582903fb4,,0,,1,1,2
e2f1f6ed3a50ea386e1456006b29e959,,0,,214,3,1
e2f9c0a810bf77d2c4e2e400f51b0cd7,,0,,2,1,4
e3004a34e900606aa8c15854ab26053a,,0,,2,1,2
e34c94843e68deeed5f7a3bae037fd28,,0,,253,7,8
e39ff5791a6b7998553dcef5c3e1e5ca,,0,,7,1,6
e3a287d69927640a0b6ab2624e321fc7,,0,,9,2,5
e3d90bfeeda39811f1a3f1f862889a17,,0,,112,4,6
e4081303999a6e33ac7b0476b59fee0f,,0,,375,10,0
e43cc1d900f7b80a0a9beefb7d314bd1,,0,,298,13,0
e4489ee6f46406660e0e11c85437e8c2,,0,,134,11,7
e4a0bc9d69c49c91d09c687c2d6562d6,,0,,537,25,8
e4fe86f9972c66396320f4c08dbd430b,,0,,125,6,1
e507f4ccd9ff7a7ff2ccef9a5efdcd43,,0,,439,29,8
e52c2e7b0531afbdb07cfe3d8dd65d3f,,0,,4,1,7
e56e15da6e6b9f83a32407512ae1eb8a,,0,,1,1,1
e57828b6889704c2ebb1faf9e3b67c34,,0,,2430,31,0
e5cf999dc791fec7cf8a7c7a2bdf785b,,0,,23,2,9
e5d148702e5cbc9d03d38cfc9c391a14,,0,,170,10,3
e5e2f4159a4aa33130ec6c0fb35cf501,,0,,1,,
e60b5ed4e705526eafbc967af5246ba4,,0,,18,1,7
e625edf118e1c7216efd6e0ab36f5786,,0,,10,25,0
e628b0848e4840c0e84de593b8d3cf5f,,0,,1,,
e66a4825a069e1b512db4a817551a9c7,,0,,1,1,5
e6b1cf4106fec40e5b360499779eee41,,0,,4,18,7
e6d5b63fe0b8c0a73f7f964af50b468b,,0,,1,1,1
e6d6401128eb175c2ad0eca26ea4087c,,0,,27,3,1
e6d95b921219cb62dfd68eeb9f07fb42,,0,,195,8,1
e6e5b6af01b592a20f9379aaf5ec8d74,,0,,19,3,7
e6e940fcdbb2fb693822292db0f194b0,,0,,1,1,1
e710f14e497796aacce487e2bd67e530,,0,,94,23,5
e751fc9bc8f7575e9c6c24c0ec231887,,0,,1,,
e760c893642c37002ca946722f725780,,0,,783,13,5
e77e73135da46403cde412ec0310a560,,0,,2,1,1
e799c7131f7c60f4fefca30d8ab871bd,,0,,95,3,4
e7aa7bba1d441098cb670bd3328e4ec1,,0,,2,1,3
e7aed8c7a3f4f2eb5d4bc4f755893deb,,0,,7,1,7
e824bdc8ebaec4274d3ca6c973b5f480,,0,,26,2,4
e85ac2c57819d5ebc2a5368e2cc1c588,,0,,661,11,8
e86cfeb1fe7e9c084162f43156952a40,,0,,1,1,1
e88f4ca75cd683563bc40d39f5d073bd,,0,,92,6,3
e8ab09442ee36a672c391531c4da73dc,,0,,1,,
e8d133cc1265061e0f4a8784c4153d52,,0,,54,4,6
e8e17e1404532bc64797591b57c9710e,,0,,40,34,0
e9602e41620c7923f6222c7f5edbbbb9,,0,,73,4,9
e97079abf1b96166ea518c5747eba216,,0,,1,1,1
e98877a2cf6c0a97adb660c11ef64ac2,,0,,79,11,0
e9ab188c53932a7c22597aa974e41fd8,,0,,50,7,0
e9ecdc4df0ba1f4be3e9facfea39cf3f,,0,,1,1,1
e9fab3d84ee37b8746dfd1b42e863282,,0,,1,,
ea1bdffa5ebfc1d7aaba7e91551cf224,,0,,20,3,4
ea46baea95b4b833f932aa207e595c70,,0,,1,1,7
ea6263d75ed277cb052a992d977fce3f,,0,,1,1,3
ea6b00e2ed4c506003763e8af3142314,,0,,97,4,1
ea9ad157b0e5189048ec0cdbfcc90712,,0,,719,18,1
eaa3724f001e566b3c3949edb42d9d9f,,0,,1,1,2
eabdb24fd915c01162472e7168b76299,,0,,2,,
eb2014eb48c58c4143085160b931742f,,0,,216,9,1
eb3814cd11077562b840ddce89c74e10,,0,,1,,
eb51f35f34b9c0a4236e661cc4174d0e,,0,,5,1,9
eb573b2069201cf00d1453d05597143b,,0,,95,6,5
eba96f48138cc7e6ead0d376c3fcb01d,,0,,1,1,1
ebb468b0c683268300298899f69e49fb,,0,,1,,
ebc89ed5200dc0a2e6b5c822ce2d6f3f,,0,,1,,
ebdb6f1731f1e93506263a53cc2760b6,,0,,112,3,2
ec302ee23c1d3c6cc046ed23546dd0ab,,0,,400,6,4
ec63f2d03ff2ea27b8b3f872406d6d46,,0,,1,1,1
ec951eff7c8196aee9aca947d46ec3a9,,0,,1,1,4
ecb780b22aa38f797b759b5c3f3d7589,,0,,739,20,9
ecbb893e0671a208a796589751c26e5e,,0,,3,1,3
ecd1008d48a7f774644eb9022729e362,,0,,29,2,5
ed66ae565c0d9dff73f95ee5ea52e8ce,,0,,1,,
ed74956eadd98dcbf6ccd7caefae3438,,0,,82,5,3
ed83b7ddadfd72f9a80beee0ed2de6ca,,0,,5,,
ed8e1f24c399a03bb50be235d38fdd80,,0,,852,12,2
edc3b75a3605df0345b818f73b3ee2e5,,0,,91,10,7
edd8a675413ccaedcd0eb88cec40a6c5,,0,,11,2,8
ee0aeeb839b8148bed349eab178e8fc8,,0,,268,2,6
ee146bbca1dcb68db743e47a5c585f8e,,0,,5,2,1
ee14ba94b8deb2c2bfb1cf0754f0a0e7,,0,,1,1,1
ee25553226f2b85b6fdb47d813ae9714,,0,,134,6,6
ee4ed7499ddbb5e3e8fc30b011b1537a,,0,,9,2,3
ee79c71ed13b89dbf0936f46b97e6c79,,0,,1,7,1
ee92ea774f6d1a28d2b70e10fd08e793,,0,,1,,
ee9fd0a71d3746356bc5ff18311a4d6a,,0,,1,1,1
eebacacc29f477ca5a2618b321e12244,,0,,1,1,1
eed875fa785f5788b204db6b48237b9b,,0,,192,7,6
ef24e29b06c4ee1fe935f7991459b980,,0,,99,29,2
ef27ca1d80695836c0c6f113a601021a,,0,,1,1,1
ef3bfc671c51368650e64c111cd9021c,,0,,68,3,1
ef40646414c653b5ca872d9a5cebc602,,0,,426,10,5
ef5969f14dc98ff8ff8c26bbb1dd2420,,0,,1,1,1
ef846f8adeae0522fbde5983c9c3e8df,,0,,4,1,5
ef84ae016b9d3e430c739d50d23b6172,,0,,101,6,1
efb4d786cc1cc02c067a926879e0edfa,,0,,98,27,9
efd769c1b67463c817357dc3806f6219,,0,,78,7,6
efe71039f91e8e3abb6e3024af9a23d7,,0,,1,,
efea62313a051c1de087a9931a00e843,,0,,1,,
f0119a1058bf8a5a92c24fca77a6aa89,,0,,1,,
f039270e4b074c7ffbfded0e29d67e63,,0,,1750,32,6
f043f8a9aa0471bd448b50505563c6a3,,0,,276,7,6
f092c0c1f4ff585acfdb451d18892b10,,0,,7,2,5
f0a8f54459bf536b04e45dd63fab7ca7,,0,,129,5,7
f0fff089ffb7955f2cdf32d64e65909b,,0,,1,,
f1001c2763fdcb92b1a6c320877fb6d8,,0,,1,,
f13cc9ca2a71e0667c950059dadb0523,,0,,216,7,2
f15b06436bd30d469e1c536e0f0a3df7,,0,,9,1,8
f1837e1589951f482526a8547617ff95,,0,,568,9,9
f1cf6300145aced83c1d86cdcddbeedf,,0,,7,2,2
f1f3e95bc23709558337b5535564e01c,,0,,1,,
f1fde7cc8e52be33b455e80d9027e438,,0,,238,6,3
f20016562260d5d5508f01bda98555b5,,0,,1,,
f20945fa37cbae7a09ada1f87a976ebb,,0,,1,1,3
f20f25d48fe518a49791a4456e52fd90,,0,,1,1,3
f2339cda4ef88309ee7a50a061c36f9d,,0,,319,7,0
f279974e47dcfba556b53efa8b697534,,0,,753,27,8
f27a2770b77410fde6e9c50cdebc9424,,0,,1,,
f2858aaa383ff51d6cf786b6a43e50bd,,0,,37,15,4
f2c15d16ae736dc81656ee99e5038129,,0,,458,15,3
f2f7da275537134d1c19d09b0062ed3d,,0,,2,1,2
f3148de79092779fb4b4b1ad005abb35,,0,,56,6,0
f37b2614507f8925901dc0fd35c2ace2,,0,,1,,
f39bbe62c7296e3b82b228f53fa592ed,,0,,7,1,7
f3a5cad83c386729d00e64f8c1928b13,,0,,3,1,6
f3e9df0efd600cc0614a9aa6d72e86fe,,0,,1,,
f3f5e7093f873c5cd968d82ca4439f6d,,0,,28,3,3
f4190c6bd811404092b5b39c70ebed11,,0,,166,5,4
f43190577411ee7816331bbaca3940de,,0,,2,1,6
f43b16f7a213938fc8d17f15fc873621,,0,,150,12,5
f46233006a3c14e0d25e7e3a3998a3c3,,0,,900,9,9
f4808ba919c570c037397cfc02b836b5,,0,,12,2,0
f4ce055112007f954210f5b50a22196f,,0,,22,10,2
f4d2a4bb1e3fbbc656eed65a2ea5b495,,0,,1,1,1
f5060cbf8ad9c9dde14d27117d618c79,,0,,2,1,1
f511cd5054974556dfe41ef3808f7dad,,0,,337,17,5
f5185e9d47d2474a4f91cb37c1c62c6d,,0,,150,10,1
f52ace3700df9eedbec0c444a3a07d6f,,0,,1,,
f536dd2d71c0015f4e2155ccd4dc8366,,0,,155,5,7
f569e4704c82e33faf317ec4d97d7dc2,,0,,2,1,1
f586f44d331fd2122d790775d53b754d,,0,,3,1,7
f5ad87dbe0ec0f2a42ff4a7714d3fc86,,0,,99,6,1
f62799480c1ed9d0200e83f31b111237,,0,,167,4,1
f68eeccfafa4546a464a33c787c68b3c,,0,,200,10,6
f6a7f85b05da81ad8e92c468916db2e0,,0,,587,14,9
f6b101bdfc00dd9db6f9c8b4e7882d40,,0,,78,2,8
f6ca067b47ba1a984a046934643eb4dc,,0,,176,5,9
f73457e460267dde40f4ad0f44f7980f,,0,,94,7,2
f74e4c912abf493a6ddd4899d7ad3e4a,,0,,1,,
f7691ce3b4d17a5fa8f0268f1a17f57f,,0,,96,15,5
f7837cace5867fc632dcce172b5853d4,,0,,1006,20,0
f79feb64493cb2b8b24a68dfd631b675,,0,,2,,
f7c127db5b4d8ccce3aecf6fd02c725f,,0,,227,15,2
f7d5164fcfc84fa611f718f982a63fdb,,0,,127,26,6
f7f19ba69936c92c29f874270a8bff3b,,0,,136,5,1
f810b853b2ab2246763ea4e5f3630695,,0,,6,1,7
f82b3d4b4012689b7fd03bb7357e9266,,0,,13,2,0
f83870b9f4c454aa7e850692d12f789e,,0,,21,11,4
f83e82f2fd9b67c329e52e3a728b2ad0,,0,,346,26,0
f8536180ae4091e13329d6c55c14c42e,,0,,46,4,5
f85432eb0bb6604d364e394bc45f8b45,,0,,73,3,1
f8724e74edc6c75c5adb5431685aa824,,0,,14,1,2
f90710092237464239d4113a9fbae271,,0,,306,8,9
f918903a938144f6f74c7915955a802f,,0,,39,4,3
f91d00a2d4d67f40755b7db8bada93fa,,0,,3,3,4
f94d4d19b64a3cc8b869c6dfd2f948a2,,0,,305,13,3
f958047a95eff48e44ece3afc5cd21c1,,0,,3,2,0
f95c0178ba226c557214dcf3a2b04f7c,,0,,1,,
f96521df3b9fb1c61e744df164539010,,0,,1,1,1
f976516bfac880054cabeaa378aa7d03,,0,,413,10,1
f99b79e22528bdb21b4f1d63893af667,,0,,1111,25,5
f9a64e4be5ba2475e2f9c83a4de25faf,,0,,1499,29,7
f9e13b6593bf8532645634e57e9f56b7,,0,,137,6,0
fa46117944a2f960c8db7421cbd24d30,,0,,40,2,6
fa4fd67beff8c2711d36900cc218ee9b,,0,,20,3,6
fa860ef8d4d8013bbfc321d0d25d0c56,,0,,40,12,2
fa8d5b501c48103fad9f2b61278ae78b,,0,,2,,
fab46b009721dd2c20810574ab94ffcc,,0,,1,,
faf53be3bd645b819b2e69476f8ff192,,0,,12,4,0
fb277088bb3cf8b44e619734572764f8,,0,,1,1,1
fb55dc8edb6a2a1ac5c7e084f8d13b15,,0,,58,3,9
fb5fb55f9200f51bcf55d0a39d753d5c,,0,,58,3,2
fb899b3ae63b5d135ef942203b70416d,,0,,1,,
fb8d5653c2e90037d3628cd731b111aa,,0,,6,1,8
fbb441adc6d940b8823d6bbc942241f3,,0,,2,1,2
fbc2157a8b0e0123c469104d94c752c3,,0,,9,2,0
fbc675bddcd36525e49bde04f1e21338,,0,,1,,
fbcbb020aff9826e11893055f039d89b,,0,,97,3,2
fbd4b408ed1ade40b7d39b2882aaa539,,0,,16,2,6
fbf1a112e472f5029920f7fd209526bc,,0,,3,1,1
fc02b05f6e3b897f39c6804005850717,,0,,1,1,1
fc5151d17768688881061e051d0314eb,,0,,16,2,3
fc55e31b536a0fc43cee8b696bf474cf,,0,,25,5,4
fc7512de06a533390160f74ec5c8a9c8,,0,,161,4,8
fc79165f4564485fcd046184df7f90c3,,0,,2,1,1
fca8f0ac7838fd21e23817e329f77632,,0,,12,3,4
fcc3ed5862babab82a0b01a19aa27e3d,,0,,34,3,0
fcc61e50206f33e508c81361f742ae98,,0,,280,7,7
fcee6731872442f03ea68fc1c67f7eb2,,0,,1,1,2
fd33d77aca670804a772780cbb25192a,,0,,1,,
fdaff7876bb24aadda0e3bb63f117991,,0,,26,4,1
fdefb349a72c51a491c35d74ad29c146,,0,,1,,
fdf0b4366ca56f9d368791365b24e822,,0,,760,32,1
fe0178cc1f1f121ce09289551cc133cb,,0,,1,,
fe2040c9f771a371b933f993de6a2479,,0,,970,31,7
fe415abe2f48758a1c9c907a57aa2ce0,,0,,25,3,8
fe5930b69638c85510a96f9bdf171afd,,0,,1,,
fe7f48d420e33588f5701eb29b836732,,0,,8,2,0
fe895fbed1d395ad5816ccaf9c9fbef3,,0,,20,17,0
fe8b228b9b130e7006ec549ae92bc2ec,,0,,58,6,2
fe99d22e42d5f84bee9035bcb59d990c,,0,,760,18,7
fe9da51e2230ed806d66387ad8e5c063,,0,,108,5,4
febbeaa037054b333c646e110ca0d48a,,0,,1,1,1
ff1779c1e9b8f89780b2b36ce63924a5,,0,,1,1,3
ff7fd406f5ebc64d6cf84e90900e8fcb,,0,,1,1,1
ffbe69ff233e735708a0f6ac64c46371,,0,,55,3,9
ffe8a780743a90d75f8243906c4bc8f2,,0,,1,1,5
05e16fdd20ac19c67200bbdcc4914ca6,,0,,7,2,0
06c56b163471c827e5654620f46b2d33,,0,,554,20,6
096a1d7f41939fff55db952a59123f0d,,0,,75,3,3
0d686eff9889cf9afc20614e2e24ba60,,0,,11,5,3
0f4f2ea6304f20185460de71d3f10ced,,0,,199,7,2
1254b44422dc21d7bcaa66d8850cc004,,0,,379,13,1
1649c32138c19e3b4cbafaa01f027f79,,0,,79,6,5
19414dfd3dba543d3f1385ccde51a7b2,,0,,9,1,6
382c4ef85e9832f677f751bc8f02ba6a,,0,,1319,26,3
428ff613f1cc8c492aed87e7f8ca9bb6,,0,,16,1,8
452bc84d836817cd1530047ee5574dc4,,0,,126,10,8
463ed8dccaac7f88d5ea77ef5069a495,,0,,15,3,1
5847F717B8664533B0A2E81E1E50789A,,0,,18,2,6
5feded48b4bf37dda1b1915542c17703,,0,,8,4,9
68868fef03ecf1439912bff7b26431ce,,0,,6,1,7
6AF7379DBDF149B3A8BC910DD7F1425E,,0,,149,6,2
6b2b8a223b811b744bd549ad2d2d2abb,,0,,805,11,3
8711e8e79b342382906ce2ae7c218de6,,0,,5,1,2
904988abd4da09fce4b9f003e5f332e9,,0,,11,2,0
9ed9c5aea4ce626a3249b85c549a4fee,,0,,1,,
b323694cb6651cdc8a049b92897340f0,,0,,1395,35,1
bcd5f1dea17c05274b5acad968593154,,0,,1,,
c0b6fca805441c04bc66ae16024fe857,,0,,12,8,8
c7169580c225e847fc76b5c3807166d9,,0,,197,16,7
d68593479192d1da6c467c5850c3e894,,0,,6,1,6
de3288d3a3b1126d3fb31191a9e4055a,,0,,11,2,0
e386b10e2fcfb25c3d685776aa178e98,,0,,1,,
075a0f2f9ab4d47da7c0a83d6660f933,,0,,319,6,7
c31c5908e8ca19e66ca7e6ba14f67045,,0,,2,2,0
f8aa8d01336aa6fa0e94c1fb88bc3c7e,,0,,85,4,3
